Time (us),fs,dt,Sensor 1 - X,Sensor 2 - X,Sensor 3 - X,Sensor 4 - X,Sensor 1 - Y,Sensor 2 - Y,Sensor 3 - Y,Sensor 4 - Y
0.0,927,1079.0,0.2576096001489994,0.2576096001489994,0.4549276001489994,1.2441996001489994,,,,
0.001079,927,1079.0,0.2576096001489994,0.2576096001489994,0.3562686001489994,1.1455406001489994,,,,
0.002158,927,1079.0,0.2576096001489994,0.1589506001489994,0.2576096001489994,1.0468816001489993,,,,
0.003237,927,1079.0,0.2576096001489994,0.1589506001489994,0.1589506001489994,0.9482226001489994,,,,
0.004316,927,1079.0,0.2576096001489994,0.1589506001489994,0.2576096001489994,0.8495636001489993,,,,
0.005395,927,1079.0,0.1589506001489994,0.1589506001489994,0.1589506001489994,0.8495636001489993,,,,
0.006474,927,1079.0,0.1589506001489994,0.060291600148999404,0.1589506001489994,0.6522456001489993,,,,
0.007553,927,1079.0,0.060291600148999404,0.060291600148999404,0.1589506001489994,0.6522456001489993,,,,
0.008632,927,1079.0,0.060291600148999404,0.060291600148999404,0.1589506001489994,0.6522456001489993,,,,
0.009711,927,1079.0,0.1589506001489994,0.060291600148999404,0.1589506001489994,0.7509046001489994,,,,
0.01079,927,1079.0,0.1589506001489994,0.1589506001489994,0.2576096001489994,0.8495636001489993,,,,
0.011869,927,1079.0,0.1589506001489994,0.1589506001489994,0.3562686001489994,0.9482226001489994,,,,
0.012948,927,1079.0,0.2576096001489994,0.2576096001489994,0.3562686001489994,1.0468816001489993,,,,
0.014027,927,1079.0,0.2576096001489994,0.1589506001489994,0.3562686001489994,1.0468816001489993,,,,
0.015106,927,1079.0,0.2576096001489994,0.2576096001489994,0.3562686001489994,1.1455406001489994,,,,
0.016185,927,1079.0,0.2576096001489994,0.3562686001489994,0.4549276001489994,1.3428586001489993,,,,
0.017264,927,1079.0,0.2576096001489994,0.3562686001489994,0.5535866001489994,1.4415176001489993,,,,
0.018343,927,1079.0,0.3562686001489994,0.3562686001489994,0.5535866001489994,1.3428586001489993,,,,
0.019422,927,1079.0,0.3562686001489994,0.3562686001489994,0.5535866001489994,1.2441996001489994,,,,
0.020501,927,1079.0,0.2576096001489994,0.2576096001489994,0.4549276001489994,1.2441996001489994,,,,
0.02158,927,1079.0,0.2576096001489994,0.2576096001489994,0.3562686001489994,1.0468816001489993,,,,
0.022659,927,1079.0,0.2576096001489994,0.1589506001489994,0.2576096001489994,1.0468816001489993,,,,
0.023738,927,1079.0,0.1589506001489994,0.1589506001489994,0.2576096001489994,0.9482226001489994,,,,
0.024817,927,1079.0,0.1589506001489994,0.1589506001489994,0.2576096001489994,0.9482226001489994,,,,
0.025896,927,1079.0,0.1589506001489994,0.060291600148999404,0.2576096001489994,0.8495636001489993,,,,
0.026975,927,1079.0,0.1589506001489994,0.060291600148999404,0.1589506001489994,0.7509046001489994,,,,
0.028054,927,1079.0,0.1589506001489994,0.060291600148999404,0.1589506001489994,0.7509046001489994,,,,
0.029133,927,1079.0,0.1589506001489994,0.1589506001489994,0.2576096001489994,0.8495636001489993,,,,
0.030212,927,1079.0,0.1589506001489994,0.1589506001489994,0.2576096001489994,0.9482226001489994,,,,
0.031291,927,1079.0,0.1589506001489994,0.2576096001489994,0.3562686001489994,1.0468816001489993,,,,
0.03237,927,1079.0,0.2576096001489994,0.2576096001489994,0.3562686001489994,1.1455406001489994,,,,
0.033449,927,1079.0,0.2576096001489994,0.2576096001489994,0.4549276001489994,1.2441996001489994,,,,
0.034528,927,1079.0,0.3562686001489994,0.2576096001489994,0.4549276001489994,1.2441996001489994,,,,
0.035607,927,1079.0,0.3562686001489994,0.3562686001489994,0.5535866001489994,1.3428586001489993,,,,
0.036686,927,1079.0,0.3562686001489994,0.3562686001489994,0.5535866001489994,1.4415176001489993,,,,
0.037765,927,1079.0,0.3562686001489994,0.3562686001489994,0.6522456001489993,1.5401766001489994,,,,
0.038844,927,1079.0,0.3562686001489994,0.3562686001489994,0.5535866001489994,1.4415176001489993,,,,
0.039923,927,1079.0,0.3562686001489994,0.3562686001489994,0.5535866001489994,1.3428586001489993,,,,
0.041002,927,1079.0,0.2576096001489994,0.3562686001489994,0.4549276001489994,1.2441996001489994,,,,
0.042081,927,1079.0,0.2576096001489994,0.2576096001489994,0.4549276001489994,1.1455406001489994,,,,
0.04316,927,1079.0,0.2576096001489994,0.2576096001489994,0.3562686001489994,1.1455406001489994,,,,
0.044239,927,1079.0,0.1589506001489994,0.2576096001489994,0.3562686001489994,1.0468816001489993,,,,
0.045318,927,1079.0,0.1589506001489994,0.1589506001489994,0.3562686001489994,0.9482226001489994,,,,
0.046397,927,1079.0,0.1589506001489994,0.1589506001489994,0.2576096001489994,0.8495636001489993,,,,
0.047476,927,1079.0,0.1589506001489994,0.060291600148999404,0.2576096001489994,0.8495636001489993,,,,
0.048555,927,1079.0,0.1589506001489994,0.1589506001489994,0.2576096001489994,0.9482226001489994,,,,
0.049634,927,1079.0,0.1589506001489994,0.1589506001489994,0.3562686001489994,1.0468816001489993,,,,
0.050713,927,1079.0,0.1589506001489994,0.2576096001489994,0.4549276001489994,1.1455406001489994,,,,
0.051792,927,1079.0,0.2576096001489994,0.2576096001489994,0.4549276001489994,1.2441996001489994,,,,
0.052871,927,1079.0,0.2576096001489994,0.2576096001489994,0.5535866001489994,1.2441996001489994,,,,
0.05395,927,1079.0,0.2576096001489994,0.2576096001489994,0.5535866001489994,1.3428586001489993,,,,
0.055029,927,1079.0,0.2576096001489994,0.3562686001489994,0.5535866001489994,1.4415176001489993,,,,
0.056108,927,1079.0,0.2576096001489994,0.3562686001489994,0.6522456001489993,1.5401766001489994,,,,
0.057187,927,1079.0,0.3562686001489994,0.4549276001489994,0.6522456001489993,1.5401766001489994,,,,
0.058266,927,1079.0,0.3562686001489994,0.3562686001489994,0.6522456001489993,1.5401766001489994,,,,
0.059345,927,1079.0,0.2576096001489994,0.3562686001489994,0.5535866001489994,1.4415176001489993,,,,
0.060424,927,1079.0,0.2576096001489994,0.2576096001489994,0.5535866001489994,1.3428586001489993,,,,
0.061503,927,1079.0,0.2576096001489994,0.3562686001489994,0.4549276001489994,1.2441996001489994,,,,
0.062582,927,1079.0,0.2576096001489994,0.2576096001489994,0.4549276001489994,1.2441996001489994,,,,
0.063661,927,1079.0,0.2576096001489994,0.2576096001489994,0.4549276001489994,1.1455406001489994,,,,
0.06474,927,1079.0,0.1589506001489994,0.2576096001489994,0.3562686001489994,1.0468816001489993,,,,
0.065819,927,1079.0,0.060291600148999404,0.1589506001489994,0.3562686001489994,0.9482226001489994,,,,
0.066898,927,1079.0,0.060291600148999404,0.1589506001489994,0.2576096001489994,0.9482226001489994,,,,
0.067977,927,1079.0,0.1589506001489994,0.1589506001489994,0.3562686001489994,1.0468816001489993,,,,
0.069056,927,1079.0,0.1589506001489994,0.1589506001489994,0.3562686001489994,1.1455406001489994,,,,
0.070135,927,1079.0,0.1589506001489994,0.2576096001489994,0.4549276001489994,1.2441996001489994,,,,
0.071214,927,1079.0,0.2576096001489994,0.2576096001489994,0.4549276001489994,1.3428586001489993,,,,
0.072293,927,1079.0,0.2576096001489994,0.2576096001489994,0.5535866001489994,1.3428586001489993,,,,
0.073372,927,1079.0,0.2576096001489994,0.2576096001489994,0.5535866001489994,1.3428586001489993,,,,
0.074451,927,1079.0,0.3562686001489994,0.2576096001489994,0.5535866001489994,1.4415176001489993,,,,
0.07553,927,1079.0,0.3562686001489994,0.3562686001489994,0.6522456001489993,1.6388356001489994,,,,
0.076609,927,1079.0,0.3562686001489994,0.4549276001489994,0.7509046001489994,1.6388356001489994,,,,
0.077688,927,1079.0,0.3562686001489994,0.4549276001489994,0.6522456001489993,1.5401766001489994,,,,
0.078767,927,1079.0,0.3562686001489994,0.3562686001489994,0.6522456001489993,1.5401766001489994,,,,
0.079846,927,1079.0,0.2576096001489994,0.3562686001489994,0.5535866001489994,1.4415176001489993,,,,
0.080925,927,1079.0,0.2576096001489994,0.3562686001489994,0.5535866001489994,1.2441996001489994,,,,
0.082004,927,1079.0,0.2576096001489994,0.2576096001489994,0.4549276001489994,1.2441996001489994,,,,
0.083083,927,1079.0,0.2576096001489994,0.2576096001489994,0.4549276001489994,1.2441996001489994,,,,
0.084162,927,1079.0,0.1589506001489994,0.1589506001489994,0.3562686001489994,1.1455406001489994,,,,
0.085241,927,1079.0,0.1589506001489994,0.1589506001489994,0.2576096001489994,0.9482226001489994,,,,
0.08632,927,1079.0,0.060291600148999404,0.1589506001489994,0.2576096001489994,0.9482226001489994,,,,
0.087399,927,1079.0,0.1589506001489994,0.1589506001489994,0.2576096001489994,0.9482226001489994,,,,
0.088478,927,1079.0,0.1589506001489994,0.1589506001489994,0.3562686001489994,1.0468816001489993,,,,
0.089557,927,1079.0,0.1589506001489994,0.2576096001489994,0.4549276001489994,1.1455406001489994,,,,
0.090636,927,1079.0,0.2576096001489994,0.2576096001489994,0.4549276001489994,1.2441996001489994,,,,
0.091715,927,1079.0,0.2576096001489994,0.2576096001489994,0.5535866001489994,1.3428586001489993,,,,
0.092794,927,1079.0,0.2576096001489994,0.3562686001489994,0.5535866001489994,1.3428586001489993,,,,
0.093873,927,1079.0,0.3562686001489994,0.2576096001489994,0.5535866001489994,1.4415176001489993,,,,
0.094952,927,1079.0,0.3562686001489994,0.3562686001489994,0.6522456001489993,1.5401766001489994,,,,
0.096031,927,1079.0,0.3562686001489994,0.4549276001489994,0.7509046001489994,1.6388356001489994,,,,
0.09711,927,1079.0,0.3562686001489994,0.4549276001489994,0.6522456001489993,1.5401766001489994,,,,
0.098189,927,1079.0,0.2576096001489994,0.3562686001489994,0.6522456001489993,1.4415176001489993,,,,
0.099268,927,1079.0,0.3562686001489994,0.2576096001489994,0.5535866001489994,1.3428586001489993,,,,
0.100347,927,1079.0,0.2576096001489994,0.2576096001489994,0.4549276001489994,1.2441996001489994,,,,
0.101426,927,1079.0,0.2576096001489994,0.2576096001489994,0.4549276001489994,1.1455406001489994,,,,
0.102505,927,1079.0,0.2576096001489994,0.2576096001489994,0.4549276001489994,1.0468816001489993,,,,
0.103584,927,1079.0,0.1589506001489994,0.1589506001489994,0.3562686001489994,0.9482226001489994,,,,
0.104663,927,1079.0,0.1589506001489994,0.1589506001489994,0.2576096001489994,0.9482226001489994,,,,
0.105742,927,1079.0,0.060291600148999404,0.1589506001489994,0.2576096001489994,0.8495636001489993,,,,
0.106821,927,1079.0,0.1589506001489994,0.1589506001489994,0.2576096001489994,0.8495636001489993,,,,
0.1079,927,1079.0,0.1589506001489994,0.1589506001489994,0.2576096001489994,0.9482226001489994,,,,
0.108979,927,1079.0,0.1589506001489994,0.2576096001489994,0.2576096001489994,1.0468816001489993,,,,
0.110058,927,1079.0,0.2576096001489994,0.2576096001489994,0.3562686001489994,1.1455406001489994,,,,
0.111137,927,1079.0,0.1589506001489994,0.2576096001489994,0.4549276001489994,1.1455406001489994,,,,
0.112216,927,1079.0,0.2576096001489994,0.2576096001489994,0.4549276001489994,1.2441996001489994,,,,
0.113295,927,1079.0,0.2576096001489994,0.2576096001489994,0.4549276001489994,1.2441996001489994,,,,
0.114374,927,1079.0,0.3562686001489994,0.3562686001489994,0.5535866001489994,1.4415176001489993,,,,
0.115453,927,1079.0,0.3562686001489994,0.3562686001489994,0.6522456001489993,1.4415176001489993,,,,
0.116532,927,1079.0,0.3562686001489994,0.3562686001489994,0.6522456001489993,1.4415176001489993,,,,
0.117611,927,1079.0,0.3562686001489994,0.3562686001489994,0.5535866001489994,1.3428586001489993,,,,
0.11869,927,1079.0,0.3562686001489994,0.2576096001489994,0.4549276001489994,1.2441996001489994,,,,
0.119769,927,1079.0,0.2576096001489994,0.2576096001489994,0.4549276001489994,1.1455406001489994,,,,
0.120848,927,1079.0,0.2576096001489994,0.2576096001489994,0.2576096001489994,1.0468816001489993,,,,
0.121927,927,1079.0,0.2576096001489994,0.1589506001489994,0.3562686001489994,1.0468816001489993,,,,
0.123006,927,1079.0,0.1589506001489994,0.1589506001489994,0.2576096001489994,0.8495636001489993,,,,
0.124085,927,1079.0,0.1589506001489994,0.060291600148999404,0.2576096001489994,0.7509046001489994,,,,
0.125164,927,1079.0,0.060291600148999404,0.060291600148999404,0.1589506001489994,0.6522456001489993,,,,
0.126243,927,1079.0,0.060291600148999404,0.060291600148999404,0.1589506001489994,0.7509046001489994,,,,
0.127322,927,1079.0,0.060291600148999404,0.060291600148999404,0.1589506001489994,0.7509046001489994,,,,
0.128401,927,1079.0,0.1589506001489994,0.1589506001489994,0.2576096001489994,0.9482226001489994,,,,
0.12948,927,1079.0,0.1589506001489994,0.1589506001489994,0.3562686001489994,0.9482226001489994,,,,
0.130559,927,1079.0,0.2576096001489994,0.1589506001489994,0.4549276001489994,1.0468816001489993,,,,
0.131638,927,1079.0,0.2576096001489994,0.2576096001489994,0.3562686001489994,1.1455406001489994,,,,
0.132717,927,1079.0,0.2576096001489994,0.2576096001489994,0.3562686001489994,1.1455406001489994,,,,
0.133796,927,1079.0,0.2576096001489994,0.2576096001489994,0.4549276001489994,1.2441996001489994,,,,
0.134875,927,1079.0,0.3562686001489994,0.3562686001489994,0.5535866001489994,1.4415176001489993,,,,
0.135954,927,1079.0,0.3562686001489994,0.3562686001489994,0.5535866001489994,1.3428586001489993,,,,
0.137033,927,1079.0,0.3562686001489994,0.2576096001489994,0.4549276001489994,1.2441996001489994,,,,
0.138112,927,1079.0,0.2576096001489994,0.2576096001489994,0.3562686001489994,1.1455406001489994,,,,
0.139191,927,1079.0,0.2576096001489994,0.2576096001489994,0.2576096001489994,1.0468816001489993,,,,
0.14027,927,1079.0,0.2576096001489994,0.1589506001489994,0.2576096001489994,0.9482226001489994,,,,
0.141349,927,1079.0,0.2576096001489994,0.1589506001489994,0.2576096001489994,0.8495636001489993,,,,
0.142428,927,1079.0,0.2576096001489994,0.1589506001489994,0.2576096001489994,0.8495636001489993,,,,
0.143507,927,1079.0,0.1589506001489994,0.1589506001489994,0.1589506001489994,0.7509046001489994,,,,
0.144586,927,1079.0,0.060291600148999404,0.060291600148999404,0.060291600148999404,0.6522456001489993,,,,
0.145665,927,1079.0,0.060291600148999404,0.060291600148999404,0.060291600148999404,0.5535866001489994,,,,
0.146744,927,1079.0,0.1589506001489994,0.060291600148999404,0.1589506001489994,0.7509046001489994,,,,
0.147823,927,1079.0,0.1589506001489994,0.1589506001489994,0.1589506001489994,0.8495636001489993,,,,
0.148902,927,1079.0,0.1589506001489994,0.1589506001489994,0.2576096001489994,0.9482226001489994,,,,
0.149981,927,1079.0,0.2576096001489994,0.1589506001489994,0.3562686001489994,0.9482226001489994,,,,
0.15106,927,1079.0,0.2576096001489994,0.1589506001489994,0.3562686001489994,1.0468816001489993,,,,
0.152139,927,1079.0,0.2576096001489994,0.2576096001489994,0.3562686001489994,1.0468816001489993,,,,
0.153218,927,1079.0,0.2576096001489994,0.2576096001489994,0.3562686001489994,1.1455406001489994,,,,
0.154297,927,1079.0,0.3562686001489994,0.2576096001489994,0.4549276001489994,1.3428586001489993,,,,
0.155376,927,1079.0,0.3562686001489994,0.3562686001489994,0.4549276001489994,1.3428586001489993,,,,
0.156455,927,1079.0,0.3562686001489994,0.2576096001489994,0.4549276001489994,1.2441996001489994,,,,
0.157534,927,1079.0,0.2576096001489994,0.2576096001489994,0.3562686001489994,1.1455406001489994,,,,
0.158613,927,1079.0,0.2576096001489994,0.2576096001489994,0.3562686001489994,1.0468816001489993,,,,
0.159692,927,1079.0,0.2576096001489994,0.1589506001489994,0.2576096001489994,0.9482226001489994,,,,
0.160771,927,1079.0,0.2576096001489994,0.1589506001489994,0.2576096001489994,0.9482226001489994,,,,
0.16185,927,1079.0,0.2576096001489994,0.1589506001489994,0.2576096001489994,0.8495636001489993,,,,
0.162929,927,1079.0,0.1589506001489994,0.1589506001489994,0.1589506001489994,0.7509046001489994,,,,
0.164008,927,1079.0,0.1589506001489994,0.060291600148999404,0.060291600148999404,0.6522456001489993,,,,
0.165087,927,1079.0,0.1589506001489994,0.060291600148999404,0.060291600148999404,0.6522456001489993,,,,
0.166166,927,1079.0,0.1589506001489994,0.060291600148999404,0.1589506001489994,0.6522456001489993,,,,
0.167245,927,1079.0,0.1589506001489994,0.1589506001489994,0.2576096001489994,0.7509046001489994,,,,
0.168324,927,1079.0,-0.33434439985100056,-0.1370263998510006,1.0468816001489993,-2.5048423998510003,,,,
0.169403,927,1079.0,0.8495636001489993,-2.8008193998510005,1.9348126001489994,1.1455406001489994,,,,
0.170482,927,1079.0,-1.8142293998510006,0.9482226001489994,-1.4195933998510006,0.060291600148999404,,,,
0.171561,927,1079.0,4.302628600148999,-5.3659533998510005,-0.2356853998510006,2.1321306001489995,,,,
0.17264,927,1079.0,7.1637396001489995,0.2576096001489994,-6.056566399851,4.006651600149,,,,
0.173719,927,1079.0,10.024850600149,-10.397562399851001,8.051670600148999,-12.272083399851,,,,
0.174798,927,1079.0,-2.1102063998510006,0.060291600148999404,3.0200616001489995,-8.819018399851,,,,
0.175877,927,1079.0,8.446306600148999,-6.747179399851,0.6522456001489993,-2.1102063998510006,,,,
0.176956,927,1079.0,-4.872658399851001,4.598605600148999,2.0334716001489994,0.7509046001489994,,,,
0.178035,927,1079.0,-1.8142293998510006,-0.8276393998510005,3.7106746001489994,1.1455406001489994,,,,
0.179114,927,1079.0,0.5535866001489994,-5.464612399851,1.6388356001489994,2.428107600148999,,,,
0.180193,927,1079.0,-4.971317399851,-0.7289803998510006,0.7509046001489994,-10.298903399851,,,,
0.181272,927,1079.0,-7.536451399851001,-2.6035013998510004,9.432896600148998,-12.568060399851,,,,
0.182351,927,1079.0,-6.451202399851001,1.3428586001489993,0.8495636001489993,-3.5900913998510005,,,,
0.18343,927,1079.0,-0.5316623998510006,-11.285493399851001,14.464505600149,-6.845838399851,,,,
0.184509,927,1079.0,-14.245263399851,4.6972646001489995,0.4549276001489994,-2.8994783998510005,,,,
0.185588,927,1079.0,-1.7155703998510006,-2.0115473998510005,-0.1370263998510006,-2.2088653998510006,,,,
0.186667,927,1079.0,-9.608290399851,4.401287600148999,1.8361536001489993,-9.114995399851,,,,
0.187746,927,1079.0,-8.621700399851001,1.0468816001489993,2.0334716001489994,-4.675340399851001,,,,
0.188825,927,1079.0,-9.016336399851001,7.657034600148999,-8.325723399851,5.782513600149,,,,
0.189904,927,1079.0,-5.168635399851,4.105310600148999,-7.536451399851001,3.6120156001489994,,,,
0.190983,927,1079.0,-3.4914323998510004,-4.083386399851,7.459716600148999,-8.424382399851,,,,
0.192062,927,1079.0,9.728873600148999,4.499946600148999,-5.464612399851,-3.8860683998510006,,,,
0.193141,927,1079.0,8.939601600148999,1.4415176001489993,-0.6303213998510006,-7.043156399851,,,,
0.19422,927,1079.0,-0.43300339985100056,8.248988600149,-10.890857399851,6.275808600148999,,,,
0.195299,927,1079.0,9.827532600148999,-2.6035013998510004,-6.549861399851,15.056459600149,,,,
0.196378,927,1079.0,-6.549861399851,9.531555600149,-6.352543399851,11.998030600148999,,,,
0.197457,927,1079.0,-1.3209343998510006,0.060291600148999404,-0.7289803998510006,6.177149600148999,,,,
0.198536,927,1079.0,-4.379363399851001,4.894582600149,-5.661930399851,8.544965600148998,,,,
0.199615,927,1079.0,-4.083386399851,6.966421600148999,-4.4780223998510005,2.2307896001489995,,,,
0.200694,927,1079.0,-13.357332399851,11.406076600149,-0.43300339985100056,-2.5048423998510003,,,,
0.201773,927,1079.0,-5.464612399851,9.334237600148999,-8.424382399851,9.432896600148998,,,,
0.202852,927,1079.0,0.2576096001489994,-1.0249573998510007,1.4415176001489993,4.6972646001489995,,,,
0.203931,927,1079.0,-12.962696399851,9.630214600149,-2.1102063998510006,3.4146976001489993,,,,
0.20501,927,1079.0,-0.9262983998510006,0.4549276001489994,0.7509046001489994,6.078490600148999,,,,
0.206089,927,1079.0,-7.240474399851,9.235578600149,-7.931087399851,5.091900600148999,,,,
0.207168,927,1079.0,-0.43300339985100056,3.5133566001489993,-6.451202399851001,5.387877600148999,,,,
0.208247,927,1079.0,1.3428586001489993,9.235578600149,-14.541240399851,12.688643600149,,,,
0.209326,927,1079.0,8.446306600148999,-0.9262983998510006,-0.6303213998510006,4.6972646001489995,,,,
0.210405,927,1079.0,0.8495636001489993,-0.1370263998510006,2.1321306001489995,-0.43300339985100056,,,,
0.211484,927,1079.0,0.9482226001489994,6.275808600148999,-10.792198399851,9.432896600148998,,,,
0.212563,927,1079.0,9.334237600148999,3.8093336001489995,-3.2941143998510003,-1.9128883998510005,,,,
0.213642,927,1079.0,4.302628600148999,6.769103600148999,-4.182045399851001,0.3562686001489994,,,,
0.214721,927,1079.0,9.630214600149,-4.083386399851,-1.5182523998510005,2.6254256001489993,,,,
0.2158,927,1079.0,-3.1954553998510007,7.657034600148999,-6.9444973998510005,3.0200616001489995,,,,
0.216879,927,1079.0,-3.7874093998510006,-8.325723399851,8.939601600148999,-9.016336399851001,,,,
0.217958,927,1079.0,-7.043156399851,-1.0249573998510007,-0.03836739985100059,-2.5048423998510003,,,,
0.219037,927,1079.0,-0.2356853998510006,-2.2088653998510006,-2.6035013998510004,-9.312313399851,,,,
0.220116,927,1079.0,-11.186834399851,0.6522456001489993,4.006651600149,-13.160014399851,,,,
0.221195,927,1079.0,2.0334716001489994,-5.069976399851001,1.7374946001489993,-4.379363399851001,,,,
0.222274,927,1079.0,-0.6303213998510006,-7.043156399851,6.867762600148999,-11.482811399851,,,,
0.223353,927,1079.0,-8.523041399851,1.3428586001489993,1.0468816001489993,-7.043156399851,,,,
0.224432,927,1079.0,2.2307896001489995,-10.989516399851,1.5401766001489994,-1.7155703998510006,,,,
0.225511,927,1079.0,-0.03836739985100059,-1.7155703998510006,-4.773999399851,-1.7155703998510006,,,,
0.22659,927,1079.0,5.782513600149,-9.805608399851,6.670444600148999,-10.002926399851,,,,
0.227669,927,1079.0,0.5535866001489994,-2.9981373998510006,-3.2941143998510003,2.9214026001489994,,,,
0.228748,927,1079.0,12.096689600148999,-15.626489399851,2.7240846001489993,0.060291600148999404,,,,
0.229827,927,1079.0,-2.8994783998510005,-6.845838399851,2.5267666001489992,-2.6035013998510004,,,,
0.230906,927,1079.0,2.0334716001489994,-5.957907399851001,-2.0115473998510005,5.979831600148999,,,,
0.231985,927,1079.0,6.275808600148999,-8.523041399851,5.486536600148999,-3.3927733998510003,,,,
0.233064,927,1079.0,5.289218600148999,-6.056566399851,4.105310600148999,-6.155225399851,,,,
0.234143,927,1079.0,5.190559600148999,-8.029746399851,6.867762600148999,-0.43300339985100056,,,,
0.235222,927,1079.0,-2.3075243998510007,0.1589506001489994,-0.43300339985100056,1.1455406001489994,,,,
0.236301,927,1079.0,-9.509631399851001,-14.047945399851,13.576574600149,-8.424382399851,,,,
0.23738,927,1079.0,-15.231853399851,-1.0249573998510007,-2.8008193998510005,7.953011600148999,,,,
0.238459,927,1079.0,-1.3209343998510006,-8.029746399851,1.4415176001489993,3.118720600148999,,,,
0.239538,927,1079.0,-9.312313399851,-1.5182523998510005,7.1637396001489995,-7.931087399851,,,,
0.240617,927,1079.0,6.670444600148999,-8.523041399851,3.7106746001489994,3.118720600148999,,,,
0.241696,927,1079.0,0.4549276001489994,-3.7874093998510006,0.2576096001489994,4.302628600148999,,,,
0.242775,927,1079.0,-2.7021603998510004,-0.6303213998510006,-3.7874093998510006,4.401287600148999,,,,
0.243854,927,1079.0,2.0334716001489994,-8.621700399851001,5.5851956001489995,11.899371600149,,,,
0.244933,927,1079.0,4.894582600149,-1.8142293998510006,-9.706949399851,9.728873600148999,,,,
0.246012,927,1079.0,5.091900600148999,-6.352543399851,1.2441996001489994,-3.8860683998510006,,,,
0.247091,927,1079.0,-2.4061833998510007,4.6972646001489995,-12.568060399851,12.195348600148998,,,,
0.24817,927,1079.0,10.912781600149,-10.200244399851,0.7509046001489994,17.029639600149,,,,
0.249249,927,1079.0,-5.267294399851,2.8227436001489994,1.4415176001489993,11.406076600149,,,,
0.250328,927,1079.0,4.006651600149,-4.083386399851,0.6522456001489993,12.096689600148999,,,,
0.251407,927,1079.0,2.7240846001489993,-2.3075243998510007,0.060291600148999404,3.7106746001489994,,,,
0.252486,927,1079.0,-0.33434439985100056,2.5267666001489992,10.222168600148999,-11.778788399851,,,,
0.253565,927,1079.0,-2.5048423998510003,2.6254256001489993,6.670444600148999,-7.635110399851,,,,
0.254644,927,1079.0,-2.7021603998510004,6.275808600148999,-6.155225399851,6.670444600148999,,,,
0.255723,927,1079.0,-2.2088653998510006,-6.056566399851,8.840942600148999,-1.0249573998510007,,,,
0.256802,927,1079.0,-15.231853399851,4.203969600149,-2.9981373998510006,6.374467600148999,,,,
0.257881,927,1079.0,-1.5182523998510005,-5.563271399851001,3.8093336001489995,-4.773999399851,,,,
0.25896,927,1079.0,-11.088175399851,5.091900600148999,-0.8276393998510005,-15.626489399851,,,,
0.260039,927,1079.0,5.289218600148999,-0.9262983998510006,-4.280704399851,-4.379363399851001,,,,
0.261118,927,1079.0,-2.7021603998510004,6.078490600148999,-8.523041399851,3.5133566001489993,,,,
0.262197,927,1079.0,0.5535866001489994,0.060291600148999404,-2.3075243998510007,-0.43300339985100056,,,,
0.263276,927,1079.0,-0.43300339985100056,-3.0967963998510006,2.5267666001489992,2.5267666001489992,,,,
0.264355,927,1079.0,5.091900600148999,2.428107600148999,-12.272083399851,4.105310600148999,,,,
0.265434,927,1079.0,-0.7289803998510006,0.1589506001489994,-2.0115473998510005,-10.002926399851,,,,
0.266513,927,1079.0,-5.168635399851,7.459716600148999,-9.805608399851,-0.03836739985100059,,,,
0.267592,927,1079.0,7.854352600148999,-6.2538843998510005,-1.3209343998510006,5.782513600149,,,,
0.268671,927,1079.0,-6.9444973998510005,6.275808600148999,0.8495636001489993,-1.2222753998510005,,,,
0.26975,927,1079.0,0.6522456001489993,-6.747179399851,7.558375600148999,-2.8008193998510005,,,,
0.270829,927,1079.0,-3.3927733998510003,-0.6303213998510006,2.6254256001489993,-2.9981373998510006,,,,
0.271908,927,1079.0,-1.5182523998510005,-0.1370263998510006,10.616804600148999,-17.007715399851,,,,
0.272987,927,1079.0,-7.141815399851001,4.598605600148999,0.9482226001489994,-7.635110399851,,,,
0.274066,927,1079.0,-0.8276393998510005,2.1321306001489995,-3.4914323998510004,3.217379600148999,,,,
0.275145,927,1079.0,-1.5182523998510005,-5.3659533998510005,7.755693600148999,-8.227064399851,,,,
0.276224,927,1079.0,-11.778788399851,3.118720600148999,-2.3075243998510007,6.275808600148999,,,,
0.277303,927,1079.0,-1.0249573998510007,-5.464612399851,-0.03836739985100059,3.907992600148999,,,,
0.278382,927,1079.0,-7.536451399851001,5.091900600148999,-4.675340399851001,-3.5900913998510005,,,,
0.279461,927,1079.0,3.8093336001489995,-4.4780223998510005,0.6522456001489993,-2.8008193998510005,,,,
0.28054,927,1079.0,-2.4061833998510007,6.571785600148999,-12.173424399851001,12.984620600148999,,,,
0.281619,927,1079.0,4.499946600148999,-5.168635399851,-0.1370263998510006,4.105310600148999,,,,
0.282698,927,1079.0,-2.9981373998510006,-2.4061833998510007,1.0468816001489993,6.571785600148999,,,,
0.283777,927,1079.0,3.0200616001489995,-1.2222753998510005,-7.536451399851001,14.464505600149,,,,
0.284856,927,1079.0,-5.760589399851001,2.329448600148999,0.9482226001489994,-5.3659533998510005,,,,
0.285935,927,1079.0,-3.7874093998510006,4.894582600149,-4.4780223998510005,1.0468816001489993,,,,
0.287014,927,1079.0,4.499946600148999,-4.4780223998510005,3.217379600148999,7.1637396001489995,,,,
0.288093,927,1079.0,-6.648520399851001,6.867762600148999,1.1455406001489994,1.4415176001489993,,,,
0.289172,927,1079.0,-2.8008193998510005,-7.141815399851001,11.998030600148999,0.7509046001489994,,,,
0.290251,927,1079.0,-7.437792399851,3.118720600148999,-1.7155703998510006,7.953011600148999,,,,
0.29133,927,1079.0,0.4549276001489994,-2.0115473998510005,3.4146976001489993,-8.917677399851,,,,
0.292409,927,1079.0,-7.141815399851001,8.051670600148999,-6.056566399851,-6.9444973998510005,,,,
0.293488,927,1079.0,5.683854600148999,0.060291600148999404,-6.056566399851,3.316038600148999,,,,
0.294567,927,1079.0,-1.6169113998510005,-0.8276393998510005,-0.43300339985100056,-3.8860683998510006,,,,
0.295646,927,1079.0,-6.9444973998510005,3.0200616001489995,-6.845838399851,8.051670600148999,,,,
0.296725,927,1079.0,1.9348126001489994,-4.182045399851001,-6.549861399851,11.208758600148998,,,,
0.297804,927,1079.0,-0.7289803998510006,2.329448600148999,-11.778788399851,-5.3659533998510005,,,,
0.298883,927,1079.0,4.6972646001489995,-5.760589399851001,-1.4195933998510006,-9.213654399851,,,,
0.299962,927,1079.0,-0.5316623998510006,7.459716600148999,-14.639899399851,8.544965600148998,,,,
0.301041,927,1079.0,10.912781600149,-8.325723399851,2.0334716001489994,-4.675340399851001,,,,
0.30212,927,1079.0,-3.7874093998510006,0.3562686001489994,-2.8008193998510005,1.5401766001489994,,,,
0.303199,927,1079.0,5.387877600148999,-2.5048423998510003,-6.451202399851001,11.307417600149,,,,
0.304278,927,1079.0,-3.6887503998510005,0.7509046001489994,-1.3209343998510006,-6.2538843998510005,,,,
0.305357,927,1079.0,1.5401766001489994,1.1455406001489994,-0.7289803998510006,-8.523041399851,,,,
0.306436,927,1079.0,4.203969600149,-2.2088653998510006,2.428107600148999,-4.773999399851,,,,
0.307515,927,1079.0,-2.0115473998510005,5.289218600148999,-5.3659533998510005,-2.8008193998510005,,,,
0.308594,927,1079.0,-3.2941143998510003,-7.141815399851001,10.222168600148999,-2.8008193998510005,,,,
0.309673,927,1079.0,-5.267294399851,1.3428586001489993,-4.773999399851,11.406076600149,,,,
0.310752,927,1079.0,5.190559600148999,-7.043156399851,6.571785600148999,-7.043156399851,,,,
0.311831,927,1079.0,-6.648520399851001,5.289218600148999,-0.6303213998510006,-17.895646399851,,,,
0.31291,927,1079.0,8.446306600148999,-7.141815399851001,-3.4914323998510004,-2.2088653998510006,,,,
0.313989,927,1079.0,-3.5900913998510005,-0.9262983998510006,-3.4914323998510004,-2.6035013998510004,,,,
0.315068,927,1079.0,-3.1954553998510007,-1.9128883998510005,-3.1954553998510007,3.5133566001489993,,,,
0.316147,927,1079.0,0.6522456001489993,-6.549861399851,-4.971317399851,17.029639600149,,,,
0.317226,927,1079.0,1.6388356001489994,-3.0967963998510006,-7.339133399851001,2.329448600148999,,,,
0.318305,927,1079.0,1.3428586001489993,-6.648520399851001,4.401287600148999,-11.877447399851,,,,
0.319384,927,1079.0,-2.9981373998510006,4.993241600148999,-10.002926399851,2.9214026001489994,,,,
0.320463,927,1079.0,9.432896600148998,-10.101585399851,5.881172600148999,-3.8860683998510006,,,,
0.321542,927,1079.0,-6.845838399851,0.4549276001489994,-0.1370263998510006,4.598605600148999,,,,
0.322621,927,1079.0,4.894582600149,-8.325723399851,1.9348126001489994,13.181938600149,,,,
0.3237,927,1079.0,-4.182045399851001,-2.5048423998510003,2.428107600148999,1.2441996001489994,,,,
0.324779,927,1079.0,2.2307896001489995,-3.6887503998510005,6.374467600148999,-9.904267399851001,,,,
0.325858,927,1079.0,-0.6303213998510006,-0.33434439985100056,0.7509046001489994,-0.2356853998510006,,,,
0.326937,927,1079.0,-0.33434439985100056,1.6388356001489994,-4.872658399851001,4.894582600149,,,,
0.328016,927,1079.0,-2.2088653998510006,-6.9444973998510005,9.926191600148998,-0.2356853998510006,,,,
0.329095,927,1079.0,-1.8142293998510006,-1.1236163998510005,-2.6035013998510004,14.563164600149,,,,
0.330174,927,1079.0,4.795923600148999,-9.016336399851001,6.4731266001489995,1.4415176001489993,,,,
0.331253,927,1079.0,-6.845838399851,4.894582600149,-0.7289803998510006,-10.989516399851,,,,
0.332332,927,1079.0,7.755693600148999,-7.043156399851,-0.43300339985100056,0.7509046001489994,,,,
0.333411,927,1079.0,-2.2088653998510006,3.8093336001489995,-6.155225399851,6.867762600148999,,,,
0.33449,927,1079.0,0.4549276001489994,-3.1954553998510007,-0.7289803998510006,4.598605600148999,,,,
0.335569,927,1079.0,-1.0249573998510007,-3.8860683998510006,-2.1102063998510006,17.917570600149,,,,
0.336648,927,1079.0,3.0200616001489995,-2.8994783998510005,-7.240474399851,8.248988600149,,,,
0.337727,927,1079.0,-2.3075243998510007,-1.7155703998510006,0.9482226001489994,-9.509631399851001,,,,
0.338806,927,1079.0,-2.1102063998510006,5.190559600148999,-9.312313399851,3.8093336001489995,,,,
0.339885,927,1079.0,8.051670600148999,-6.352543399851,2.9214026001489994,-1.8142293998510006,,,,
0.340964,927,1079.0,-6.352543399851,4.6972646001489995,0.1589506001489994,-0.43300339985100056,,,,
0.342043,927,1079.0,1.9348126001489994,-8.029746399851,5.979831600148999,9.630214600149,,,,
0.343122,927,1079.0,-6.451202399851001,1.8361536001489993,-0.6303213998510006,5.683854600148999,,,,
0.344201,927,1079.0,0.7509046001489994,-1.9128883998510005,6.571785600148999,-11.186834399851,,,,
0.34528,927,1079.0,-4.182045399851001,6.078490600148999,-5.267294399851,-0.9262983998510006,,,,
0.346359,927,1079.0,2.329448600148999,1.8361536001489993,-5.168635399851,4.795923600148999,,,,
0.347438,927,1079.0,-3.2941143998510003,-2.2088653998510006,5.091900600148999,-4.971317399851,,,,
0.348517,927,1079.0,-4.4780223998510005,1.2441996001489994,-5.168635399851,11.800712600149,,,,
0.349596,927,1079.0,0.7509046001489994,-4.576681399851,0.8495636001489993,4.401287600148999,,,,
0.350675,927,1079.0,-6.352543399851,5.5851956001489995,-5.957907399851001,-8.621700399851001,,,,
0.351754,927,1079.0,4.894582600149,-4.4780223998510005,-1.1236163998510005,-3.5900913998510005,,,,
0.352833,927,1079.0,-2.6035013998510004,9.038260600148998,-10.397562399851001,5.5851956001489995,,,,
0.353912,927,1079.0,1.0468816001489993,-3.8860683998510006,2.329448600148999,-2.5048423998510003,,,,
0.354991,927,1079.0,-5.168635399851,0.060291600148999404,-2.7021603998510004,11.011440600149,,,,
0.35607,927,1079.0,1.5401766001489994,-2.3075243998510007,-6.845838399851,11.800712600149,,,,
0.357149,927,1079.0,-7.733769399851,2.428107600148999,-0.03836739985100059,-7.141815399851001,,,,
0.358228,927,1079.0,-0.7289803998510006,3.7106746001489994,-5.3659533998510005,-0.2356853998510006,,,,
0.359307,927,1079.0,4.795923600148999,-2.8994783998510005,2.0334716001489994,-4.971317399851,,,,
0.360386,927,1079.0,-5.267294399851,5.289218600148999,2.329448600148999,-5.760589399851001,,,,
0.361465,927,1079.0,-1.2222753998510005,-5.957907399851001,12.195348600148998,10.123509600149,,,,
0.362544,927,1079.0,-6.549861399851,3.7106746001489994,-1.1236163998510005,13.083279600148998,,,,
0.363623,927,1079.0,1.8361536001489993,-4.4780223998510005,9.432896600148998,-6.056566399851,,,,
0.364702,927,1079.0,-4.872658399851001,7.755693600148999,-6.549861399851,0.2576096001489994,,,,
0.365781,927,1079.0,6.966421600148999,-1.5182523998510005,-2.5048423998510003,2.8227436001489994,,,,
0.36686,927,1079.0,-4.379363399851001,-0.1370263998510006,2.428107600148999,-5.069976399851001,,,,
0.367939,927,1079.0,-3.4914323998510004,0.060291600148999404,-3.1954553998510007,9.728873600148999,,,,
0.369018,927,1079.0,0.4549276001489994,-4.576681399851,-0.7289803998510006,10.912781600149,,,,
0.370097,927,1079.0,-2.9981373998510006,1.3428586001489993,-3.9847273998510007,-2.1102063998510006,,,,
0.371176,927,1079.0,3.0200616001489995,-5.760589399851001,4.302628600148999,-6.2538843998510005,,,,
0.372255,927,1079.0,-2.0115473998510005,7.558375600148999,-8.819018399851,3.118720600148999,,,,
0.373334,927,1079.0,3.217379600148999,-6.845838399851,7.361057600149,-9.213654399851,,,,
0.374413,927,1079.0,-9.312313399851,1.8361536001489993,-3.3927733998510003,8.051670600148999,,,,
0.375492,927,1079.0,2.6254256001489993,-5.661930399851,-1.5182523998510005,18.016229600149,,,,
0.376571,927,1079.0,-10.298903399851,3.0200616001489995,3.0200616001489995,-1.2222753998510005,,,,
0.37765,927,1079.0,2.9214026001489994,0.060291600148999404,1.2441996001489994,-2.0115473998510005,,,,
0.378729,927,1079.0,2.8227436001489994,-0.43300339985100056,1.3428586001489993,-3.7874093998510006,,,,
0.379808,927,1079.0,-2.3075243998510007,3.7106746001489994,0.1589506001489994,-6.155225399851,,,,
0.380887,927,1079.0,-1.5182523998510005,-5.267294399851,12.491325600148999,7.459716600148999,,,,
0.381966,927,1079.0,-2.7021603998510004,1.3428586001489993,-2.9981373998510006,18.016229600149,,,,
0.383045,927,1079.0,3.907992600148999,-7.733769399851,9.728873600148999,-1.4195933998510006,,,,
0.384124,927,1079.0,-5.760589399851001,6.867762600148999,-6.2538843998510005,-1.2222753998510005,,,,
0.385203,927,1079.0,9.038260600148998,-4.675340399851001,-3.6887503998510005,1.0468816001489993,,,,
0.386282,927,1079.0,-5.267294399851,2.7240846001489993,-2.9981373998510006,-4.083386399851,,,,
0.387361,927,1079.0,-0.5316623998510006,-1.6169113998510005,-3.0967963998510006,5.091900600148999,,,,
0.38844,927,1079.0,-0.03836739985100059,-3.6887503998510005,-3.1954553998510007,13.971210600148998,,,,
0.389519,927,1079.0,0.060291600148999404,-1.7155703998510006,-0.5316623998510006,-2.0115473998510005,,,,
0.390598,927,1079.0,0.5535866001489994,-3.3927733998510003,6.078490600148999,-11.680129399851,,,,
0.391677,927,1079.0,-0.1370263998510006,5.979831600148999,-8.720359399851,1.5401766001489994,,,,
0.392756,927,1079.0,5.979831600148999,-5.464612399851,6.177149600148999,-12.370742399851,,,,
0.393835,927,1079.0,-7.635110399851,4.401287600148999,-4.083386399851,2.428107600148999,,,,
0.394914,927,1079.0,5.091900600148999,-8.325723399851,1.6388356001489994,14.069869600149,,,,
0.395993,927,1079.0,-8.523041399851,2.8227436001489994,0.7509046001489994,1.3428586001489993,,,,
0.397072,927,1079.0,5.091900600148999,-2.4061833998510007,3.118720600148999,-6.2538843998510005,,,,
0.398151,927,1079.0,2.5267666001489992,2.6254256001489993,-2.5048423998510003,-1.6169113998510005,,,,
0.39923,927,1079.0,2.2307896001489995,2.1321306001489995,-2.3075243998510007,-5.563271399851001,,,,
0.400309,927,1079.0,-0.33434439985100056,-3.4914323998510004,8.840942600148999,1.6388356001489994,,,,
0.401388,927,1079.0,1.4415176001489993,-0.8276393998510005,-4.675340399851001,16.141708600149,,,,
0.402467,927,1079.0,3.316038600148999,-8.128405399851001,6.571785600148999,-0.1370263998510006,,,,
0.403546,927,1079.0,-6.9444973998510005,5.289218600148999,-6.056566399851,-2.6035013998510004,,,,
0.404625,927,1079.0,7.657034600148999,-6.155225399851,-3.6887503998510005,-0.03836739985100059,,,,
0.405704,927,1079.0,-3.4914323998510004,6.177149600148999,-7.437792399851,-3.8860683998510006,,,,
0.406783,927,1079.0,2.329448600148999,-4.379363399851001,-0.6303213998510006,-0.9262983998510006,,,,
0.407862,927,1079.0,-2.7021603998510004,-1.8142293998510006,-4.083386399851,11.899371600149,,,,
0.408941,927,1079.0,0.9482226001489994,-4.083386399851,3.8093336001489995,-0.6303213998510006,,,,
0.41002,927,1079.0,-3.6887503998510005,-0.33434439985100056,5.979831600148999,-12.272083399851,,,,
0.411099,927,1079.0,1.4415176001489993,3.8093336001489995,-5.069976399851001,0.9482226001489994,,,,
0.412178,927,1079.0,5.5851956001489995,-3.7874093998510006,5.782513600149,-12.568060399851,,,,
0.413257,927,1079.0,-6.352543399851,4.302628600148999,-1.5182523998510005,-1.9128883998510005,,,,
0.414336,927,1079.0,2.5267666001489992,-8.128405399851001,5.683854600148999,11.603394600148999,,,,
0.415415,927,1079.0,-7.8324283998510005,3.217379600148999,-0.9262983998510006,6.374467600148999,,,,
0.416494,927,1079.0,3.6120156001489994,-4.4780223998510005,5.091900600148999,-5.464612399851,,,,
0.417573,927,1079.0,1.3428586001489993,5.5851956001489995,-6.549861399851,3.6120156001489994,,,,
0.418652,927,1079.0,5.881172600148999,-0.03836739985100059,-1.0249573998510007,-5.168635399851,,,,
0.419731,927,1079.0,-1.4195933998510006,-1.3209343998510006,5.683854600148999,-3.9847273998510007,,,,
0.42081,927,1079.0,2.9214026001489994,-2.1102063998510006,-4.182045399851001,12.294007600149,,,,
0.421889,927,1079.0,-0.03836739985100059,-5.760589399851001,2.9214026001489994,2.6254256001489993,,,,
0.422968,927,1079.0,-5.760589399851001,2.6254256001489993,-4.773999399851,-1.8142293998510006,,,,
0.424047,927,1079.0,4.795923600148999,-6.056566399851,-1.7155703998510006,-1.9128883998510005,,,,
0.425126,927,1079.0,-2.4061833998510007,7.361057600149,-10.002926399851,-4.872658399851001,,,,
0.426205,927,1079.0,2.7240846001489993,-5.957907399851001,3.4146976001489993,-8.227064399851,,,,
0.427284,927,1079.0,-6.451202399851001,0.9482226001489994,-6.155225399851,7.953011600148999,,,,
0.428363,927,1079.0,1.2441996001489994,-5.464612399851,3.118720600148999,2.329448600148999,,,,
0.429442,927,1079.0,-7.437792399851,2.7240846001489993,4.795923600148999,-10.792198399851,,,,
0.430521,927,1079.0,3.907992600148999,1.9348126001489994,-2.2088653998510006,-1.9128883998510005,,,,
0.4316,927,1079.0,3.8093336001489995,-1.1236163998510005,3.7106746001489994,-11.581470399851,,,,
0.432679,927,1079.0,-4.379363399851001,4.401287600148999,-0.9262983998510006,-5.267294399851,,,,
0.433758,927,1079.0,0.9482226001489994,-5.464612399851,4.894582600149,9.728873600148999,,,,
0.434837,927,1079.0,-5.168635399851,3.217379600148999,-5.069976399851001,10.912781600149,,,,
0.435916,927,1079.0,2.7240846001489993,-6.549861399851,5.683854600148999,-3.3927733998510003,,,,
0.436995,927,1079.0,-1.7155703998510006,7.361057600149,-9.509631399851001,3.8093336001489995,,,,
0.438074,927,1079.0,9.235578600149,-2.6035013998510004,0.4549276001489994,-8.227064399851,,,,
0.439153,927,1079.0,-3.8860683998510006,1.9348126001489994,1.1455406001489994,-9.805608399851,,,,
0.440232,927,1079.0,3.8093336001489995,-3.0967963998510006,-3.6887503998510005,6.670444600148999,,,,
0.441311,927,1079.0,-2.7021603998510004,-4.083386399851,-0.5316623998510006,3.907992600148999,,,,
0.44239,927,1079.0,-3.8860683998510006,-0.6303213998510006,-2.1102063998510006,-3.7874093998510006,,,,
0.443469,927,1079.0,1.5401766001489994,-4.675340399851001,0.2576096001489994,-6.451202399851001,,,,
0.444548,927,1079.0,-1.4195933998510006,6.078490600148999,-11.088175399851,-7.043156399851,,,,
0.445627,927,1079.0,0.8495636001489993,-5.168635399851,5.091900600148999,-14.935876399851,,,,
0.446706,927,1079.0,-8.720359399851,3.316038600148999,-7.733769399851,4.203969600149,,,,
0.447785,927,1079.0,2.7240846001489993,-7.733769399851,3.316038600148999,3.907992600148999,,,,
0.448864,927,1079.0,-10.002926399851,3.5133566001489993,3.316038600148999,-9.312313399851,,,,
0.449943,927,1079.0,5.091900600148999,-0.9262983998510006,0.1589506001489994,-5.3659533998510005,,,,
0.451022,927,1079.0,2.1321306001489995,1.1455406001489994,0.7509046001489994,-9.805608399851,,,,
0.452101,927,1079.0,-1.3209343998510006,3.118720600148999,-0.43300339985100056,-8.819018399851,,,,
0.45318,927,1079.0,-0.03836739985100059,-3.6887503998510005,3.217379600148999,8.051670600148999,,,,
0.454259,927,1079.0,-1.8142293998510006,0.2576096001489994,-7.043156399851,15.944390600149,,,,
0.455338,927,1079.0,0.9482226001489994,-8.227064399851,6.867762600148999,-2.2088653998510006,,,,
0.456417,927,1079.0,-4.971317399851,5.979831600148999,-8.720359399851,2.5267666001489992,,,,
0.457496,927,1079.0,9.334237600148999,-5.267294399851,0.9482226001489994,-8.720359399851,,,,
0.458575,927,1079.0,-5.267294399851,4.894582600149,-2.3075243998510007,-11.976106399851,,,,
0.459654,927,1079.0,4.894582600149,-5.168635399851,-1.1236163998510005,1.1455406001489994,,,,
0.460733,927,1079.0,-4.280704399851,-3.1954553998510007,-1.9128883998510005,5.091900600148999,,,,
0.461812,927,1079.0,-2.7021603998510004,-3.8860683998510006,1.4415176001489993,-6.451202399851001,,,,
0.462891,927,1079.0,-1.7155703998510006,-3.0967963998510006,0.4549276001489994,-9.016336399851001,,,,
0.46397,927,1079.0,-0.2356853998510006,3.907992600148999,-10.693539399851,-7.141815399851001,,,,
0.465049,927,1079.0,0.060291600148999404,-4.083386399851,4.499946600148999,-17.698328399851,,,,
0.466128,927,1079.0,-7.733769399851,3.8093336001489995,-7.240474399851,0.8495636001489993,,,,
0.467207,927,1079.0,3.6120156001489994,-9.410972399851,4.006651600149,4.894582600149,,,,
0.468286,927,1079.0,-10.101585399851,3.217379600148999,1.2441996001489994,-5.957907399851001,,,,
0.469365,927,1079.0,4.401287600148999,-4.182045399851001,2.329448600148999,-6.747179399851,,,,
0.470444,927,1079.0,1.4415176001489993,4.105310600148999,-3.2941143998510003,-7.043156399851,,,,
0.471523,927,1079.0,3.118720600148999,0.9482226001489994,0.8495636001489993,-11.088175399851,,,,
0.472602,927,1079.0,-0.5316623998510006,-1.5182523998510005,1.7374946001489993,3.4146976001489993,,,,
0.473681,927,1079.0,1.8361536001489993,-2.3075243998510007,-6.352543399851,15.648413600148999,,,,
0.47476,927,1079.0,-1.5182523998510005,-6.747179399851,4.894582600149,-1.0249573998510007,,,,
0.475839,927,1079.0,-5.760589399851001,3.5133566001489993,-6.845838399851,2.5267666001489992,,,,
0.476918,927,1079.0,7.459716600148999,-5.661930399851,-0.9262983998510006,-6.549861399851,,,,
0.477997,927,1079.0,-3.9847273998510007,7.065080600148999,-5.464612399851,-12.370742399851,,,,
0.479076,927,1079.0,4.993241600148999,-6.155225399851,1.2441996001489994,-3.2941143998510003,,,,
0.480155,927,1079.0,-5.3659533998510005,-1.3209343998510006,-3.7874093998510006,5.979831600148999,,,,
0.481234,927,1079.0,-1.5182523998510005,-5.859248399851,4.598605600148999,-5.661930399851,,,,
0.482313,927,1079.0,-4.773999399851,-0.43300339985100056,-1.1236163998510005,-7.240474399851,,,,
0.483392,927,1079.0,1.7374946001489993,2.1321306001489995,-9.114995399851,-4.576681399851,,,,
0.484471,927,1079.0,-0.2356853998510006,-1.9128883998510005,2.329448600148999,-16.810397399851,,,,
0.48555,927,1079.0,-5.760589399851001,3.7106746001489994,-5.760589399851001,-1.5182523998510005,,,,
0.486629,927,1079.0,2.1321306001489995,-7.339133399851001,3.0200616001489995,6.275808600148999,,,,
0.487708,927,1079.0,-7.931087399851,3.217379600148999,-1.5182523998510005,0.6522456001489993,,,,
0.488787,927,1079.0,2.5267666001489992,-6.451202399851001,4.598605600148999,-4.379363399851001,,,,
0.489866,927,1079.0,1.5401766001489994,6.867762600148999,-7.141815399851001,-2.3075243998510007,,,,
0.490945,927,1079.0,8.248988600149,-0.8276393998510005,3.217379600148999,-12.173424399851001,,,,
0.492024,927,1079.0,-0.9262983998510006,1.5401766001489994,0.4549276001489994,-1.2222753998510005,,,,
0.493103,927,1079.0,4.795923600148999,-3.6887503998510005,-4.675340399851001,13.675233600149,,,,
0.494182,927,1079.0,-4.083386399851,-4.773999399851,3.118720600148999,1.5401766001489994,,,,
0.495261,927,1079.0,-4.675340399851001,1.0468816001489993,-4.083386399851,3.4146976001489993,,,,
0.49634,927,1079.0,4.894582600149,-5.069976399851001,-0.9262983998510006,-3.5900913998510005,,,,
0.497419,927,1079.0,-2.6035013998510004,6.867762600148999,-6.451202399851001,-11.680129399851,,,,
0.498498,927,1079.0,3.316038600148999,-5.563271399851001,4.795923600148999,-6.648520399851001,,,,
0.499577,927,1079.0,-6.056566399851,1.3428586001489993,-5.3659533998510005,6.867762600148999,,,,
0.500656,927,1079.0,0.060291600148999404,-7.733769399851,6.670444600148999,-1.3209343998510006,,,,
0.501735,927,1079.0,-7.931087399851,2.1321306001489995,-1.1236163998510005,-2.5048423998510003,,,,
0.502814,927,1079.0,4.598605600148999,-0.43300339985100056,-5.859248399851,-1.2222753998510005,,,,
0.503893,927,1079.0,-1.5182523998510005,0.8495636001489993,0.1589506001489994,-13.258673399851,,,,
0.504972,927,1079.0,-3.2941143998510003,3.0200616001489995,-3.4914323998510004,-2.8994783998510005,,,,
0.506051,927,1079.0,0.5535866001489994,-4.4780223998510005,0.6522456001489993,8.643624600149,,,,
0.50713,927,1079.0,-5.069976399851001,1.4415176001489993,-2.5048423998510003,8.051670600148999,,,,
0.508209,927,1079.0,0.5535866001489994,-7.536451399851001,7.953011600148999,-0.6303213998510006,,,,
0.509288,927,1079.0,1.2441996001489994,6.571785600148999,-7.536451399851001,3.4146976001489993,,,,
0.510367,927,1079.0,11.406076600149,-2.6035013998510004,5.289218600148999,-10.693539399851,,,,
0.511446,927,1079.0,-2.3075243998510007,4.6972646001489995,-0.8276393998510005,-3.5900913998510005,,,,
0.512525,927,1079.0,7.065080600148999,-4.4780223998510005,-2.0115473998510005,11.603394600148999,,,,
0.513604,927,1079.0,-5.859248399851,-2.9981373998510006,2.428107600148999,5.486536600148999,,,,
0.514683,927,1079.0,-3.9847273998510007,-1.5182523998510005,-0.2356853998510006,4.203969600149,,,,
0.515762,927,1079.0,1.5401766001489994,-3.4914323998510004,-0.2356853998510006,0.060291600148999404,,,,
0.516841,927,1079.0,-1.5182523998510005,5.387877600148999,-6.155225399851,-8.720359399851,,,,
0.51792,927,1079.0,0.8495636001489993,-3.3927733998510003,6.867762600148999,-9.114995399851,,,,
0.518999,927,1079.0,-4.971317399851,3.907992600148999,-6.648520399851001,7.854352600148999,,,,
0.520078,927,1079.0,2.5267666001489992,-9.016336399851001,7.262398600148999,2.8227436001489994,,,,
0.521157,927,1079.0,-10.002926399851,3.4146976001489993,0.1589506001489994,1.5401766001489994,,,,
0.522236,927,1079.0,5.387877600148999,-3.0967963998510006,-2.0115473998510005,1.8361536001489993,,,,
0.523315,927,1079.0,-2.9981373998510006,3.907992600148999,-1.7155703998510006,-7.931087399851,,,,
0.524394,927,1079.0,-0.1370263998510006,2.1321306001489995,-1.0249573998510007,-3.9847273998510007,,,,
0.525473,927,1079.0,-0.2356853998510006,-1.9128883998510005,-1.0249573998510007,10.320827600148998,,,,
0.526552,927,1079.0,-2.1102063998510006,-0.5316623998510006,-1.3209343998510006,12.787302600149,,,,
0.527631,927,1079.0,-1.3209343998510006,-6.845838399851,9.926191600148998,2.5267666001489992,,,,
0.52871,927,1079.0,0.060291600148999404,5.190559600148999,-5.859248399851,8.248988600149,,,,
0.529789,927,1079.0,11.307417600149,-3.2941143998510003,6.078490600148999,-7.437792399851,,,,
0.530868,927,1079.0,-2.9981373998510006,7.953011600148999,-1.1236163998510005,-4.280704399851,,,,
0.531947,927,1079.0,8.248988600149,-4.773999399851,1.4415176001489993,9.235578600149,,,,
0.533026,927,1079.0,-5.957907399851001,-0.9262983998510006,1.5401766001489994,8.840942600148999,,,,
0.534105,927,1079.0,-3.8860683998510006,-4.083386399851,4.105310600148999,4.795923600148999,,,,
0.535184,927,1079.0,-2.6035013998510004,-1.0249573998510007,-0.8276393998510005,5.091900600148999,,,,
0.536263,927,1079.0,5.486536600148999,0.4549276001489994,-2.1102063998510006,2.2307896001489995,,,,
0.537342,927,1079.0,5.091900600148999,-5.563271399851001,5.881172600148999,0.2576096001489994,,,,
0.538421,927,1079.0,-3.0967963998510006,1.1455406001489994,1.5401766001489994,-2.0115473998510005,,,,
0.5395,927,1079.0,6.177149600148999,-5.859248399851,1.0468816001489993,-2.2088653998510006,,,,
0.540579,927,1079.0,0.4549276001489994,-2.0115473998510005,-1.0249573998510007,-2.0115473998510005,,,,
0.541658,927,1079.0,4.894582600149,-9.904267399851001,6.571785600148999,-10.200244399851,,,,
0.542737,927,1079.0,-1.2222753998510005,-5.661930399851,4.203969600149,-6.155225399851,,,,
0.543816,927,1079.0,6.4731266001489995,-7.240474399851,-1.9128883998510005,-1.1236163998510005,,,,
0.544895,927,1079.0,-7.043156399851,-2.5048423998510003,6.571785600148999,1.9348126001489994,,,,
0.545974,927,1079.0,-5.760589399851001,0.4549276001489994,0.5535866001489994,6.374467600148999,,,,
0.547053,927,1079.0,2.8227436001489994,-10.200244399851,5.289218600148999,3.7106746001489994,,,,
0.548132,927,1079.0,-8.621700399851001,1.0468816001489993,-1.0249573998510007,-7.931087399851,,,,
0.549211,927,1079.0,-2.7021603998510004,-8.029746399851,9.827532600148999,-7.733769399851,,,,
0.55029,927,1079.0,-8.029746399851,-4.4780223998510005,4.993241600148999,-5.267294399851,,,,
0.551369,927,1079.0,-3.3927733998510003,-10.792198399851,14.957800600149,1.2441996001489994,,,,
0.552448,927,1079.0,-14.639899399851,2.0334716001489994,-3.8860683998510006,6.867762600148999,,,,
0.553527,927,1079.0,-3.3927733998510003,-2.8008193998510005,-3.6887503998510005,5.091900600148999,,,,
0.554606,927,1079.0,-6.056566399851,-2.2088653998510006,5.091900600148999,-9.904267399851001,,,,
0.555685,927,1079.0,-8.227064399851,0.4549276001489994,-2.3075243998510007,-4.280704399851,,,,
0.556764,927,1079.0,-7.043156399851,3.118720600148999,-4.083386399851,-0.5316623998510006,,,,
0.557843,927,1079.0,-9.213654399851,6.4731266001489995,-6.352543399851,-1.1236163998510005,,,,
0.558922,927,1079.0,-1.0249573998510007,-7.240474399851,5.979831600148999,-3.8860683998510006,,,,
0.560001,927,1079.0,-3.9847273998510007,6.769103600148999,-7.240474399851,0.8495636001489993,,,,
0.56108,927,1079.0,3.6120156001489994,-2.5048423998510003,-0.33434439985100056,-3.5900913998510005,,,,
0.562159,927,1079.0,-4.379363399851001,3.4146976001489993,-8.720359399851,3.316038600148999,,,,
0.563238,927,1079.0,0.9482226001489994,0.2576096001489994,-9.213654399851,6.571785600148999,,,,
0.564317,927,1079.0,-12.864037399851,7.755693600148999,-3.8860683998510006,2.9214026001489994,,,,
0.565396,927,1079.0,-3.9847273998510007,4.105310600148999,-5.957907399851001,7.953011600148999,,,,
0.566475,927,1079.0,-1.6169113998510005,1.0468816001489993,-1.4195933998510006,3.8093336001489995,,,,
0.567554,927,1079.0,-8.128405399851001,9.827532600148999,-0.5316623998510006,-0.6303213998510006,,,,
0.568633,927,1079.0,-8.227064399851,5.881172600148999,2.7240846001489993,-4.182045399851001,,,,
0.569712,927,1079.0,-9.016336399851001,12.392666600149,-11.680129399851,10.912781600149,,,,
0.570791,927,1079.0,-0.9262983998510006,-0.2356853998510006,-2.5048423998510003,7.1637396001489995,,,,
0.57187,927,1079.0,-14.442581399851,12.688643600149,-7.043156399851,7.657034600148999,,,,
0.572949,927,1079.0,0.060291600148999404,-1.1236163998510005,-1.5182523998510005,3.6120156001489994,,,,
0.574028,927,1079.0,-6.845838399851,4.6972646001489995,-2.9981373998510006,0.2576096001489994,,,,
0.575107,927,1079.0,-4.280704399851,6.177149600148999,-9.410972399851,-1.1236163998510005,,,,
0.576186,927,1079.0,0.060291600148999404,5.289218600148999,-8.917677399851,3.7106746001489994,,,,
0.577265,927,1079.0,1.2441996001489994,3.0200616001489995,-5.3659533998510005,2.6254256001489993,,,,
0.578344,927,1079.0,1.9348126001489994,-3.5900913998510005,0.5535866001489994,0.6522456001489993,,,,
0.579423,927,1079.0,-3.3927733998510003,8.939601600148999,-13.455991399851,9.630214600149,,,,
0.580502,927,1079.0,7.459716600148999,-0.7289803998510006,0.8495636001489993,-7.931087399851,,,,
0.581581,927,1079.0,-1.8142293998510006,8.840942600148999,-4.4780223998510005,-4.083386399851,,,,
0.58266,927,1079.0,7.953011600148999,-1.5182523998510005,-5.168635399851,3.5133566001489993,,,,
0.583739,927,1079.0,-8.227064399851,5.683854600148999,-4.280704399851,0.1589506001489994,,,,
0.584818,927,1079.0,-0.6303213998510006,-6.549861399851,4.401287600148999,-2.0115473998510005,,,,
0.585897,927,1079.0,-3.5900913998510005,-3.6887503998510005,3.6120156001489994,-2.5048423998510003,,,,
0.586976,927,1079.0,-3.3927733998510003,1.7374946001489993,-5.563271399851001,-9.805608399851,,,,
0.588055,927,1079.0,-5.168635399851,-2.3075243998510007,5.387877600148999,-8.917677399851,,,,
0.589134,927,1079.0,-1.1236163998510005,-0.1370263998510006,-1.2222753998510005,-2.1102063998510006,,,,
0.590213,927,1079.0,2.8227436001489994,-9.016336399851001,10.024850600149,-14.343922399851,,,,
0.591292,927,1079.0,-10.200244399851,1.0468816001489993,3.6120156001489994,-5.563271399851001,,,,
0.592371,927,1079.0,4.598605600148999,-13.357332399851,7.953011600148999,-2.8994783998510005,,,,
0.59345,927,1079.0,-4.971317399851,-2.0115473998510005,1.4415176001489993,-3.0967963998510006,,,,
0.594529,927,1079.0,1.3428586001489993,-6.155225399851,3.7106746001489994,-4.872658399851001,,,,
0.595608,927,1079.0,1.5401766001489994,-5.3659533998510005,-2.1102063998510006,2.8227436001489994,,,,
0.596687,927,1079.0,6.078490600148999,-10.002926399851,1.2441996001489994,1.2441996001489994,,,,
0.597766,927,1079.0,0.3562686001489994,-9.608290399851,7.854352600148999,-7.437792399851,,,,
0.598845,927,1079.0,-3.1954553998510007,-1.8142293998510006,-4.083386399851,1.6388356001489994,,,,
0.599924,927,1079.0,5.782513600149,-11.482811399851,10.518145600149,-6.549861399851,,,,
0.601003,927,1079.0,0.3562686001489994,-1.7155703998510006,0.060291600148999404,-0.7289803998510006,,,,
0.602082,927,1079.0,7.854352600148999,-10.298903399851,5.5851956001489995,-1.6169113998510005,,,,
0.603161,927,1079.0,-5.661930399851,-2.7021603998510004,3.6120156001489994,-4.280704399851,,,,
0.60424,927,1079.0,4.6972646001489995,-14.935876399851,11.899371600149,-3.5900913998510005,,,,
0.605319,927,1079.0,-3.9847273998510007,-3.6887503998510005,-0.8276393998510005,7.459716600148999,,,,
0.606398,927,1079.0,1.2441996001489994,-4.675340399851001,-1.7155703998510006,3.7106746001489994,,,,
0.607477,927,1079.0,-1.0249573998510007,-3.8860683998510006,9.630214600149,-7.733769399851,,,,
0.608556,927,1079.0,7.755693600148999,-3.3927733998510003,0.8495636001489993,1.9348126001489994,,,,
0.609635,927,1079.0,5.190559600148999,-5.859248399851,4.795923600148999,-3.4914323998510004,,,,
0.610714,927,1079.0,-4.280704399851,3.316038600148999,-2.7021603998510004,0.060291600148999404,,,,
0.611793,927,1079.0,5.881172600148999,-10.890857399851,9.432896600148998,14.859141600148998,,,,
0.612872,927,1079.0,-0.03836739985100059,2.329448600148999,-7.339133399851001,11.504735600148999,,,,
0.613951,927,1079.0,7.558375600148999,-4.083386399851,0.2576096001489994,4.598605600148999,,,,
0.61503,927,1079.0,0.4549276001489994,1.3428586001489993,-8.227064399851,15.155118600148999,,,,
0.616109,927,1079.0,8.248988600149,-6.648520399851001,4.105310600148999,10.024850600149,,,,
0.617188,927,1079.0,-4.083386399851,-0.8276393998510005,1.7374946001489993,7.065080600148999,,,,
0.618267,927,1079.0,0.2576096001489994,-0.43300339985100056,-4.872658399851001,15.056459600149,,,,
0.619346,927,1079.0,4.795923600148999,-5.3659533998510005,1.8361536001489993,-0.03836739985100059,,,,
0.620425,927,1079.0,-0.33434439985100056,3.907992600148999,1.3428586001489993,-7.339133399851001,,,,
0.621504,927,1079.0,3.316038600148999,-2.1102063998510006,5.683854600148999,-6.549861399851,,,,
0.622583,927,1079.0,-4.182045399851001,7.854352600148999,-5.859248399851,0.4549276001489994,,,,
0.623662,927,1079.0,2.5267666001489992,-8.424382399851,8.544965600148998,-0.9262983998510006,,,,
0.624741,927,1079.0,-10.989516399851,4.795923600148999,-5.661930399851,8.051670600148999,,,,
0.62582,927,1079.0,1.5401766001489994,-2.9981373998510006,-0.6303213998510006,-2.9981373998510006,,,,
0.626899,927,1079.0,-4.379363399851001,0.5535866001489994,1.6388356001489994,-15.527830399851,,,,
0.627978,927,1079.0,8.051670600148999,1.3428586001489993,-7.437792399851,-3.4914323998510004,,,,
0.629057,927,1079.0,0.6522456001489993,1.2441996001489994,-3.7874093998510006,-4.182045399851001,,,,
0.630136,927,1079.0,-2.7021603998510004,3.5133566001489993,-6.549861399851,3.316038600148999,,,,
0.631215,927,1079.0,3.316038600148999,-6.747179399851,-0.03836739985100059,6.275808600148999,,,,
0.632294,927,1079.0,-0.7289803998510006,3.6120156001489994,-13.949286399851,7.1637396001489995,,,,
0.633373,927,1079.0,2.329448600148999,-5.3659533998510005,1.0468816001489993,-10.200244399851,,,,
0.634452,927,1079.0,-4.4780223998510005,5.289218600148999,-8.227064399851,-4.083386399851,,,,
0.635531,927,1079.0,6.177149600148999,-7.240474399851,2.329448600148999,-2.1102063998510006,,,,
0.63661,927,1079.0,-9.410972399851,2.9214026001489994,-0.8276393998510005,-0.2356853998510006,,,,
0.637689,927,1079.0,0.5535866001489994,-4.083386399851,0.5535866001489994,1.6388356001489994,,,,
0.638768,927,1079.0,-0.43300339985100056,-4.4780223998510005,3.7106746001489994,-6.2538843998510005,,,,
0.639847,927,1079.0,-3.4914323998510004,1.0468816001489993,3.0200616001489995,-18.487600399851,,,,
0.640926,927,1079.0,-2.9981373998510006,-0.43300339985100056,3.5133566001489993,-16.119784399851,,,,
0.642005,927,1079.0,-3.9847273998510007,4.499946600148999,-5.957907399851001,-5.3659533998510005,,,,
0.643084,927,1079.0,1.8361536001489993,-8.819018399851,9.926191600148998,-9.706949399851,,,,
0.644163,927,1079.0,-12.370742399851,4.795923600148999,-5.957907399851001,8.248988600149,,,,
0.645242,927,1079.0,2.5267666001489992,-8.227064399851,2.5267666001489992,0.4549276001489994,,,,
0.646321,927,1079.0,-8.029746399851,1.3428586001489993,0.060291600148999404,-5.563271399851001,,,,
0.6474,927,1079.0,4.993241600148999,-1.3209343998510006,-2.2088653998510006,0.5535866001489994,,,,
0.648479,927,1079.0,-4.872658399851001,3.217379600148999,-6.845838399851,9.334237600148999,,,,
0.649558,927,1079.0,-1.6169113998510005,-0.03836739985100059,-3.9847273998510007,7.361057600149,,,,
0.650637,927,1079.0,-1.3209343998510006,-5.069976399851001,4.401287600148999,9.630214600149,,,,
0.651716,927,1079.0,-2.8008193998510005,1.4415176001489993,-9.016336399851001,10.715463600148999,,,,
0.652795,927,1079.0,-2.9981373998510006,-2.3075243998510007,2.5267666001489992,-7.8324283998510005,,,,
0.653874,927,1079.0,-6.845838399851,6.670444600148999,-8.621700399851001,2.6254256001489993,,,,
0.654953,927,1079.0,5.979831600148999,-5.760589399851001,0.2576096001489994,1.7374946001489993,,,,
0.656032,927,1079.0,-9.410972399851,6.670444600148999,-0.1370263998510006,0.2576096001489994,,,,
0.657111,927,1079.0,1.2441996001489994,-5.957907399851001,5.091900600148999,2.2307896001489995,,,,
0.65819,927,1079.0,-4.773999399851,-0.6303213998510006,0.5535866001489994,1.6388356001489994,,,,
0.659269,927,1079.0,-3.0967963998510006,0.7509046001489994,-1.8142293998510006,-12.469401399851,,,,
0.660348,927,1079.0,-3.7874093998510006,3.7106746001489994,-6.056566399851,-11.877447399851,,,,
0.661427,927,1079.0,0.3562686001489994,4.302628600148999,-10.890857399851,-0.43300339985100056,,,,
0.662506,927,1079.0,2.0334716001489994,-3.7874093998510006,1.5401766001489994,-9.016336399851001,,,,
0.663585,927,1079.0,-8.819018399851,6.374467600148999,-10.989516399851,9.038260600148998,,,,
0.664664,927,1079.0,3.7106746001489994,-6.747179399851,-1.7155703998510006,4.105310600148999,,,,
0.665743,927,1079.0,-5.563271399851001,5.486536600148999,-8.819018399851,-5.464612399851,,,,
0.666822,927,1079.0,6.078490600148999,-2.1102063998510006,-4.576681399851,-3.0967963998510006,,,,
0.667901,927,1079.0,-0.43300339985100056,5.782513600149,-11.976106399851,8.347647600149,,,,
0.66898,927,1079.0,6.4731266001489995,-3.6887503998510005,-0.9262983998510006,-3.3927733998510003,,,,
0.670059,927,1079.0,-0.8276393998510005,-1.8142293998510006,-0.43300339985100056,-0.5316623998510006,,,,
0.671138,927,1079.0,0.060291600148999404,1.1455406001489994,-9.213654399851,9.235578600149,,,,
0.672217,927,1079.0,-2.2088653998510006,-2.5048423998510003,0.7509046001489994,-8.917677399851,,,,
0.673296,927,1079.0,-2.4061833998510007,3.8093336001489995,-5.661930399851,-4.083386399851,,,,
0.674375,927,1079.0,5.881172600148999,-5.464612399851,1.9348126001489994,-4.576681399851,,,,
0.675454,927,1079.0,-6.2538843998510005,6.571785600148999,-4.4780223998510005,-9.312313399851,,,,
0.676533,927,1079.0,1.0468816001489993,-9.312313399851,7.755693600148999,-0.1370263998510006,,,,
0.677612,927,1079.0,-6.747179399851,-0.1370263998510006,-2.2088653998510006,5.881172600148999,,,,
0.678691,927,1079.0,0.3562686001489994,-3.2941143998510003,0.9482226001489994,-10.594880399851,,,,
0.67977,927,1079.0,-3.5900913998510005,1.5401766001489994,0.6522456001489993,-17.007715399851,,,,
0.680849,927,1079.0,6.177149600148999,-2.0115473998510005,-3.4914323998510004,-6.451202399851001,,,,
0.681928,927,1079.0,0.5535866001489994,-3.5900913998510005,2.428107600148999,-12.074765399851,,,,
0.683007,927,1079.0,-5.069976399851001,2.329448600148999,-5.267294399851,4.105310600148999,,,,
0.684086,927,1079.0,3.5133566001489993,-8.621700399851001,4.499946600148999,13.477915600148998,,,,
0.685165,927,1079.0,-1.9128883998510005,0.2576096001489994,-4.083386399851,3.0200616001489995,,,,
0.686244,927,1079.0,4.6972646001489995,-7.437792399851,5.387877600148999,-5.563271399851001,,,,
0.687323,927,1079.0,-1.0249573998510007,3.5133566001489993,-5.267294399851,0.4549276001489994,,,,
0.688402,927,1079.0,8.446306600148999,-9.608290399851,9.531555600149,-8.621700399851001,,,,
0.689481,927,1079.0,-4.872658399851001,-2.1102063998510006,3.316038600148999,3.316038600148999,,,,
0.69056,927,1079.0,1.2441996001489994,-4.182045399851001,-0.8276393998510005,14.957800600149,,,,
0.691639,927,1079.0,-1.6169113998510005,-5.563271399851001,5.979831600148999,-2.7021603998510004,,,,
0.692718,927,1079.0,0.5535866001489994,-1.2222753998510005,1.9348126001489994,-4.971317399851,,,,
0.693797,927,1079.0,4.499946600148999,-4.773999399851,5.091900600148999,-8.424382399851,,,,
0.694876,927,1079.0,-2.7021603998510004,4.6972646001489995,-3.0967963998510006,-4.4780223998510005,,,,
0.695955,927,1079.0,3.4146976001489993,-9.706949399851,11.504735600148999,1.9348126001489994,,,,
0.697034,927,1079.0,-4.971317399851,1.6388356001489994,-4.872658399851001,15.648413600148999,,,,
0.698113,927,1079.0,4.499946600148999,-7.536451399851001,5.091900600148999,0.6522456001489993,,,,
0.699192,927,1079.0,-4.675340399851001,1.1455406001489994,2.2307896001489995,-10.496221399851,,,,
0.700271,927,1079.0,9.531555600149,-3.6887503998510005,-1.1236163998510005,-0.2356853998510006,,,,
0.70135,927,1079.0,-1.3209343998510006,0.2576096001489994,-1.1236163998510005,-0.6303213998510006,,,,
0.702429,927,1079.0,-1.3209343998510006,0.2576096001489994,-3.2941143998510003,6.374467600148999,,,,
0.703508,927,1079.0,2.2307896001489995,-6.549861399851,3.907992600148999,19.397455600148998,,,,
0.704587,927,1079.0,-0.8276393998510005,-0.43300339985100056,-5.267294399851,8.939601600148999,,,,
0.705666,927,1079.0,1.3428586001489993,-5.760589399851001,5.979831600148999,-7.043156399851,,,,
0.706745,927,1079.0,-4.182045399851001,6.769103600148999,-8.621700399851001,3.0200616001489995,,,,
0.707824,927,1079.0,8.051670600148999,-7.635110399851,7.361057600149,-9.509631399851001,,,,
0.708903,927,1079.0,-8.128405399851001,4.203969600149,-1.6169113998510005,2.1321306001489995,,,,
0.709982,927,1079.0,2.9214026001489994,-4.576681399851,0.3562686001489994,11.307417600149,,,,
0.711061,927,1079.0,-3.3927733998510003,-2.2088653998510006,2.2307896001489995,1.2441996001489994,,,,
0.71214,927,1079.0,-0.8276393998510005,0.1589506001489994,1.0468816001489993,-11.778788399851,,,,
0.713219,927,1079.0,-0.03836739985100059,1.0468816001489993,-1.0249573998510007,-7.733769399851,,,,
0.714298,927,1079.0,-0.8276393998510005,4.598605600148999,-8.128405399851001,0.060291600148999404,,,,
0.715377,927,1079.0,1.4415176001489993,-5.267294399851,6.867762600148999,-3.2941143998510003,,,,
0.716456,927,1079.0,-5.859248399851,3.6120156001489994,-7.931087399851,12.787302600149,,,,
0.717535,927,1079.0,2.7240846001489993,-7.931087399851,4.302628600148999,-0.1370263998510006,,,,
0.718614,927,1079.0,-8.720359399851,5.289218600148999,-3.6887503998510005,-8.325723399851,,,,
0.719693,927,1079.0,6.966421600148999,-2.3075243998510007,-3.4914323998510004,-1.2222753998510005,,,,
0.720772,927,1079.0,-5.464612399851,6.177149600148999,-6.845838399851,1.1455406001489994,,,,
0.721851,927,1079.0,-0.03836739985100059,-0.2356853998510006,-2.2088653998510006,1.6388356001489994,,,,
0.72293,927,1079.0,-1.1236163998510005,-2.8008193998510005,1.1455406001489994,14.760482600148999,,,,
0.724009,927,1079.0,-1.8142293998510006,0.4549276001489994,-7.240474399851,12.885961600148999,,,,
0.725088,927,1079.0,-3.0967963998510006,-2.2088653998510006,3.217379600148999,-5.464612399851,,,,
0.726167,927,1079.0,-4.280704399851,6.177149600148999,-8.325723399851,4.993241600148999,,,,
0.727246,927,1079.0,7.065080600148999,-5.563271399851001,5.486536600148999,-6.9444973998510005,,,,
0.728325,927,1079.0,-7.536451399851001,7.657034600148999,-2.9981373998510006,-0.03836739985100059,,,,
0.729404,927,1079.0,2.8227436001489994,-7.339133399851001,5.486536600148999,14.069869600149,,,,
0.730483,927,1079.0,-7.536451399851001,0.4549276001489994,0.4549276001489994,9.827532600148999,,,,
0.731562,927,1079.0,-1.0249573998510007,-2.1102063998510006,3.5133566001489993,-7.043156399851,,,,
0.732641,927,1079.0,-2.9981373998510006,3.8093336001489995,-4.182045399851001,-1.1236163998510005,,,,
0.73372,927,1079.0,2.428107600148999,1.7374946001489993,-4.971317399851,-0.1370263998510006,,,,
0.734799,927,1079.0,-0.8276393998510005,-2.8008193998510005,4.795923600148999,-7.240474399851,,,,
0.735878,927,1079.0,-5.3659533998510005,2.9214026001489994,-6.056566399851,10.222168600148999,,,,
0.736957,927,1079.0,0.9482226001489994,-7.141815399851001,3.6120156001489994,5.5851956001489995,,,,
0.738036,927,1079.0,-7.240474399851,3.8093336001489995,-4.379363399851001,-0.9262983998510006,,,,
0.739115,927,1079.0,4.894582600149,-4.773999399851,1.2441996001489994,-1.4195933998510006,,,,
0.740194,927,1079.0,-6.155225399851,7.361057600149,-5.859248399851,-0.5316623998510006,,,,
0.741273,927,1079.0,2.5267666001489992,-3.9847273998510007,4.105310600148999,-6.056566399851,,,,
0.742352,927,1079.0,-4.280704399851,-1.1236163998510005,1.0468816001489993,10.024850600149,,,,
0.743431,927,1079.0,-0.5316623998510006,-2.0115473998510005,-3.1954553998510007,18.312206600149,,,,
0.74451,927,1079.0,-5.464612399851,-1.5182523998510005,6.078490600148999,-2.0115473998510005,,,,
0.745589,927,1079.0,-0.7289803998510006,2.6254256001489993,-2.1102063998510006,3.907992600148999,,,,
0.746668,927,1079.0,5.190559600148999,-4.083386399851,5.5851956001489995,-7.733769399851,,,,
0.747747,927,1079.0,-4.872658399851001,6.670444600148999,-2.9981373998510006,-5.760589399851001,,,,
0.748826,927,1079.0,2.1321306001489995,-7.141815399851001,10.024850600149,10.814122600148998,,,,
0.749905,927,1079.0,-6.2538843998510005,2.6254256001489993,-2.2088653998510006,15.451095600149,,,,
0.750984,927,1079.0,1.7374946001489993,-5.3659533998510005,5.289218600148999,0.4549276001489994,,,,
0.752063,927,1079.0,-3.9847273998510007,4.499946600148999,-6.648520399851001,1.0468816001489993,,,,
0.753142,927,1079.0,6.670444600148999,-1.3209343998510006,-4.083386399851,-4.182045399851001,,,,
0.754221,927,1079.0,-2.3075243998510007,-0.1370263998510006,0.8495636001489993,-11.285493399851001,,,,
0.7553,927,1079.0,-3.0967963998510006,1.4415176001489993,-5.661930399851,4.894582600149,,,,
0.756379,927,1079.0,1.5401766001489994,-6.451202399851001,1.4415176001489993,8.544965600148998,,,,
0.757458,927,1079.0,-3.9847273998510007,0.8495636001489993,-4.4780223998510005,1.1455406001489994,,,,
0.758537,927,1079.0,3.217379600148999,-7.141815399851001,3.907992600148999,-6.155225399851,,,,
0.759616,927,1079.0,-4.280704399851,7.361057600149,-7.733769399851,-2.8008193998510005,,,,
0.760695,927,1079.0,7.065080600148999,-6.747179399851,7.459716600148999,-13.949286399851,,,,
0.761774,927,1079.0,-5.760589399851001,2.2307896001489995,-2.5048423998510003,4.499946600148999,,,,
0.762853,927,1079.0,3.118720600148999,-4.379363399851001,-1.3209343998510006,15.648413600148999,,,,
0.763932,927,1079.0,-5.760589399851001,-1.0249573998510007,3.5133566001489993,-0.33434439985100056,,,,
0.765011,927,1079.0,3.6120156001489994,-0.6303213998510006,-0.2356853998510006,-1.8142293998510006,,,,
0.76609,927,1079.0,3.907992600148999,-1.3209343998510006,1.4415176001489993,-6.352543399851,,,,
0.767169,927,1079.0,-1.1236163998510005,4.795923600148999,-5.563271399851001,-7.339133399851001,,,,
0.768248,927,1079.0,2.7240846001489993,-5.760589399851001,8.446306600148999,3.4146976001489993,,,,
0.769327,927,1079.0,-2.8994783998510005,2.329448600148999,-6.549861399851,16.141708600149,,,,
0.770406,927,1079.0,4.302628600148999,-8.720359399851,6.670444600148999,-1.1236163998510005,,,,
0.771485,927,1079.0,-5.464612399851,4.499946600148999,-6.155225399851,-2.5048423998510003,,,,
0.772564,927,1079.0,8.742283600149,-3.9847273998510007,-2.9981373998510006,-7.536451399851001,,,,
0.773643,927,1079.0,-4.872658399851001,2.6254256001489993,-2.8008193998510005,-12.469401399851,,,,
0.774722,927,1079.0,-0.33434439985100056,-0.6303213998510006,-3.9847273998510007,-1.4195933998510006,,,,
0.775801,927,1079.0,0.060291600148999404,-4.971317399851,0.5535866001489994,9.827532600148999,,,,
0.77688,927,1079.0,-2.5048423998510003,-1.6169113998510005,-1.0249573998510007,1.4415176001489993,,,,
0.777959,927,1079.0,-0.5316623998510006,-5.267294399851,7.065080600148999,-10.496221399851,,,,
0.779038,927,1079.0,-3.1954553998510007,5.387877600148999,-7.931087399851,-1.4195933998510006,,,,
0.780117,927,1079.0,6.867762600148999,-6.747179399851,7.755693600148999,-15.823807399851,,,,
0.781196,927,1079.0,-7.240474399851,5.190559600148999,-4.675340399851001,0.3562686001489994,,,,
0.782275,927,1079.0,5.091900600148999,-7.8324283998510005,2.6254256001489993,12.491325600148999,,,,
0.783354,927,1079.0,-8.029746399851,-0.1370263998510006,1.6388356001489994,3.5133566001489993,,,,
0.784433,927,1079.0,4.203969600149,-3.0967963998510006,1.9348126001489994,-3.7874093998510006,,,,
0.785512,927,1079.0,1.2441996001489994,1.2441996001489994,-1.9128883998510005,-3.1954553998510007,,,,
0.786591,927,1079.0,1.2441996001489994,2.6254256001489993,-4.4780223998510005,-7.437792399851,,,,
0.78767,927,1079.0,1.3428586001489993,-4.083386399851,6.769103600148999,-3.9847273998510007,,,,
0.788749,927,1079.0,-1.5182523998510005,0.9482226001489994,-6.9444973998510005,12.294007600149,,,,
0.789828,927,1079.0,2.0334716001489994,-9.114995399851,6.078490600148999,-2.0115473998510005,,,,
0.790907,927,1079.0,-8.523041399851,4.302628600148999,-6.747179399851,-2.1102063998510006,,,,
0.791986,927,1079.0,6.670444600148999,-5.661930399851,-1.9128883998510005,-7.8324283998510005,,,,
0.793065,927,1079.0,-6.056566399851,5.979831600148999,-6.155225399851,-15.133194399851,,,,
0.794144,927,1079.0,2.2307896001489995,-3.0967963998510006,-1.1236163998510005,-9.608290399851,,,,
0.795223,927,1079.0,-2.8994783998510005,-2.4061833998510007,-2.0115473998510005,4.203969600149,,,,
0.796302,927,1079.0,-1.6169113998510005,-3.2941143998510003,-0.8276393998510005,-0.03836739985100059,,,,
0.797381,927,1079.0,-3.7874093998510006,-2.4061833998510007,3.907992600148999,-11.482811399851,,,,
0.79846,927,1079.0,-0.6303213998510006,3.316038600148999,-6.747179399851,-1.6169113998510005,,,,
0.799539,927,1079.0,5.289218600148999,-4.576681399851,4.894582600149,-15.725148399851,,,,
0.800618,927,1079.0,-5.859248399851,6.4731266001489995,-6.352543399851,-3.8860683998510006,,,,
0.801697,927,1079.0,4.203969600149,-7.635110399851,3.7106746001489994,9.728873600148999,,,,
0.802776,927,1079.0,-7.8324283998510005,1.9348126001489994,-2.6035013998510004,7.1637396001489995,,,,
0.803855,927,1079.0,3.6120156001489994,-4.576681399851,1.6388356001489994,-2.4061833998510007,,,,
0.804934,927,1079.0,-1.4195933998510006,4.105310600148999,-6.845838399851,-1.4195933998510006,,,,
0.806013,927,1079.0,4.105310600148999,0.7509046001489994,-3.8860683998510006,-10.397562399851001,,,,
0.807092,927,1079.0,-0.6303213998510006,-1.2222753998510005,2.7240846001489993,-12.568060399851,,,,
0.808171,927,1079.0,-0.5316623998510006,0.5535866001489994,-7.240474399851,6.275808600148999,,,,
0.80925,927,1079.0,-0.8276393998510005,-6.9444973998510005,2.428107600148999,-1.4195933998510006,,,,
0.810329,927,1079.0,-7.437792399851,2.1321306001489995,-6.747179399851,-1.8142293998510006,,,,
0.811408,927,1079.0,4.203969600149,-7.141815399851001,-0.6303213998510006,-9.509631399851001,,,,
0.812487,927,1079.0,-4.872658399851001,7.459716600148999,-9.608290399851,-16.415761399851,,,,
0.813566,927,1079.0,4.302628600148999,-5.760589399851001,1.9348126001489994,-16.810397399851,,,,
0.814645,927,1079.0,-5.760589399851001,0.6522456001489993,-5.069976399851001,0.3562686001489994,,,,
0.815724,927,1079.0,0.1589506001489994,-4.971317399851,-0.33434439985100056,2.1321306001489995,,,,
0.816803,927,1079.0,-6.648520399851001,-0.8276393998510005,2.0334716001489994,-10.200244399851,,,,
0.817882,927,1079.0,2.1321306001489995,0.5535866001489994,-4.576681399851,-3.6887503998510005,,,,
0.818961,927,1079.0,3.6120156001489994,-2.5048423998510003,2.428107600148999,-14.738558399851,,,,
0.82004,927,1079.0,-3.6887503998510005,5.683854600148999,-5.957907399851001,-8.325723399851,,,,
0.821119,927,1079.0,3.316038600148999,-5.957907399851001,4.499946600148999,8.347647600149,,,,
0.822198,927,1079.0,-5.267294399851,3.0200616001489995,-5.464612399851,12.589984600148998,,,,
0.823277,927,1079.0,3.4146976001489993,-7.339133399851001,4.006651600149,-0.43300339985100056,,,,
0.824356,927,1079.0,-3.6887503998510005,5.486536600148999,-8.917677399851,0.4549276001489994,,,,
0.825435,927,1079.0,7.1637396001489995,-1.9128883998510005,-1.2222753998510005,-12.864037399851,,,,
0.826514,927,1079.0,-3.0967963998510006,1.7374946001489993,-0.2356853998510006,-17.895646399851,,,,
0.827593,927,1079.0,1.4415176001489993,-0.9262983998510006,-4.971317399851,0.3562686001489994,,,,
0.828672,927,1079.0,-2.4061833998510007,-5.464612399851,0.8495636001489993,0.3562686001489994,,,,
0.829751,927,1079.0,-5.464612399851,-1.2222753998510005,-3.0967963998510006,-2.7021603998510004,,,,
0.83083,927,1079.0,0.7509046001489994,-6.747179399851,2.7240846001489993,-11.186834399851,,,,
0.831909,927,1079.0,-3.6887503998510005,5.683854600148999,-10.002926399851,-14.738558399851,,,,
0.832988,927,1079.0,3.907992600148999,-6.155225399851,5.387877600148999,-21.250052399851,,,,
0.834067,927,1079.0,-7.339133399851001,3.118720600148999,-7.141815399851001,-0.5316623998510006,,,,
0.835146,927,1079.0,2.329448600148999,-7.437792399851,2.1321306001489995,5.190559600148999,,,,
0.836225,927,1079.0,-8.325723399851,-0.5316623998510006,1.8361536001489993,-5.069976399851001,,,,
0.837304,927,1079.0,5.091900600148999,-2.5048423998510003,-1.3209343998510006,-3.3927733998510003,,,,
0.838383,927,1079.0,2.329448600148999,-0.43300339985100056,0.2576096001489994,-11.384152399851,,,,
0.839462,927,1079.0,-0.7289803998510006,4.006651600149,-4.280704399851,-10.594880399851,,,,
0.840541,927,1079.0,2.6254256001489993,-4.083386399851,4.302628600148999,5.486536600148999,,,,
0.84162,927,1079.0,-2.0115473998510005,1.4415176001489993,-6.747179399851,16.339026600148998,,,,
0.842699,927,1079.0,2.0334716001489994,-9.410972399851,7.262398600148999,0.4549276001489994,,,,
0.843778,927,1079.0,-6.2538843998510005,4.993241600148999,-8.227064399851,4.105310600148999,,,,
0.844857,927,1079.0,8.446306600148999,-4.4780223998510005,1.5401766001489994,-11.285493399851001,,,,
0.845936,927,1079.0,-5.661930399851,5.289218600148999,-3.2941143998510003,-17.599669399851,,,,
0.847015,927,1079.0,4.105310600148999,-2.6035013998510004,-2.3075243998510007,-4.379363399851001,,,,
0.848094,927,1079.0,-3.4914323998510004,-3.2941143998510003,-0.6303213998510006,3.118720600148999,,,,
0.849173,927,1079.0,-3.8860683998510006,-3.3927733998510003,0.3562686001489994,-1.1236163998510005,,,,
0.850252,927,1079.0,-1.7155703998510006,-4.4780223998510005,2.8227436001489994,-6.845838399851,,,,
0.851331,927,1079.0,-1.8142293998510006,4.006651600149,-9.312313399851,-8.819018399851,,,,
0.85241,927,1079.0,3.5133566001489993,-4.773999399851,5.289218600148999,-19.375531399851,,,,
0.853489,927,1079.0,-5.859248399851,5.782513600149,-8.029746399851,-0.43300339985100056,,,,
0.854568,927,1079.0,4.993241600148999,-8.523041399851,4.203969600149,7.657034600148999,,,,
0.855647,927,1079.0,-9.213654399851,0.9482226001489994,0.6522456001489993,2.9214026001489994,,,,
0.856726,927,1079.0,5.5851956001489995,-4.675340399851001,1.0468816001489993,1.6388356001489994,,,,
0.857805,927,1079.0,0.7509046001489994,2.7240846001489993,-2.8994783998510005,-4.280704399851,,,,
0.858884,927,1079.0,3.0200616001489995,2.428107600148999,-1.9128883998510005,-9.410972399851,,,,
0.859963,927,1079.0,1.5401766001489994,-1.2222753998510005,3.0200616001489995,1.7374946001489993,,,,
0.861042,927,1079.0,0.6522456001489993,0.060291600148999404,-5.957907399851001,16.043049600149,,,,
0.862121,927,1079.0,-0.9262983998510006,-7.339133399851001,6.374467600148999,2.8227436001489994,,,,
0.8632,927,1079.0,-7.141815399851001,3.316038600148999,-6.352543399851,9.531555600149,,,,
0.864279,927,1079.0,6.374467600148999,-6.056566399851,3.0200616001489995,-5.464612399851,,,,
0.865358,927,1079.0,-5.3659533998510005,8.051670600148999,-5.563271399851001,-14.738558399851,,,,
0.866437,927,1079.0,5.881172600148999,-4.083386399851,0.8495636001489993,-7.043156399851,,,,
0.867516,927,1079.0,-4.872658399851001,-0.5316623998510006,-1.9128883998510005,4.598605600148999,,,,
0.868595,927,1079.0,-2.3075243998510007,-4.675340399851001,3.8093336001489995,3.0200616001489995,,,,
0.869674,927,1079.0,-4.4780223998510005,-2.1102063998510006,2.2307896001489995,1.4415176001489993,,,,
0.870753,927,1079.0,0.4549276001489994,1.9348126001489994,-6.549861399851,0.2576096001489994,,,,
0.871832,927,1079.0,2.428107600148999,-2.8008193998510005,4.598605600148999,-14.245263399851,,,,
0.872911,927,1079.0,-3.9847273998510007,6.374467600148999,-6.352543399851,0.3562686001489994,,,,
0.87399,927,1079.0,4.401287600148999,-6.549861399851,4.795923600148999,9.630214600149,,,,
0.875069,927,1079.0,-7.536451399851001,3.217379600148999,-0.7289803998510006,11.899371600149,,,,
0.876148,927,1079.0,4.105310600148999,-6.9444973998510005,4.6972646001489995,8.544965600148998,,,,
0.877227,927,1079.0,-1.5182523998510005,5.782513600149,-5.168635399851,5.091900600148999,,,,
0.878306,927,1079.0,6.4731266001489995,0.3562686001489994,1.8361536001489993,-6.9444973998510005,,,,
0.879385,927,1079.0,-0.2356853998510006,2.2307896001489995,1.3428586001489993,-0.8276393998510005,,,,
0.880464,927,1079.0,3.0200616001489995,-0.6303213998510006,-3.8860683998510006,14.464505600149,,,,
0.881543,927,1079.0,-3.4914323998510004,-4.971317399851,5.190559600148999,7.755693600148999,,,,
0.882622,927,1079.0,-6.056566399851,1.0468816001489993,-3.0967963998510006,14.168528600149,,,,
0.883701,927,1079.0,3.5133566001489993,-6.2538843998510005,4.302628600148999,2.5267666001489992,,,,
0.88478,927,1079.0,-4.4780223998510005,7.558375600148999,-6.155225399851,-9.114995399851,,,,
0.885859,927,1079.0,4.894582600149,-4.576681399851,4.795923600148999,-7.240474399851,,,,
0.886938,927,1079.0,-5.859248399851,2.7240846001489993,-3.6887503998510005,6.966421600148999,,,,
0.888017,927,1079.0,-0.33434439985100056,-6.056566399851,6.078490600148999,6.966421600148999,,,,
0.889096,927,1079.0,-7.043156399851,-0.03836739985100059,2.0334716001489994,8.544965600148998,,,,
0.890175,927,1079.0,3.316038600148999,-0.6303213998510006,-2.7021603998510004,7.459716600148999,,,,
0.891254,927,1079.0,0.3562686001489994,-0.1370263998510006,3.118720600148999,-7.931087399851,,,,
0.892333,927,1079.0,-1.7155703998510006,5.190559600148999,-4.083386399851,0.7509046001489994,,,,
0.893412,927,1079.0,3.217379600148999,-3.5900913998510005,3.316038600148999,11.603394600148999,,,,
0.894491,927,1079.0,-4.576681399851,3.0200616001489995,-2.4061833998510007,18.016229600149,,,,
0.89557,927,1079.0,2.1321306001489995,-8.523041399851,8.544965600148998,11.702053600148998,,,,
0.896649,927,1079.0,-3.7874093998510006,6.078490600148999,-5.957907399851001,13.280597600149,,,,
0.897728,927,1079.0,8.742283600149,-1.7155703998510006,5.5851956001489995,-4.4780223998510005,,,,
0.898807,927,1079.0,-2.5048423998510003,5.387877600148999,-0.1370263998510006,-1.7155703998510006,,,,
0.899886,927,1079.0,5.190559600148999,-1.3209343998510006,-1.6169113998510005,12.195348600148998,,,,
0.900965,927,1079.0,-5.563271399851001,-2.7021603998510004,4.105310600148999,10.814122600148998,,,,
0.902044,927,1079.0,-5.069976399851001,-1.2222753998510005,0.3562686001489994,14.859141600148998,,,,
0.903123,927,1079.0,0.3562686001489994,-4.773999399851,4.598605600148999,7.657034600148999,,,,
0.904202,927,1079.0,-3.4914323998510004,5.782513600149,-5.661930399851,-3.9847273998510007,,,,
0.905281,927,1079.0,3.0200616001489995,-3.4914323998510004,7.361057600149,-8.621700399851001,,,,
0.90636,927,1079.0,-4.675340399851001,5.979831600148999,-5.957907399851001,8.248988600149,,,,
0.907439,927,1079.0,2.8227436001489994,-7.733769399851,7.459716600148999,7.558375600148999,,,,
0.908518,927,1079.0,-9.213654399851,1.8361536001489993,1.6388356001489994,11.307417600149,,,,
0.909597,927,1079.0,5.486536600148999,-3.7874093998510006,1.0468816001489993,10.222168600148999,,,,
0.910676,927,1079.0,-1.7155703998510006,2.6254256001489993,0.9482226001489994,-2.6035013998510004,,,,
0.911755,927,1079.0,1.2441996001489994,3.4146976001489993,-1.3209343998510006,-0.9262983998510006,,,,
0.912834,927,1079.0,2.1321306001489995,-1.1236163998510005,2.0334716001489994,11.110099600148999,,,,
0.913913,927,1079.0,-1.7155703998510006,1.0468816001489993,-1.5182523998510005,18.410865600149,,,,
0.914992,927,1079.0,-0.1370263998510006,-7.733769399851,10.419486600149,11.307417600149,,,,
0.916071,927,1079.0,-4.872658399851001,4.499946600148999,-5.069976399851001,16.635003600149,,,,
0.91715,927,1079.0,8.150329600149,-4.083386399851,7.262398600148999,-2.6035013998510004,,,,
0.918229,927,1079.0,-4.675340399851001,8.248988600149,-2.0115473998510005,-2.9981373998510006,,,,
0.919308,927,1079.0,7.262398600148999,-2.8008193998510005,0.9482226001489994,8.248988600149,,,,
0.920387,927,1079.0,-6.056566399851,-0.6303213998510006,2.428107600148999,10.616804600148999,,,,
0.921466,927,1079.0,-3.8860683998510006,-3.5900913998510005,3.217379600148999,12.589984600148998,,,,
0.922545,927,1079.0,-2.9981373998510006,-2.7021603998510004,2.6254256001489993,10.222168600148999,,,,
0.923624,927,1079.0,-1.6169113998510005,3.217379600148999,-5.168635399851,-0.2356853998510006,,,,
0.924703,927,1079.0,1.1455406001489994,-1.7155703998510006,6.769103600148999,-10.792198399851,,,,
0.925782,927,1079.0,-2.3075243998510007,6.374467600148999,-6.549861399851,5.979831600148999,,,,
0.926861,927,1079.0,4.499946600148999,-7.043156399851,6.867762600148999,5.881172600148999,,,,
0.92794,927,1079.0,-9.312313399851,3.217379600148999,-0.2356853998510006,11.110099600148999,,,,
0.929019,927,1079.0,4.598605600148999,-7.8324283998510005,10.024850600149,1.7374946001489993,,,,
0.930098,927,1079.0,-2.2088653998510006,-4.280704399851,1.4415176001489993,4.401287600148999,,,,
0.931177,927,1079.0,1.4415176001489993,-6.056566399851,3.316038600148999,-0.8276393998510005,,,,
0.932256,927,1079.0,2.1321306001489995,-9.509631399851001,3.5133566001489993,0.2576096001489994,,,,
0.933335,927,1079.0,11.110099600148999,-7.141815399851001,-2.9981373998510006,3.316038600148999,,,,
0.934414,927,1079.0,7.558375600148999,-12.074765399851,8.150329600149,-8.621700399851001,,,,
0.935493,927,1079.0,-2.1102063998510006,-0.33434439985100056,0.4549276001489994,-7.437792399851,,,,
0.936572,927,1079.0,10.320827600148998,-7.536451399851001,0.6522456001489993,-0.7289803998510006,,,,
0.937651,927,1079.0,-0.43300339985100056,2.5267666001489992,-0.9262983998510006,-2.0115473998510005,,,,
0.93873,927,1079.0,2.8227436001489994,-6.549861399851,7.361057600149,-3.1954553998510007,,,,
0.939809,927,1079.0,-2.4061833998510007,-4.4780223998510005,6.670444600148999,-1.4195933998510006,,,,
0.940888,927,1079.0,-1.5182523998510005,-6.747179399851,5.289218600148999,-3.9847273998510007,,,,
0.941967,927,1079.0,-9.805608399851,-1.3209343998510006,5.289218600148999,-6.451202399851001,,,,
0.943046,927,1079.0,-2.7021603998510004,-1.5182523998510005,-0.33434439985100056,1.7374946001489993,,,,
0.944125,927,1079.0,2.1321306001489995,-11.680129399851,11.998030600148999,-3.5900913998510005,,,,
0.945204,927,1079.0,-10.496221399851,0.2576096001489994,3.0200616001489995,-4.182045399851001,,,,
0.946283,927,1079.0,-3.5900913998510005,-6.155225399851,2.6254256001489993,-4.675340399851001,,,,
0.947362,927,1079.0,-10.002926399851,4.499946600148999,-1.2222753998510005,-4.971317399851,,,,
0.948441,927,1079.0,-4.971317399851,-7.141815399851001,5.5851956001489995,-7.240474399851,,,,
0.94952,927,1079.0,-12.173424399851001,8.347647600149,-10.397562399851001,7.459716600148999,,,,
0.950599,927,1079.0,-1.9128883998510005,0.5535866001489994,-4.675340399851001,5.091900600148999,,,,
0.951678,927,1079.0,-6.451202399851001,-1.2222753998510005,2.7240846001489993,-9.904267399851001,,,,
0.952757,927,1079.0,3.8093336001489995,-0.03836739985100059,-4.971317399851,-2.1102063998510006,,,,
0.953836,927,1079.0,-3.0967963998510006,2.8227436001489994,-4.379363399851001,-3.8860683998510006,,,,
0.954915,927,1079.0,-3.3927733998510003,5.881172600148999,-9.410972399851,5.683854600148999,,,,
0.955994,927,1079.0,4.105310600148999,-5.957907399851001,-3.9847273998510007,8.544965600148998,,,,
0.957073,927,1079.0,-6.9444973998510005,8.446306600148999,-6.056566399851,7.065080600148999,,,,
0.958152,927,1079.0,-4.083386399851,-1.5182523998510005,1.1455406001489994,1.6388356001489994,,,,
0.959231,927,1079.0,-8.325723399851,8.544965600148998,-9.706949399851,11.702053600148998,,,,
0.96031,927,1079.0,-2.1102063998510006,3.5133566001489993,-7.339133399851001,5.289218600148999,,,,
0.961389,927,1079.0,-15.034535399851,13.576574600149,-3.8860683998510006,1.3428586001489993,,,,
0.962468,927,1079.0,-2.4061833998510007,7.1637396001489995,-6.155225399851,6.670444600148999,,,,
0.963547,927,1079.0,-2.0115473998510005,2.7240846001489993,-0.43300339985100056,0.5535866001489994,,,,
0.964626,927,1079.0,-8.917677399851,8.544965600148998,-1.5182523998510005,0.2576096001489994,,,,
0.965705,927,1079.0,-3.4914323998510004,3.6120156001489994,0.4549276001489994,2.428107600148999,,,,
0.966784,927,1079.0,-5.168635399851,7.854352600148999,-10.989516399851,9.926191600148998,,,,
0.967863,927,1079.0,2.8227436001489994,-0.6303213998510006,-3.6887503998510005,5.881172600148999,,,,
0.968942,927,1079.0,-3.3927733998510003,12.294007600149,-15.823807399851,10.715463600148999,,,,
0.970021,927,1079.0,10.320827600148998,-3.2941143998510003,0.8495636001489993,-5.3659533998510005,,,,
0.9711,927,1079.0,-2.8008193998510005,3.4146976001489993,-1.5182523998510005,-5.464612399851,,,,
0.972179,927,1079.0,4.105310600148999,3.316038600148999,-8.621700399851001,4.499946600148999,,,,
0.973258,927,1079.0,-2.2088653998510006,4.894582600149,-6.056566399851,-0.33434439985100056,,,,
0.974337,927,1079.0,2.6254256001489993,2.5267666001489992,-1.7155703998510006,-3.8860683998510006,,,,
0.975416,927,1079.0,3.316038600148999,-2.6035013998510004,1.8361536001489993,-0.9262983998510006,,,,
0.976495,927,1079.0,-2.8994783998510005,6.670444600148999,-11.581470399851,-0.5316623998510006,,,,
0.977574,927,1079.0,-5.464612399851,-4.083386399851,5.683854600148999,-12.370742399851,,,,
0.978653,927,1079.0,-9.114995399851,2.9214026001489994,-3.9847273998510007,-2.6035013998510004,,,,
0.979732,927,1079.0,2.9214026001489994,-5.563271399851001,2.0334716001489994,-7.635110399851,,,,
0.980811,927,1079.0,-11.778788399851,3.7106746001489994,1.3428586001489993,-17.007715399851,,,,
0.98189,927,1079.0,3.6120156001489994,-7.437792399851,5.881172600148999,-9.213654399851,,,,
0.982969,927,1079.0,-3.3927733998510003,-3.6887503998510005,5.289218600148999,-10.594880399851,,,,
0.984048,927,1079.0,-5.464612399851,-0.03836739985100059,2.329448600148999,-6.352543399851,,,,
0.985127,927,1079.0,-0.33434439985100056,-7.339133399851001,-0.43300339985100056,1.0468816001489993,,,,
0.986206,927,1079.0,1.6388356001489994,-3.6887503998510005,-4.4780223998510005,1.3428586001489993,,,,
0.987285,927,1079.0,2.9214026001489994,-10.200244399851,8.643624600149,-12.962696399851,,,,
0.988364,927,1079.0,-4.280704399851,0.3562686001489994,-4.773999399851,-3.2941143998510003,,,,
0.989443,927,1079.0,9.630214600149,-13.554650399851,1.9348126001489994,-3.7874093998510006,,,,
0.990522,927,1079.0,-3.1954553998510007,-3.4914323998510004,-0.9262983998510006,-1.9128883998510005,,,,
0.991601,927,1079.0,4.894582600149,-8.720359399851,0.6522456001489993,2.1321306001489995,,,,
0.99268,927,1079.0,0.6522456001489993,-5.661930399851,3.5133566001489993,1.0468816001489993,,,,
0.993759,927,1079.0,7.558375600148999,-9.213654399851,6.769103600148999,-7.141815399851001,,,,
0.994838,927,1079.0,2.9214026001489994,-6.056566399851,4.105310600148999,-3.1954553998510007,,,,
0.995917,927,1079.0,0.2576096001489994,0.1589506001489994,-4.280704399851,0.5535866001489994,,,,
0.996996,927,1079.0,-0.8276393998510005,-10.496221399851,11.208758600148998,-10.594880399851,,,,
0.998075,927,1079.0,-2.3075243998510007,-1.8142293998510006,-0.8276393998510005,2.428107600148999,,,,
0.999154,927,1079.0,6.966421600148999,-10.496221399851,5.289218600148999,-0.7289803998510006,,,,
1.000233,927,1079.0,-6.9444973998510005,0.2576096001489994,4.598605600148999,-8.917677399851,,,,
1.001312,927,1079.0,7.953011600148999,-12.173424399851001,7.854352600148999,-1.0249573998510007,,,,
1.002391,927,1079.0,-0.03836739985100059,-1.3209343998510006,-1.5182523998510005,5.782513600149,,,,
1.00347,927,1079.0,2.5267666001489992,-3.5900913998510005,-0.8276393998510005,5.881172600148999,,,,
1.004549,927,1079.0,1.3428586001489993,-5.3659533998510005,4.499946600148999,8.446306600148999,,,,
1.005628,927,1079.0,7.953011600148999,-5.464612399851,-4.280704399851,10.518145600149,,,,
1.006707,927,1079.0,2.7240846001489993,-4.872658399851001,1.4415176001489993,-0.9262983998510006,,,,
1.007786,927,1079.0,-2.8008193998510005,4.401287600148999,-10.101585399851,9.926191600148998,,,,
1.008865,927,1079.0,8.840942600148999,-9.016336399851001,1.2441996001489994,16.832321600148997,,,,
1.009944,927,1079.0,-2.1102063998510006,3.0200616001489995,-3.8860683998510006,11.406076600149,,,,
1.011023,927,1079.0,5.5851956001489995,-6.2538843998510005,1.6388356001489994,7.755693600148999,,,,
1.012102,927,1079.0,0.5535866001489994,-0.1370263998510006,-3.3927733998510003,5.486536600148999,,,,
1.013181,927,1079.0,4.203969600149,-2.9981373998510006,10.814122600148998,-11.384152399851,,,,
1.01426,927,1079.0,-3.9847273998510007,2.8227436001489994,3.0200616001489995,-6.9444973998510005,,,,
1.015339,927,1079.0,0.5535866001489994,2.329448600148999,-4.4780223998510005,5.881172600148999,,,,
1.016418,927,1079.0,-0.1370263998510006,-4.083386399851,6.177149600148999,-7.339133399851001,,,,
1.017497,927,1079.0,-6.549861399851,0.7509046001489994,-0.7289803998510006,0.8495636001489993,,,,
1.018576,927,1079.0,0.6522456001489993,-4.971317399851,5.289218600148999,-6.056566399851,,,,
1.019655,927,1079.0,-7.635110399851,6.4731266001489995,-3.9847273998510007,-10.298903399851,,,,
1.020734,927,1079.0,4.795923600148999,-6.9444973998510005,-0.9262983998510006,-4.280704399851,,,,
1.021813,927,1079.0,-1.9128883998510005,7.558375600148999,-11.581470399851,4.993241600148999,,,,
1.022892,927,1079.0,4.006651600149,-3.0967963998510006,-0.1370263998510006,-4.083386399851,,,,
1.023971,927,1079.0,-2.3075243998510007,-0.9262983998510006,-0.1370263998510006,-1.0249573998510007,,,,
1.02505,927,1079.0,6.867762600148999,-2.3075243998510007,-10.101585399851,2.8227436001489994,,,,
1.026129,927,1079.0,-3.8860683998510006,0.3562686001489994,-4.971317399851,-5.168635399851,,,,
1.027208,927,1079.0,-2.8994783998510005,3.0200616001489995,-8.325723399851,0.9482226001489994,,,,
1.028287,927,1079.0,5.091900600148999,-5.859248399851,0.060291600148999404,3.7106746001489994,,,,
1.029366,927,1079.0,-4.971317399851,4.203969600149,-4.872658399851001,-2.9981373998510006,,,,
1.030445,927,1079.0,-1.3209343998510006,-6.056566399851,8.248988600149,-9.706949399851,,,,
1.031524,927,1079.0,-6.549861399851,2.6254256001489993,-2.1102063998510006,-3.2941143998510003,,,,
1.032603,927,1079.0,0.9482226001489994,-4.576681399851,11.702053600148998,-17.303692399851,,,,
1.033682,927,1079.0,-10.989516399851,6.670444600148999,-2.6035013998510004,-5.760589399851001,,,,
1.034761,927,1079.0,1.3428586001489993,-0.9262983998510006,-0.7289803998510006,-0.8276393998510005,,,,
1.03584,927,1079.0,-3.1954553998510007,-2.7021603998510004,5.091900600148999,-9.805608399851,,,,
1.036919,927,1079.0,-6.648520399851001,0.7509046001489994,-0.1370263998510006,2.329448600148999,,,,
1.037998,927,1079.0,-2.9981373998510006,-2.1102063998510006,-1.3209343998510006,5.683854600148999,,,,
1.039077,927,1079.0,-4.872658399851001,3.0200616001489995,-6.549861399851,2.428107600148999,,,,
1.040156,927,1079.0,1.8361536001489993,-7.141815399851001,5.289218600148999,-1.9128883998510005,,,,
1.041235,927,1079.0,-4.675340399851001,7.755693600148999,-10.792198399851,13.675233600149,,,,
1.042314,927,1079.0,4.105310600148999,-6.056566399851,2.5267666001489992,1.3428586001489993,,,,
1.043393,927,1079.0,-7.339133399851001,1.9348126001489994,-2.6035013998510004,3.7106746001489994,,,,
1.044472,927,1079.0,4.105310600148999,-3.4914323998510004,-5.069976399851001,15.747072600148998,,,,
1.045551,927,1079.0,-10.298903399851,4.894582600149,-2.9981373998510006,-3.1954553998510007,,,,
1.04663,927,1079.0,-2.4061833998510007,1.9348126001489994,-2.9981373998510006,-1.1236163998510005,,,,
1.047709,927,1079.0,0.2576096001489994,-2.7021603998510004,1.2441996001489994,-1.2222753998510005,,,,
1.048788,927,1079.0,-5.168635399851,4.499946600148999,-3.5900913998510005,-3.1954553998510007,,,,
1.049867,927,1079.0,-4.872658399851001,-2.7021603998510004,11.011440600149,-5.3659533998510005,,,,
1.050946,927,1079.0,-6.845838399851,5.190559600148999,-4.379363399851001,8.840942600148999,,,,
1.052025,927,1079.0,2.8227436001489994,-5.168635399851,6.867762600148999,-6.2538843998510005,,,,
1.053104,927,1079.0,-11.186834399851,9.136919600149,-9.509631399851001,-7.339133399851001,,,,
1.054183,927,1079.0,4.795923600148999,-2.6035013998510004,-4.576681399851,-1.4195933998510006,,,,
1.055262,927,1079.0,-5.464612399851,2.7240846001489993,-4.4780223998510005,-3.4914323998510004,,,,
1.056341,927,1079.0,-3.6887503998510005,1.1455406001489994,-5.267294399851,4.499946600148999,,,,
1.05742,927,1079.0,-1.1236163998510005,0.3562686001489994,-9.016336399851001,14.365846600148998,,,,
1.058499,927,1079.0,1.1455406001489994,0.7509046001489994,-8.819018399851,4.499946600148999,,,,
1.059578,927,1079.0,1.8361536001489993,-4.576681399851,2.2307896001489995,-6.352543399851,,,,
1.060657,927,1079.0,-3.7874093998510006,6.867762600148999,-12.469401399851,10.518145600149,,,,
1.061736,927,1079.0,8.446306600148999,-5.069976399851001,-0.03836739985100059,-0.03836739985100059,,,,
1.062815,927,1079.0,-4.182045399851001,4.6972646001489995,-6.648520399851001,5.5851956001489995,,,,
1.063894,927,1079.0,6.966421600148999,-4.280704399851,-4.182045399851001,10.419486600149,,,,
1.064973,927,1079.0,-8.424382399851,3.6120156001489994,-4.379363399851001,-2.8994783998510005,,,,
1.066052,927,1079.0,2.329448600148999,-3.0967963998510006,1.6388356001489994,-9.904267399851001,,,,
1.067131,927,1079.0,-0.5316623998510006,-0.33434439985100056,-0.5316623998510006,-7.141815399851001,,,,
1.06821,927,1079.0,-1.2222753998510005,2.428107600148999,-7.240474399851,-3.6887503998510005,,,,
1.069289,927,1079.0,-5.3659533998510005,-3.5900913998510005,6.966421600148999,-8.424382399851,,,,
1.070368,927,1079.0,-2.4061833998510007,-0.1370263998510006,-2.8994783998510005,6.966421600148999,,,,
1.071447,927,1079.0,3.6120156001489994,-8.424382399851,7.558375600148999,-6.056566399851,,,,
1.072526,927,1079.0,-8.424382399851,6.078490600148999,-4.675340399851001,-16.810397399851,,,,
1.073605,927,1079.0,5.5851956001489995,-8.128405399851001,4.401287600148999,-4.379363399851001,,,,
1.074684,927,1079.0,-3.9847273998510007,2.7240846001489993,-3.2941143998510003,0.1589506001489994,,,,
1.075763,927,1079.0,1.2441996001489994,-3.0967963998510006,1.3428586001489993,0.8495636001489993,,,,
1.076842,927,1079.0,-1.2222753998510005,-1.9128883998510005,-2.8008193998510005,15.747072600148998,,,,
1.077921,927,1079.0,4.598605600148999,-5.168635399851,1.3428586001489993,8.150329600149,,,,
1.079,927,1079.0,-0.8276393998510005,-4.280704399851,6.4731266001489995,-5.661930399851,,,,
1.080079,927,1079.0,-2.1102063998510006,2.8227436001489994,-5.661930399851,8.347647600149,,,,
1.081158,927,1079.0,7.361057600149,-7.536451399851001,6.078490600148999,-2.5048423998510003,,,,
1.082237,927,1079.0,-3.1954553998510007,1.3428586001489993,-1.4195933998510006,3.217379600148999,,,,
1.083316,927,1079.0,4.795923600148999,-9.805608399851,5.782513600149,8.840942600148999,,,,
1.084395,927,1079.0,-7.339133399851001,1.0468816001489993,0.1589506001489994,3.6120156001489994,,,,
1.085474,927,1079.0,5.289218600148999,-8.523041399851,10.024850600149,-10.890857399851,,,,
1.086553,927,1079.0,-2.8994783998510005,0.5535866001489994,-1.0249573998510007,0.9482226001489994,,,,
1.087632,927,1079.0,2.6254256001489993,-1.8142293998510006,-1.9128883998510005,3.118720600148999,,,,
1.088711,927,1079.0,-3.3927733998510003,-3.8860683998510006,7.459716600148999,-6.352543399851,,,,
1.08979,927,1079.0,2.8227436001489994,-3.2941143998510003,0.2576096001489994,9.235578600149,,,,
1.090869,927,1079.0,2.9214026001489994,-6.648520399851001,4.993241600148999,1.6388356001489994,,,,
1.091948,927,1079.0,-4.872658399851001,3.316038600148999,-3.2941143998510003,-4.773999399851,,,,
1.093027,927,1079.0,5.486536600148999,-8.917677399851,5.881172600148999,3.0200616001489995,,,,
1.094106,927,1079.0,-0.9262983998510006,4.993241600148999,-7.240474399851,11.702053600148998,,,,
1.095185,927,1079.0,4.993241600148999,-5.760589399851001,3.316038600148999,3.217379600148999,,,,
1.096264,927,1079.0,-2.5048423998510003,-0.43300339985100056,-2.8008193998510005,17.226957600149,,,,
1.097343,927,1079.0,5.683854600148999,-5.957907399851001,0.7509046001489994,13.675233600149,,,,
1.098422,927,1079.0,-4.675340399851001,-0.43300339985100056,1.7374946001489993,-2.4061833998510007,,,,
1.099501,927,1079.0,-0.1370263998510006,1.5401766001489994,-4.576681399851,6.275808600148999,,,,
1.10058,927,1079.0,4.6972646001489995,-4.773999399851,3.0200616001489995,-5.069976399851001,,,,
1.101659,927,1079.0,-3.6887503998510005,2.2307896001489995,-0.33434439985100056,-8.227064399851,,,,
1.102738,927,1079.0,0.2576096001489994,-5.563271399851001,6.966421600148999,0.5535866001489994,,,,
1.103817,927,1079.0,-6.056566399851,4.6972646001489995,-4.675340399851001,5.091900600148999,,,,
1.104896,927,1079.0,3.907992600148999,-7.141815399851001,8.544965600148998,-11.778788399851,,,,
1.105975,927,1079.0,-7.8324283998510005,6.769103600148999,-7.635110399851,0.5535866001489994,,,,
1.107054,927,1079.0,4.401287600148999,-2.2088653998510006,-2.3075243998510007,-0.33434439985100056,,,,
1.108133,927,1079.0,-4.971317399851,0.1589506001489994,2.0334716001489994,-9.904267399851001,,,,
1.109212,927,1079.0,1.4415176001489993,-1.1236163998510005,-3.2941143998510003,6.374467600148999,,,,
1.110291,927,1079.0,-1.1236163998510005,-1.8142293998510006,-1.7155703998510006,4.894582600149,,,,
1.11137,927,1079.0,-3.7874093998510006,2.8227436001489994,-6.056566399851,-0.8276393998510005,,,,
1.112449,927,1079.0,2.5267666001489992,-5.760589399851001,2.7240846001489993,-2.4061833998510007,,,,
1.113528,927,1079.0,-1.3209343998510006,6.571785600148999,-12.074765399851,9.630214600149,,,,
1.114607,927,1079.0,3.8093336001489995,-5.267294399851,3.7106746001489994,-4.872658399851001,,,,
1.115686,927,1079.0,-6.352543399851,3.907992600148999,-6.056566399851,9.630214600149,,,,
1.116765,927,1079.0,5.190559600148999,-4.872658399851001,-2.8994783998510005,14.760482600148999,,,,
1.117844,927,1079.0,-9.410972399851,4.401287600148999,-3.1954553998510007,-2.6035013998510004,,,,
1.118923,927,1079.0,1.8361536001489993,-0.2356853998510006,-3.0967963998510006,-0.2356853998510006,,,,
1.120002,927,1079.0,1.5401766001489994,-1.3209343998510006,-0.33434439985100056,-5.464612399851,,,,
1.121081,927,1079.0,-2.5048423998510003,2.7240846001489993,-1.0249573998510007,-13.751968399851,,,,
1.12216,927,1079.0,-2.4061833998510007,-2.5048423998510003,5.881172600148999,0.1589506001489994,,,,
1.123239,927,1079.0,-3.8860683998510006,3.4146976001489993,-6.747179399851,11.406076600149,,,,
1.124318,927,1079.0,3.217379600148999,-7.8324283998510005,8.248988600149,-6.845838399851,,,,
1.125397,927,1079.0,-9.410972399851,7.361057600149,-7.931087399851,2.7240846001489993,,,,
1.126476,927,1079.0,6.4731266001489995,-5.168635399851,0.3562686001489994,-1.7155703998510006,,,,
1.127555,927,1079.0,-6.845838399851,2.2307896001489995,-0.8276393998510005,-5.563271399851001,,,,
1.128634,927,1079.0,0.8495636001489993,-2.2088653998510006,-1.7155703998510006,4.795923600148999,,,,
1.129713,927,1079.0,-2.8994783998510005,-0.8276393998510005,-3.4914323998510004,10.912781600149,,,,
1.130792,927,1079.0,-1.2222753998510005,-1.0249573998510007,-2.3075243998510007,2.5267666001489992,,,,
1.131871,927,1079.0,-0.1370263998510006,-4.576681399851,5.5851956001489995,-5.760589399851001,,,,
1.13295,927,1079.0,-1.2222753998510005,4.401287600148999,-9.410972399851,6.078490600148999,,,,
1.134029,927,1079.0,1.3428586001489993,-4.773999399851,4.6972646001489995,-9.509631399851001,,,,
1.135108,927,1079.0,-7.635110399851,4.993241600148999,-6.451202399851001,5.190559600148999,,,,
1.136187,927,1079.0,5.387877600148999,-8.128405399851001,1.4415176001489993,13.971210600148998,,,,
1.137266,927,1079.0,-9.312313399851,5.091900600148999,-1.1236163998510005,-0.1370263998510006,,,,
1.138345,927,1079.0,3.5133566001489993,-4.280704399851,3.5133566001489993,-4.971317399851,,,,
1.139424,927,1079.0,-1.4195933998510006,0.4549276001489994,-1.0249573998510007,-2.8008193998510005,,,,
1.140503,927,1079.0,-0.7289803998510006,0.3562686001489994,-1.6169113998510005,-10.298903399851,,,,
1.141582,927,1079.0,-3.5900913998510005,-2.1102063998510006,5.782513600149,-2.4061833998510007,,,,
1.142661,927,1079.0,-0.6303213998510006,-0.1370263998510006,-3.8860683998510006,12.392666600149,,,,
1.14374,927,1079.0,1.6388356001489994,-7.437792399851,7.065080600148999,-4.182045399851001,,,,
1.144819,927,1079.0,-8.523041399851,5.190559600148999,-7.141815399851001,-0.03836739985100059,,,,
1.145898,927,1079.0,5.979831600148999,-7.339133399851001,1.2441996001489994,-1.1236163998510005,,,,
1.146977,927,1079.0,-4.872658399851001,4.894582600149,-5.3659533998510005,-4.083386399851,,,,
1.148056,927,1079.0,3.6120156001489994,-4.4780223998510005,-0.6303213998510006,-0.9262983998510006,,,,
1.149135,927,1079.0,-2.8008193998510005,-0.03836739985100059,-6.451202399851001,12.195348600148998,,,,
1.150214,927,1079.0,2.8227436001489994,-4.675340399851001,0.8495636001489993,-2.8994783998510005,,,,
1.151293,927,1079.0,-2.3075243998510007,-2.1102063998510006,2.5267666001489992,-10.792198399851,,,,
1.152372,927,1079.0,1.1455406001489994,1.8361536001489993,-7.536451399851001,2.9214026001489994,,,,
1.153451,927,1079.0,2.1321306001489995,-3.6887503998510005,2.9214026001489994,-11.581470399851,,,,
1.15453,927,1079.0,-4.083386399851,2.8227436001489994,-3.9847273998510007,-2.1102063998510006,,,,
1.155609,927,1079.0,4.795923600148999,-7.733769399851,3.907992600148999,6.769103600148999,,,,
1.156688,927,1079.0,-6.549861399851,4.795923600148999,-3.5900913998510005,0.7509046001489994,,,,
1.157767,927,1079.0,4.203969600149,-7.437792399851,5.486536600148999,-9.805608399851,,,,
1.158846,927,1079.0,-2.5048423998510003,3.316038600148999,-4.971317399851,-0.33434439985100056,,,,
1.159925,927,1079.0,3.316038600148999,-1.6169113998510005,-0.7289803998510006,-8.819018399851,,,,
1.161004,927,1079.0,-3.2941143998510003,-0.9262983998510006,3.8093336001489995,-8.128405399851001,,,,
1.162083,927,1079.0,3.5133566001489993,-2.8008193998510005,-3.3927733998510003,9.432896600148998,,,,
1.163162,927,1079.0,0.3562686001489994,-5.563271399851001,3.118720600148999,-1.1236163998510005,,,,
1.164241,927,1079.0,-5.563271399851001,2.5267666001489992,-5.760589399851001,-0.2356853998510006,,,,
1.16532,927,1079.0,4.598605600148999,-6.747179399851,1.1455406001489994,0.3562686001489994,,,,
1.166399,927,1079.0,-2.2088653998510006,4.6972646001489995,-9.509631399851001,-4.083386399851,,,,
1.167478,927,1079.0,4.499946600148999,-7.141815399851001,2.2307896001489995,-7.437792399851,,,,
1.168557,927,1079.0,-4.971317399851,1.7374946001489993,-7.339133399851001,7.755693600148999,,,,
1.169636,927,1079.0,4.598605600148999,-7.635110399851,5.486536600148999,-3.8860683998510006,,,,
1.170715,927,1079.0,-6.2538843998510005,0.6522456001489993,1.1455406001489994,-10.594880399851,,,,
1.171794,927,1079.0,2.6254256001489993,-0.6303213998510006,-3.7874093998510006,-0.03836739985100059,,,,
1.172873,927,1079.0,1.1455406001489994,-2.7021603998510004,2.5267666001489992,-11.581470399851,,,,
1.173952,927,1079.0,-3.0967963998510006,1.2441996001489994,-0.8276393998510005,-7.536451399851001,,,,
1.175031,927,1079.0,1.3428586001489993,-5.464612399851,5.091900600148999,3.6120156001489994,,,,
1.17611,927,1079.0,-5.069976399851001,3.7106746001489994,-4.971317399851,5.683854600148999,,,,
1.177189,927,1079.0,3.0200616001489995,-8.819018399851,8.150329600149,-8.029746399851,,,,
1.178268,927,1079.0,-4.872658399851001,5.683854600148999,-7.8324283998510005,4.993241600148999,,,,
1.179347,927,1079.0,6.275808600148999,-4.083386399851,2.0334716001489994,-7.8324283998510005,,,,
1.180426,927,1079.0,-4.872658399851001,1.1455406001489994,1.6388356001489994,-11.976106399851,,,,
1.181505,927,1079.0,5.683854600148999,-4.576681399851,-2.0115473998510005,5.683854600148999,,,,
1.182584,927,1079.0,-2.8008193998510005,-2.8008193998510005,-0.2356853998510006,1.7374946001489993,,,,
1.183663,927,1079.0,-3.4914323998510004,-0.03836739985100059,-3.3927733998510003,0.9482226001489994,,,,
1.184742,927,1079.0,2.0334716001489994,-5.464612399851,1.9348126001489994,-0.1370263998510006,,,,
1.185821,927,1079.0,-0.9262983998510006,3.6120156001489994,-10.594880399851,-4.182045399851001,,,,
1.1869,927,1079.0,1.7374946001489993,-5.661930399851,4.499946600148999,-13.850627399851,,,,
1.187979,927,1079.0,-6.9444973998510005,4.105310600148999,-8.819018399851,4.499946600148999,,,,
1.189058,927,1079.0,5.091900600148999,-8.424382399851,4.993241600148999,-0.1370263998510006,,,,
1.190137,927,1079.0,-9.312313399851,3.6120156001489994,-1.4195933998510006,-8.029746399851,,,,
1.191216,927,1079.0,4.598605600148999,-2.3075243998510007,-1.4195933998510006,-2.8994783998510005,,,,
1.192295,927,1079.0,-0.5316623998510006,-0.33434439985100056,0.2576096001489994,-9.410972399851,,,,
1.193374,927,1079.0,-2.1102063998510006,1.4415176001489993,-0.5316623998510006,-10.397562399851001,,,,
1.194453,927,1079.0,-0.43300339985100056,-2.5048423998510003,1.4415176001489993,3.907992600148999,,,,
1.195532,927,1079.0,-2.7021603998510004,2.428107600148999,-7.536451399851001,11.603394600148999,,,,
1.196611,927,1079.0,1.3428586001489993,-7.635110399851,7.1637396001489995,-3.9847273998510007,,,,
1.19769,927,1079.0,-6.056566399851,5.979831600148999,-8.720359399851,9.334237600148999,,,,
1.198769,927,1079.0,7.459716600148999,-5.661930399851,2.9214026001489994,-5.069976399851001,,,,
1.199848,927,1079.0,-6.352543399851,4.795923600148999,-2.6035013998510004,-10.890857399851,,,,
1.200927,927,1079.0,6.571785600148999,-4.4780223998510005,-1.8142293998510006,2.1321306001489995,,,,
1.202006,927,1079.0,-5.563271399851001,0.1589506001489994,-3.5900913998510005,4.993241600148999,,,,
1.203085,927,1079.0,-1.7155703998510006,-2.0115473998510005,-1.2222753998510005,-1.1236163998510005,,,,
1.204164,927,1079.0,-0.2356853998510006,-3.2941143998510003,1.2441996001489994,-1.4195933998510006,,,,
1.205243,927,1079.0,0.060291600148999404,3.118720600148999,-10.101585399851,-1.8142293998510006,,,,
1.206322,927,1079.0,-0.6303213998510006,-3.3927733998510003,3.7106746001489994,-15.330512399851001,,,,
1.207401,927,1079.0,-6.056566399851,5.289218600148999,-8.325723399851,2.8227436001489994,,,,
1.20848,927,1079.0,5.486536600148999,-8.325723399851,4.795923600148999,2.7240846001489993,,,,
1.209559,927,1079.0,-9.312313399851,5.289218600148999,-1.5182523998510005,-4.675340399851001,,,,
1.210638,927,1079.0,4.6972646001489995,-4.675340399851001,2.329448600148999,-2.3075243998510007,,,,
1.211717,927,1079.0,-2.5048423998510003,2.2307896001489995,-1.4195933998510006,-3.6887503998510005,,,,
1.212796,927,1079.0,0.2576096001489994,0.2576096001489994,1.3428586001489993,-9.410972399851,,,,
1.213875,927,1079.0,-1.8142293998510006,-0.2356853998510006,-0.2356853998510006,6.374467600148999,,,,
1.214954,927,1079.0,0.9482226001489994,-0.33434439985100056,-5.168635399851,16.930980600149,,,,
1.216033,927,1079.0,-0.6303213998510006,-5.661930399851,5.979831600148999,-0.2356853998510006,,,,
1.217112,927,1079.0,-5.661930399851,4.203969600149,-6.747179399851,11.307417600149,,,,
1.218191,927,1079.0,6.275808600148999,-5.957907399851001,2.9214026001489994,-0.43300339985100056,,,,
1.21927,927,1079.0,-4.773999399851,6.374467600148999,-4.280704399851,-7.141815399851001,,,,
1.220349,927,1079.0,6.571785600148999,-5.859248399851,1.1455406001489994,-0.33434439985100056,,,,
1.221428,927,1079.0,-5.859248399851,1.2441996001489994,-4.182045399851001,7.262398600148999,,,,
1.222507,927,1079.0,0.4549276001489994,-4.872658399851001,3.4146976001489993,-3.7874093998510006,,,,
1.223586,927,1079.0,-3.0967963998510006,-1.6169113998510005,0.6522456001489993,-0.2356853998510006,,,,
1.224665,927,1079.0,1.0468816001489993,1.0468816001489993,-7.141815399851001,2.9214026001489994,,,,
1.225744,927,1079.0,-1.9128883998510005,-2.4061833998510007,4.006651600149,-12.962696399851,,,,
1.226823,927,1079.0,-3.6887503998510005,3.217379600148999,-4.971317399851,1.0468816001489993,,,,
1.227902,927,1079.0,4.006651600149,-7.141815399851001,5.091900600148999,3.4146976001489993,,,,
1.228981,927,1079.0,-7.339133399851001,4.795923600148999,-2.1102063998510006,-0.5316623998510006,,,,
1.23006,927,1079.0,3.118720600148999,-7.635110399851,6.374467600148999,-0.9262983998510006,,,,
1.231139,927,1079.0,-4.083386399851,4.894582600149,-3.8860683998510006,3.316038600148999,,,,
1.232218,927,1079.0,3.7106746001489994,-2.1102063998510006,3.907992600148999,-6.549861399851,,,,
1.233297,927,1079.0,-2.8008193998510005,1.7374946001489993,-0.6303213998510006,4.993241600148999,,,,
1.234376,927,1079.0,4.401287600148999,-2.8008193998510005,-2.5048423998510003,17.424275600149,,,,
1.235455,927,1079.0,-2.6035013998510004,-3.5900913998510005,4.203969600149,3.6120156001489994,,,,
1.236534,927,1079.0,-3.8860683998510006,2.1321306001489995,-4.182045399851001,11.800712600149,,,,
1.237613,927,1079.0,4.6972646001489995,-5.168635399851,2.6254256001489993,4.105310600148999,,,,
1.238692,927,1079.0,-2.8994783998510005,5.289218600148999,-5.3659533998510005,-4.4780223998510005,,,,
1.239771,927,1079.0,4.401287600148999,-6.2538843998510005,4.795923600148999,-3.0967963998510006,,,,
1.24085,927,1079.0,-5.661930399851,3.316038600148999,-5.069976399851001,8.051670600148999,,,,
1.241929,927,1079.0,2.6254256001489993,-7.141815399851001,7.262398600148999,-3.9847273998510007,,,,
1.243008,927,1079.0,-6.155225399851,1.2441996001489994,-1.1236163998510005,2.428107600148999,,,,
1.244087,927,1079.0,3.316038600148999,-1.2222753998510005,-3.8860683998510006,6.571785600148999,,,,
1.245166,927,1079.0,-2.8008193998510005,-0.43300339985100056,2.6254256001489993,-8.523041399851,,,,
1.246245,927,1079.0,-1.4195933998510006,1.6388356001489994,-2.1102063998510006,0.2576096001489994,,,,
1.247324,927,1079.0,1.6388356001489994,-4.182045399851001,2.8227436001489994,5.5851956001489995,,,,
1.248403,927,1079.0,-4.675340399851001,3.316038600148999,-3.6887503998510005,5.5851956001489995,,,,
1.249482,927,1079.0,1.9348126001489994,-7.536451399851001,8.347647600149,0.9482226001489994,,,,
1.250561,927,1079.0,-2.9981373998510006,5.881172600148999,-7.141815399851001,10.518145600149,,,,
1.25164,927,1079.0,7.262398600148999,-4.083386399851,5.881172600148999,-4.872658399851001,,,,
1.252719,927,1079.0,-3.7874093998510006,4.105310600148999,-1.6169113998510005,2.9214026001489994,,,,
1.253798,927,1079.0,7.065080600148999,-4.280704399851,-1.1236163998510005,16.339026600148998,,,,
1.254877,927,1079.0,-5.168635399851,-0.9262983998510006,1.6388356001489994,7.459716600148999,,,,
1.255956,927,1079.0,-2.0115473998510005,-0.1370263998510006,-1.8142293998510006,10.419486600149,,,,
1.257035,927,1079.0,2.5267666001489992,-3.6887503998510005,1.9348126001489994,7.065080600148999,,,,
1.258114,927,1079.0,-1.5182523998510005,4.006651600149,-4.872658399851001,-2.8994783998510005,,,,
1.259193,927,1079.0,1.7374946001489993,-4.280704399851,7.361057600149,-5.859248399851,,,,
1.260272,927,1079.0,-4.675340399851001,5.387877600148999,-6.549861399851,8.544965600148998,,,,
1.261351,927,1079.0,4.302628600148999,-8.424382399851,8.347647600149,-1.7155703998510006,,,,
1.26243,927,1079.0,-8.917677399851,4.401287600148999,-3.0967963998510006,4.203969600149,,,,
1.263509,927,1079.0,5.683854600148999,-3.7874093998510006,-0.6303213998510006,6.571785600148999,,,,
1.264588,927,1079.0,-4.379363399851001,2.1321306001489995,0.3562686001489994,-4.4780223998510005,,,,
1.265667,927,1079.0,0.3562686001489994,0.4549276001489994,-0.03836739985100059,-0.8276393998510005,,,,
1.266746,927,1079.0,-0.2356853998510006,-1.4195933998510006,-0.1370263998510006,8.643624600149,,,,
1.267825,927,1079.0,-2.3075243998510007,1.2441996001489994,-3.6887503998510005,9.728873600148999,,,,
1.268904,927,1079.0,0.060291600148999404,-6.155225399851,8.643624600149,1.8361536001489993,,,,
1.269983,927,1079.0,-2.4061833998510007,4.795923600148999,-7.141815399851001,12.885961600148999,,,,
1.271062,927,1079.0,7.361057600149,-5.464612399851,6.374467600148999,-4.280704399851,,,,
1.272141,927,1079.0,-5.464612399851,6.4731266001489995,-3.3927733998510003,1.1455406001489994,,,,
1.27322,927,1079.0,7.953011600148999,-5.3659533998510005,0.3562686001489994,12.984620600148999,,,,
1.274299,927,1079.0,-6.648520399851001,1.2441996001489994,-0.2356853998510006,9.136919600149,,,,
1.275378,927,1079.0,-0.43300339985100056,-2.6035013998510004,1.2441996001489994,6.966421600148999,,,,
1.276457,927,1079.0,-0.6303213998510006,-1.8142293998510006,0.3562686001489994,6.966421600148999,,,,
1.277536,927,1079.0,-0.1370263998510006,2.1321306001489995,-4.379363399851001,-2.4061833998510007,,,,
1.278615,927,1079.0,-0.9262983998510006,-1.8142293998510006,6.4731266001489995,-9.410972399851,,,,
1.279694,927,1079.0,-2.5048423998510003,4.499946600148999,-6.2538843998510005,7.262398600148999,,,,
1.280773,927,1079.0,4.401287600148999,-7.635110399851,7.065080600148999,-0.5316623998510006,,,,
1.281852,927,1079.0,-9.016336399851001,4.894582600149,-3.4914323998510004,3.316038600148999,,,,
1.282931,927,1079.0,4.499946600148999,-6.648520399851001,1.8361536001489993,4.598605600148999,,,,
1.28401,927,1079.0,-5.957907399851001,4.401287600148999,-2.6035013998510004,-2.0115473998510005,,,,
1.285089,927,1079.0,2.2307896001489995,-1.0249573998510007,1.0468816001489993,-3.6887503998510005,,,,
1.286168,927,1079.0,-1.8142293998510006,0.8495636001489993,-2.8994783998510005,9.531555600149,,,,
1.287247,927,1079.0,0.4549276001489994,-1.2222753998510005,-2.2088653998510006,10.912781600149,,,,
1.288326,927,1079.0,-2.0115473998510005,-4.379363399851001,7.262398600148999,1.0468816001489993,,,,
1.289405,927,1079.0,-1.7155703998510006,2.9214026001489994,-5.859248399851,12.491325600148999,,,,
1.290484,927,1079.0,5.979831600148999,-5.069976399851001,4.894582600149,-3.1954553998510007,,,,
1.291563,927,1079.0,-4.4780223998510005,6.867762600148999,-4.971317399851,-2.4061833998510007,,,,
1.292642,927,1079.0,6.867762600148999,-6.155225399851,2.428107600148999,6.670444600148999,,,,
1.293721,927,1079.0,-6.155225399851,3.5133566001489993,-2.8008193998510005,8.742283600149,,,,
1.2948,927,1079.0,1.1455406001489994,-5.859248399851,4.6972646001489995,2.0334716001489994,,,,
1.295879,927,1079.0,-4.182045399851001,0.5535866001489994,-2.5048423998510003,7.361057600149,,,,
1.296958,927,1079.0,1.5401766001489994,-0.2356853998510006,-3.2941143998510003,-1.1236163998510005,,,,
1.298037,927,1079.0,-3.3927733998510003,0.2576096001489994,4.006651600149,-12.074765399851,,,,
1.299116,927,1079.0,0.060291600148999404,2.329448600148999,-4.675340399851001,3.0200616001489995,,,,
1.300195,927,1079.0,2.8227436001489994,-5.464612399851,4.401287600148999,-0.9262983998510006,,,,
1.301274,927,1079.0,-7.141815399851001,3.7106746001489994,-3.6887503998510005,1.7374946001489993,,,,
1.302353,927,1079.0,3.217379600148999,-7.931087399851,3.8093336001489995,3.118720600148999,,,,
1.303432,927,1079.0,-4.971317399851,5.486536600148999,-5.957907399851001,-0.1370263998510006,,,,
1.304511,927,1079.0,4.598605600148999,-3.0967963998510006,2.5267666001489992,-7.733769399851,,,,
1.30559,927,1079.0,-3.0967963998510006,2.7240846001489993,-5.3659533998510005,5.979831600148999,,,,
1.306669,927,1079.0,3.316038600148999,-3.5900913998510005,-0.6303213998510006,8.248988600149,,,,
1.307748,927,1079.0,-4.675340399851001,-2.4061833998510007,4.6972646001489995,0.060291600148999404,,,,
1.308827,927,1079.0,-0.5316623998510006,0.2576096001489994,-3.7874093998510006,10.616804600148999,,,,
1.309906,927,1079.0,3.8093336001489995,-3.8860683998510006,-0.7289803998510006,1.6388356001489994,,,,
1.310985,927,1079.0,3.118720600148999,2.7240846001489993,-5.168635399851,4.795923600148999,,,,
1.312064,927,1079.0,7.854352600148999,-7.437792399851,8.248988600149,-5.168635399851,,,,
1.313143,927,1079.0,0.6522456001489993,-4.4780223998510005,7.459716600148999,-3.8860683998510006,,,,
1.314222,927,1079.0,3.4146976001489993,-7.733769399851,1.4415176001489993,-5.661930399851,,,,
1.315301,927,1079.0,-0.7289803998510006,-4.280704399851,2.2307896001489995,-7.437792399851,,,,
1.31638,927,1079.0,1.5401766001489994,-3.9847273998510007,1.2441996001489994,-5.563271399851001,,,,
1.317459,927,1079.0,5.190559600148999,-7.141815399851001,-1.0249573998510007,-1.3209343998510006,,,,
1.318538,927,1079.0,6.177149600148999,-1.2222753998510005,-2.8008193998510005,0.2576096001489994,,,,
1.319617,927,1079.0,0.9482226001489994,-5.760589399851001,10.616804600148999,-5.859248399851,,,,
1.320696,927,1079.0,-5.168635399851,0.2576096001489994,3.7106746001489994,-3.8860683998510006,,,,
1.321775,927,1079.0,4.499946600148999,-11.680129399851,7.065080600148999,-5.760589399851001,,,,
1.322854,927,1079.0,-10.693539399851,4.105310600148999,-1.7155703998510006,-5.957907399851001,,,,
1.323933,927,1079.0,1.9348126001489994,-5.859248399851,1.4415176001489993,-2.9981373998510006,,,,
1.325012,927,1079.0,-2.5048423998510003,-7.635110399851,6.4731266001489995,-0.03836739985100059,,,,
1.326091,927,1079.0,-6.549861399851,-4.675340399851001,8.248988600149,-1.4195933998510006,,,,
1.32717,927,1079.0,-7.437792399851,-0.43300339985100056,0.2576096001489994,-1.4195933998510006,,,,
1.328249,927,1079.0,-9.410972399851,3.316038600148999,-4.872658399851001,-0.7289803998510006,,,,
1.329328,927,1079.0,-3.2941143998510003,-5.563271399851001,9.334237600148999,-13.554650399851,,,,
1.330407,927,1079.0,-10.693539399851,6.374467600148999,-5.563271399851001,-3.1954553998510007,,,,
1.331486,927,1079.0,-2.5048423998510003,0.1589506001489994,0.9482226001489994,-0.6303213998510006,,,,
1.332565,927,1079.0,-12.469401399851,4.6972646001489995,1.6388356001489994,-4.576681399851,,,,
1.333644,927,1079.0,1.4415176001489993,-3.8860683998510006,3.0200616001489995,-0.7289803998510006,,,,
1.334723,927,1079.0,-6.155225399851,8.840942600148999,-7.141815399851001,0.3562686001489994,,,,
1.335802,927,1079.0,3.316038600148999,2.0334716001489994,-5.563271399851001,-0.1370263998510006,,,,
1.336881,927,1079.0,1.8361536001489993,-3.1954553998510007,-1.4195933998510006,-4.379363399851001,,,,
1.33796,927,1079.0,-1.0249573998510007,-0.03836739985100059,-3.8860683998510006,0.5535866001489994,,,,
1.339039,927,1079.0,-8.325723399851,-0.2356853998510006,0.5535866001489994,-2.4061833998510007,,,,
1.340118,927,1079.0,-6.549861399851,6.4731266001489995,-9.410972399851,11.208758600148998,,,,
1.341197,927,1079.0,1.7374946001489993,-0.9262983998510006,-5.267294399851,5.190559600148999,,,,
1.342276,927,1079.0,-12.370742399851,11.702053600148998,-5.760589399851001,3.0200616001489995,,,,
1.343355,927,1079.0,-4.872658399851001,3.5133566001489993,-2.4061833998510007,-0.33434439985100056,,,,
1.344434,927,1079.0,-10.101585399851,8.544965600148998,-6.352543399851,4.795923600148999,,,,
1.345513,927,1079.0,-8.523041399851,5.091900600148999,-1.1236163998510005,1.7374946001489993,,,,
1.346592,927,1079.0,-16.415761399851,10.222168600148999,-1.6169113998510005,4.993241600148999,,,,
1.347671,927,1079.0,-3.4914323998510004,4.401287600148999,-5.957907399851001,7.361057600149,,,,
1.34875,927,1079.0,-3.8860683998510006,-0.33434439985100056,-1.7155703998510006,1.8361536001489993,,,,
1.349829,927,1079.0,-10.101585399851,9.728873600148999,-13.850627399851,3.316038600148999,,,,
1.350908,927,1079.0,3.118720600148999,0.7509046001489994,-5.464612399851,3.118720600148999,,,,
1.351987,927,1079.0,-1.4195933998510006,6.867762600148999,-6.451202399851001,4.499946600148999,,,,
1.353066,927,1079.0,6.867762600148999,0.060291600148999404,-2.1102063998510006,9.531555600149,,,,
1.354145,927,1079.0,3.7106746001489994,12.688643600149,-11.384152399851,6.769103600148999,,,,
1.355224,927,1079.0,13.083279600148998,1.1455406001489994,4.105310600148999,-9.213654399851,,,,
1.356303,927,1079.0,5.190559600148999,3.7106746001489994,-1.8142293998510006,-8.523041399851,,,,
1.357382,927,1079.0,7.1637396001489995,4.006651600149,-11.680129399851,2.2307896001489995,,,,
1.358461,927,1079.0,-8.424382399851,1.8361536001489993,-1.0249573998510007,-0.1370263998510006,,,,
1.35954,927,1079.0,-4.083386399851,-1.1236163998510005,-1.6169113998510005,2.2307896001489995,,,,
1.360619,927,1079.0,1.2441996001489994,-8.128405399851001,5.782513600149,3.0200616001489995,,,,
1.361698,927,1079.0,-6.845838399851,5.091900600148999,-6.056566399851,-10.989516399851,,,,
1.362777,927,1079.0,-3.3927733998510003,-6.2538843998510005,8.248988600149,-11.482811399851,,,,
1.363856,927,1079.0,-7.141815399851001,0.9482226001489994,-0.5316623998510006,-5.859248399851,,,,
1.364935,927,1079.0,-1.1236163998510005,-6.352543399851,9.728873600148999,-10.989516399851,,,,
1.366014,927,1079.0,-8.029746399851,-2.8008193998510005,5.289218600148999,-5.069976399851001,,,,
1.367093,927,1079.0,6.867762600148999,-9.509631399851001,1.6388356001489994,-1.5182523998510005,,,,
1.368172,927,1079.0,-2.1102063998510006,-5.3659533998510005,4.894582600149,-9.608290399851,,,,
1.369251,927,1079.0,-2.9981373998510006,-0.43300339985100056,-2.0115473998510005,-0.5316623998510006,,,,
1.37033,927,1079.0,6.670444600148999,-10.002926399851,-3.0967963998510006,2.329448600148999,,,,
1.371409,927,1079.0,3.5133566001489993,-6.056566399851,-5.267294399851,3.8093336001489995,,,,
1.372488,927,1079.0,6.769103600148999,-14.245263399851,7.1637396001489995,-3.4914323998510004,,,,
1.373567,927,1079.0,2.329448600148999,-2.3075243998510007,-1.0249573998510007,-1.9128883998510005,,,,
1.374646,927,1079.0,14.661823600148999,-15.527830399851,11.110099600148999,-8.523041399851,,,,
1.375725,927,1079.0,2.329448600148999,-1.9128883998510005,-1.3209343998510006,0.1589506001489994,,,,
1.376804,927,1079.0,9.630214600149,-5.859248399851,-1.5182523998510005,3.5133566001489993,,,,
1.377883,927,1079.0,-3.8860683998510006,-7.733769399851,6.769103600148999,1.9348126001489994,,,,
1.378962,927,1079.0,-2.4061833998510007,-10.002926399851,5.683854600148999,0.6522456001489993,,,,
1.380041,927,1079.0,-2.8994783998510005,-8.128405399851001,3.7106746001489994,0.8495636001489993,,,,
1.38112,927,1079.0,-5.464612399851,0.2576096001489994,-1.4195933998510006,-2.5048423998510003,,,,
1.382199,927,1079.0,1.4415176001489993,-9.904267399851001,13.083279600148998,-9.410972399851,,,,
1.383278,927,1079.0,2.1321306001489995,-0.9262983998510006,-2.8994783998510005,6.966421600148999,,,,
1.384357,927,1079.0,7.065080600148999,-10.298903399851,4.203969600149,1.7374946001489993,,,,
1.385436,927,1079.0,-5.464612399851,-2.8008193998510005,4.302628600148999,2.7240846001489993,,,,
1.386515,927,1079.0,8.742283600149,-13.061355399851001,3.907992600148999,13.280597600149,,,,
1.387594,927,1079.0,-1.2222753998510005,-0.8276393998510005,-1.5182523998510005,5.683854600148999,,,,
1.388673,927,1079.0,3.0200616001489995,0.060291600148999404,-4.182045399851001,9.630214600149,,,,
1.389752,927,1079.0,5.486536600148999,-3.9847273998510007,-3.5900913998510005,17.818911600148997,,,,
1.390831,927,1079.0,5.683854600148999,-4.182045399851001,3.7106746001489994,11.603394600148999,,,,
1.39191,927,1079.0,1.8361536001489993,-6.352543399851,7.459716600148999,5.387877600148999,,,,
1.392989,927,1079.0,-2.5048423998510003,3.5133566001489993,-7.733769399851,14.563164600149,,,,
1.394068,927,1079.0,10.419486600149,-9.016336399851001,6.867762600148999,-5.069976399851001,,,,
1.395147,927,1079.0,-2.4061833998510007,6.769103600148999,-0.2356853998510006,-1.6169113998510005,,,,
1.396226,927,1079.0,7.953011600148999,-2.9981373998510006,2.0334716001489994,0.4549276001489994,,,,
1.397305,927,1079.0,-3.6887503998510005,0.9482226001489994,0.8495636001489993,-3.8860683998510006,,,,
1.398384,927,1079.0,-5.859248399851,-8.621700399851001,10.419486600149,-4.4780223998510005,,,,
1.399463,927,1079.0,-9.509631399851001,-2.3075243998510007,3.217379600148999,-0.8276393998510005,,,,
1.400542,927,1079.0,-5.661930399851,0.3562686001489994,-3.7874093998510006,-5.267294399851,,,,
1.401621,927,1079.0,-1.9128883998510005,-5.267294399851,6.177149600148999,-9.509631399851001,,,,
1.4027,927,1079.0,2.5267666001489992,3.4146976001489993,-10.101585399851,2.428107600148999,,,,
1.403779,927,1079.0,4.598605600148999,-4.971317399851,1.3428586001489993,-7.635110399851,,,,
1.404858,927,1079.0,-7.339133399851001,3.907992600148999,-4.280704399851,0.3562686001489994,,,,
1.405937,927,1079.0,7.065080600148999,-8.917677399851,-5.563271399851001,5.5851956001489995,,,,
1.407016,927,1079.0,-2.8008193998510005,5.881172600148999,-11.186834399851,1.2441996001489994,,,,
1.408095,927,1079.0,4.401287600148999,-0.9262983998510006,-3.2941143998510003,-4.675340399851001,,,,
1.409174,927,1079.0,1.3428586001489993,0.1589506001489994,-1.4195933998510006,-0.6303213998510006,,,,
1.410253,927,1079.0,2.1321306001489995,-3.9847273998510007,0.8495636001489993,-1.9128883998510005,,,,
1.411332,927,1079.0,-6.9444973998510005,-2.8994783998510005,5.091900600148999,-3.6887503998510005,,,,
1.412411,927,1079.0,-5.3659533998510005,0.1589506001489994,-3.6887503998510005,6.4731266001489995,,,,
1.41349,927,1079.0,2.5267666001489992,-8.819018399851,8.150329600149,-10.496221399851,,,,
1.414569,927,1079.0,-8.720359399851,5.782513600149,0.4549276001489994,-13.751968399851,,,,
1.415648,927,1079.0,-0.03836739985100059,-4.083386399851,6.670444600148999,-9.608290399851,,,,
1.416727,927,1079.0,-9.213654399851,2.5267666001489992,0.6522456001489993,-6.2538843998510005,,,,
1.417806,927,1079.0,-4.4780223998510005,-6.549861399851,8.742283600149,-2.6035013998510004,,,,
1.418885,927,1079.0,-12.666719399851,2.5267666001489992,-5.661930399851,12.096689600148999,,,,
1.419964,927,1079.0,-2.9981373998510006,-2.0115473998510005,-2.6035013998510004,5.782513600149,,,,
1.421043,927,1079.0,-4.675340399851001,-2.9981373998510006,5.486536600148999,-9.114995399851,,,,
1.422122,927,1079.0,-0.33434439985100056,3.8093336001489995,-5.859248399851,7.558375600148999,,,,
1.423201,927,1079.0,-1.3209343998510006,-0.8276393998510005,-1.4195933998510006,5.387877600148999,,,,
1.42428,927,1079.0,-6.648520399851001,4.598605600148999,-6.845838399851,8.248988600149,,,,
1.425359,927,1079.0,2.5267666001489992,-8.621700399851001,1.7374946001489993,11.800712600149,,,,
1.426438,927,1079.0,-7.339133399851001,6.374467600148999,-11.680129399851,2.9214026001489994,,,,
1.427517,927,1079.0,0.4549276001489994,-2.8994783998510005,1.4415176001489993,-9.016336399851001,,,,
1.428596,927,1079.0,-5.069976399851001,4.006651600149,-5.069976399851001,-2.1102063998510006,,,,
1.429675,927,1079.0,0.6522456001489993,-0.43300339985100056,-5.3659533998510005,5.683854600148999,,,,
1.430754,927,1079.0,-12.074765399851,3.217379600148999,6.4731266001489995,2.428107600148999,,,,
1.431833,927,1079.0,-2.9981373998510006,0.060291600148999404,1.2441996001489994,8.446306600148999,,,,
1.432912,927,1079.0,0.9482226001489994,-4.872658399851001,6.4731266001489995,-2.6035013998510004,,,,
1.433991,927,1079.0,-7.043156399851,5.5851956001489995,-5.563271399851001,-16.514420399851,,,,
1.43507,927,1079.0,-0.6303213998510006,-0.43300339985100056,-0.7289803998510006,-12.962696399851,,,,
1.436149,927,1079.0,-4.773999399851,7.854352600148999,-10.397562399851001,-0.6303213998510006,,,,
1.437228,927,1079.0,0.5535866001489994,-4.4780223998510005,0.1589506001489994,-1.9128883998510005,,,,
1.438307,927,1079.0,-9.608290399851,6.670444600148999,-13.949286399851,12.688643600149,,,,
1.439386,927,1079.0,5.091900600148999,-3.9847273998510007,-5.859248399851,2.329448600148999,,,,
1.440465,927,1079.0,-4.280704399851,1.4415176001489993,-3.8860683998510006,-8.523041399851,,,,
1.441544,927,1079.0,0.4549276001489994,3.0200616001489995,-9.312313399851,3.5133566001489993,,,,
1.442623,927,1079.0,3.907992600148999,1.5401766001489994,-7.931087399851,7.262398600148999,,,,
1.443702,927,1079.0,1.7374946001489993,1.2441996001489994,-6.155225399851,5.979831600148999,,,,
1.444781,927,1079.0,3.7106746001489994,-6.056566399851,1.9348126001489994,6.374467600148999,,,,
1.44586,927,1079.0,-3.4914323998510004,5.881172600148999,-12.370742399851,3.907992600148999,,,,
1.446939,927,1079.0,1.7374946001489993,-5.069976399851001,4.203969600149,-12.568060399851,,,,
1.448018,927,1079.0,-5.859248399851,7.065080600148999,-7.339133399851001,-3.1954553998510007,,,,
1.449097,927,1079.0,4.894582600149,-1.6169113998510005,-3.7874093998510006,2.6254256001489993,,,,
1.450176,927,1079.0,-10.298903399851,2.1321306001489995,1.4415176001489993,-7.8324283998510005,,,,
1.451255,927,1079.0,0.2576096001489994,-5.760589399851001,2.9214026001489994,2.329448600148999,,,,
1.452334,927,1079.0,-2.2088653998510006,-4.379363399851001,3.118720600148999,-1.6169113998510005,,,,
1.453413,927,1079.0,-4.576681399851,1.6388356001489994,-4.182045399851001,-16.021125399851,,,,
1.454492,927,1079.0,0.3562686001489994,-2.3075243998510007,5.486536600148999,-13.160014399851,,,,
1.455571,927,1079.0,0.6522456001489993,2.428107600148999,-6.451202399851001,0.2576096001489994,,,,
1.45665,927,1079.0,4.105310600148999,-8.029746399851,7.459716600148999,-8.128405399851001,,,,
1.457729,927,1079.0,-8.720359399851,3.217379600148999,-7.536451399851001,9.334237600148999,,,,
1.458808,927,1079.0,6.867762600148999,-11.581470399851,6.078490600148999,6.4731266001489995,,,,
1.459887,927,1079.0,-5.859248399851,1.0468816001489993,-0.43300339985100056,-1.8142293998510006,,,,
1.460966,927,1079.0,3.4146976001489993,-2.3075243998510007,-1.2222753998510005,0.7509046001489994,,,,
1.462045,927,1079.0,4.203969600149,-1.6169113998510005,-1.7155703998510006,8.643624600149,,,,
1.463124,927,1079.0,4.499946600148999,-5.267294399851,3.6120156001489994,2.1321306001489995,,,,
1.464203,927,1079.0,0.7509046001489994,-6.747179399851,7.361057600149,4.598605600148999,,,,
1.465282,927,1079.0,-1.7155703998510006,0.7509046001489994,-5.957907399851001,11.208758600148998,,,,
1.466361,927,1079.0,4.499946600148999,-9.312313399851,9.038260600148998,-7.536451399851001,,,,
1.46744,927,1079.0,-2.5048423998510003,2.7240846001489993,-2.7021603998510004,0.5535866001489994,,,,
1.468519,927,1079.0,8.446306600148999,-7.141815399851001,3.5133566001489993,-1.4195933998510006,,,,
1.469598,927,1079.0,-6.9444973998510005,0.7509046001489994,2.8227436001489994,-6.352543399851,,,,
1.470677,927,1079.0,5.782513600149,-11.186834399851,8.248988600149,6.078490600148999,,,,
1.471756,927,1079.0,-2.7021603998510004,-2.9981373998510006,0.8495636001489993,9.038260600148998,,,,
1.472835,927,1079.0,0.060291600148999404,-2.4061833998510007,-0.2356853998510006,-3.7874093998510006,,,,
1.473914,927,1079.0,0.2576096001489994,-3.5900913998510005,7.953011600148999,-8.917677399851,,,,
1.474993,927,1079.0,5.979831600148999,-0.6303213998510006,-4.675340399851001,4.993241600148999,,,,
1.476072,927,1079.0,3.4146976001489993,-5.661930399851,4.203969600149,-5.464612399851,,,,
1.477151,927,1079.0,-6.056566399851,3.5133566001489993,-6.845838399851,10.320827600148998,,,,
1.47823,927,1079.0,6.571785600148999,-11.384152399851,6.670444600148999,17.128298600148998,,,,
1.479309,927,1079.0,-3.9847273998510007,2.8227436001489994,-5.267294399851,-2.0115473998510005,,,,
1.480388,927,1079.0,5.979831600148999,-4.280704399851,0.6522456001489993,-4.971317399851,,,,
1.481467,927,1079.0,0.3562686001489994,0.6522456001489993,-3.8860683998510006,-1.0249573998510007,,,,
1.482546,927,1079.0,2.8227436001489994,-5.168635399851,6.571785600148999,-11.976106399851,,,,
1.483625,927,1079.0,-5.267294399851,-2.4061833998510007,4.302628600148999,-2.6035013998510004,,,,
1.484704,927,1079.0,-2.4061833998510007,-0.2356853998510006,-4.4780223998510005,10.715463600148999,,,,
1.485783,927,1079.0,1.7374946001489993,-7.043156399851,6.670444600148999,-7.240474399851,,,,
1.486862,927,1079.0,-4.773999399851,3.7106746001489994,-2.4061833998510007,-8.128405399851001,,,,
1.487941,927,1079.0,3.7106746001489994,-4.083386399851,3.7106746001489994,-8.325723399851,,,,
1.48902,927,1079.0,-6.056566399851,5.782513600149,-3.1954553998510007,-5.267294399851,,,,
1.490099,927,1079.0,4.499946600148999,-9.114995399851,5.387877600148999,1.8361536001489993,,,,
1.491178,927,1079.0,-8.819018399851,2.7240846001489993,-7.339133399851001,13.379256600148999,,,,
1.492257,927,1079.0,1.2441996001489994,-3.8860683998510006,-0.5316623998510006,-2.4061833998510007,,,,
1.493336,927,1079.0,-3.4914323998510004,-0.1370263998510006,1.7374946001489993,-15.133194399851,,,,
1.494415,927,1079.0,6.670444600148999,1.7374946001489993,-8.128405399851001,1.7374946001489993,,,,
1.495494,927,1079.0,-0.7289803998510006,0.2576096001489994,-2.7021603998510004,-2.9981373998510006,,,,
1.496573,927,1079.0,-4.576681399851,3.8093336001489995,-7.733769399851,6.966421600148999,,,,
1.497652,927,1079.0,3.316038600148999,-7.635110399851,1.6388356001489994,18.213547600149,,,,
1.498731,927,1079.0,-5.168635399851,4.006651600149,-12.173424399851001,2.428107600148999,,,,
1.49981,927,1079.0,1.5401766001489994,-4.773999399851,0.6522456001489993,-9.312313399851,,,,
1.500889,927,1079.0,-2.9981373998510006,5.091900600148999,-7.733769399851,-2.5048423998510003,,,,
1.501968,927,1079.0,3.5133566001489993,-2.8008193998510005,5.387877600148999,-10.989516399851,,,,
1.503047,927,1079.0,-9.904267399851001,2.8227436001489994,1.9348126001489994,1.3428586001489993,,,,
1.504126,927,1079.0,0.1589506001489994,-2.2088653998510006,-0.7289803998510006,13.872551600148999,,,,
1.505205,927,1079.0,-1.7155703998510006,-4.083386399851,4.795923600148999,0.6522456001489993,,,,
1.506284,927,1079.0,-5.464612399851,3.316038600148999,-1.1236163998510005,-10.594880399851,,,,
1.507363,927,1079.0,0.4549276001489994,-0.33434439985100056,0.8495636001489993,-7.635110399851,,,,
1.508442,927,1079.0,-3.1954553998510007,6.4731266001489995,-7.339133399851001,-1.5182523998510005,,,,
1.509521,927,1079.0,2.8227436001489994,-7.141815399851001,6.4731266001489995,-1.3209343998510006,,,,
1.5106,927,1079.0,-10.496221399851,5.289218600148999,-9.706949399851,14.069869600149,,,,
1.511679,927,1079.0,3.316038600148999,-7.240474399851,3.217379600148999,-0.03836739985100059,,,,
1.512758,927,1079.0,-6.648520399851001,1.3428586001489993,-0.03836739985100059,-9.608290399851,,,,
1.513837,927,1079.0,5.881172600148999,0.060291600148999404,-5.267294399851,2.428107600148999,,,,
1.514916,927,1079.0,-4.083386399851,2.1321306001489995,-3.1954553998510007,-2.4061833998510007,,,,
1.515995,927,1079.0,-3.0967963998510006,0.6522456001489993,-3.1954553998510007,1.1455406001489994,,,,
1.517074,927,1079.0,0.1589506001489994,-6.2538843998510005,4.302628600148999,14.760482600148999,,,,
1.518153,927,1079.0,-5.168635399851,2.2307896001489995,-8.621700399851001,9.432896600148998,,,,
1.519232,927,1079.0,-1.8142293998510006,-5.3659533998510005,7.1637396001489995,-8.523041399851,,,,
1.520311,927,1079.0,-6.056566399851,6.867762600148999,-7.536451399851001,2.2307896001489995,,,,
1.52139,927,1079.0,5.979831600148999,-4.576681399851,4.302628600148999,-7.536451399851001,,,,
1.522469,927,1079.0,-9.608290399851,4.499946600148999,1.3428586001489993,-2.6035013998510004,,,,
1.523548,927,1079.0,3.6120156001489994,-6.648520399851001,4.105310600148999,12.491325600148999,,,,
1.524627,927,1079.0,-4.576681399851,-2.6035013998510004,2.7240846001489993,6.177149600148999,,,,
1.525706,927,1079.0,-3.5900913998510005,-0.03836739985100059,-0.2356853998510006,-9.016336399851001,,,,
1.526785,927,1079.0,-0.1370263998510006,0.4549276001489994,-3.2941143998510003,-7.141815399851001,,,,
1.527864,927,1079.0,1.1455406001489994,3.7106746001489994,-9.114995399851,-1.2222753998510005,,,,
1.528943,927,1079.0,2.1321306001489995,-4.971317399851,5.091900600148999,-8.227064399851,,,,
1.530022,927,1079.0,-7.733769399851,5.091900600148999,-9.805608399851,9.432896600148998,,,,
1.531101,927,1079.0,6.177149600148999,-10.002926399851,3.7106746001489994,1.9348126001489994,,,,
1.53218,927,1079.0,-7.043156399851,3.7106746001489994,-3.5900913998510005,-8.621700399851001,,,,
1.533259,927,1079.0,7.459716600148999,-2.2088653998510006,-3.0967963998510006,-3.0967963998510006,,,,
1.534338,927,1079.0,-1.5182523998510005,3.316038600148999,-4.280704399851,-7.8324283998510005,,,,
1.535417,927,1079.0,2.6254256001489993,-2.6035013998510004,1.3428586001489993,-8.424382399851,,,,
1.536496,927,1079.0,-0.7289803998510006,-3.5900913998510005,2.0334716001489994,6.078490600148999,,,,
1.537575,927,1079.0,-1.5182523998510005,0.1589506001489994,-7.437792399851,11.110099600148999,,,,
1.538654,927,1079.0,-1.9128883998510005,-5.069976399851001,6.374467600148999,-7.635110399851,,,,
1.539733,927,1079.0,-1.9128883998510005,3.907992600148999,-5.267294399851,1.2441996001489994,,,,
1.540812,927,1079.0,7.558375600148999,-5.760589399851001,4.993241600148999,-9.016336399851001,,,,
1.541891,927,1079.0,-6.056566399851,6.177149600148999,-1.3209343998510006,-8.523041399851,,,,
1.54297,927,1079.0,5.190559600148999,-9.410972399851,6.177149600148999,8.643624600149,,,,
1.544049,927,1079.0,-5.661930399851,-0.5316623998510006,-1.0249573998510007,10.222168600148999,,,,
1.545128,927,1079.0,-0.03836739985100059,-3.0967963998510006,1.2441996001489994,-2.8994783998510005,,,,
1.546207,927,1079.0,-0.8276393998510005,0.2576096001489994,-2.2088653998510006,-6.549861399851,,,,
1.547286,927,1079.0,4.795923600148999,0.6522456001489993,-7.339133399851001,-4.773999399851,,,,
1.548365,927,1079.0,0.6522456001489993,-2.9981373998510006,2.428107600148999,-13.061355399851001,,,,
1.549444,927,1079.0,-5.267294399851,3.8093336001489995,-8.128405399851001,5.782513600149,,,,
1.550523,927,1079.0,5.486536600148999,-9.312313399851,4.499946600148999,8.446306600148999,,,,
1.551602,927,1079.0,-5.168635399851,2.5267666001489992,-3.9847273998510007,-3.1954553998510007,,,,
1.552681,927,1079.0,5.190559600148999,-5.661930399851,2.428107600148999,-6.2538843998510005,,,,
1.55376,927,1079.0,-2.0115473998510005,4.401287600148999,-3.9847273998510007,-6.549861399851,,,,
1.554839,927,1079.0,4.795923600148999,-5.563271399851001,7.1637396001489995,-14.935876399851,,,,
1.555918,927,1079.0,-4.379363399851001,-0.9262983998510006,1.1455406001489994,3.6120156001489994,,,,
1.556997,927,1079.0,0.3562686001489994,-3.0967963998510006,-2.8008193998510005,16.141708600149,,,,
1.558076,927,1079.0,-2.7021603998510004,-5.168635399851,6.275808600148999,-2.8008193998510005,,,,
1.559155,927,1079.0,0.2576096001489994,1.2441996001489994,-2.1102063998510006,-0.6303213998510006,,,,
1.560234,927,1079.0,5.881172600148999,-4.083386399851,3.8093336001489995,-8.523041399851,,,,
1.561313,927,1079.0,-3.3927733998510003,6.275808600148999,-3.1954553998510007,-9.904267399851001,,,,
1.562392,927,1079.0,4.993241600148999,-8.720359399851,7.657034600148999,2.9214026001489994,,,,
1.563471,927,1079.0,-5.464612399851,1.6388356001489994,-4.576681399851,13.083279600148998,,,,
1.56455,927,1079.0,2.0334716001489994,-6.2538843998510005,4.006651600149,-1.5182523998510005,,,,
1.565629,927,1079.0,-3.3927733998510003,0.7509046001489994,-1.1236163998510005,-7.240474399851,,,,
1.566708,927,1079.0,6.571785600148999,-0.9262983998510006,-5.661930399851,-6.747179399851,,,,
1.567787,927,1079.0,-2.7021603998510004,0.4549276001489994,-0.33434439985100056,-14.935876399851,,,,
1.568866,927,1079.0,-2.9981373998510006,1.7374946001489993,-5.267294399851,-0.7289803998510006,,,,
1.569945,927,1079.0,3.118720600148999,-7.141815399851001,3.4146976001489993,10.715463600148999,,,,
1.571024,927,1079.0,-4.4780223998510005,1.1455406001489994,-4.280704399851,-0.8276393998510005,,,,
1.572103,927,1079.0,1.3428586001489993,-6.549861399851,6.078490600148999,-11.778788399851,,,,
1.573182,927,1079.0,-4.083386399851,6.867762600148999,-6.747179399851,-4.675340399851001,,,,
1.574261,927,1079.0,5.979831600148999,-5.760589399851001,7.657034600148999,-16.711738399851,,,,
1.57534,927,1079.0,-8.029746399851,3.118720600148999,-3.2941143998510003,1.5401766001489994,,,,
1.576419,927,1079.0,2.6254256001489993,-4.872658399851001,-1.3209343998510006,14.859141600148998,,,,
1.577498,927,1079.0,-4.872658399851001,-3.0967963998510006,3.316038600148999,1.2441996001489994,,,,
1.578577,927,1079.0,-0.43300339985100056,0.2576096001489994,-2.2088653998510006,-0.9262983998510006,,,,
1.579656,927,1079.0,3.316038600148999,-0.7289803998510006,-0.9262983998510006,-3.6887503998510005,,,,
1.580735,927,1079.0,-1.0249573998510007,5.387877600148999,-7.437792399851,-6.549861399851,,,,
1.581814,927,1079.0,3.8093336001489995,-6.056566399851,6.177149600148999,-2.8994783998510005,,,,
1.582893,927,1079.0,-4.971317399851,4.105310600148999,-9.213654399851,12.885961600148999,,,,
1.583972,927,1079.0,3.4146976001489993,-8.917677399851,5.5851956001489995,-2.8994783998510005,,,,
1.585051,927,1079.0,-7.043156399851,3.5133566001489993,-4.379363399851001,-5.464612399851,,,,
1.58613,927,1079.0,7.262398600148999,-1.8142293998510006,-5.069976399851001,-5.168635399851,,,,
1.587209,927,1079.0,-6.352543399851,4.401287600148999,-3.8860683998510006,-14.935876399851,,,,
1.588288,927,1079.0,-0.6303213998510006,-0.2356853998510006,-2.9981373998510006,-6.2538843998510005,,,,
1.589367,927,1079.0,-0.03836739985100059,-3.9847273998510007,0.6522456001489993,6.769103600148999,,,,
1.590446,927,1079.0,-3.8860683998510006,0.1589506001489994,-4.675340399851001,2.5267666001489992,,,,
1.591525,927,1079.0,-2.0115473998510005,-4.182045399851001,6.670444600148999,-12.469401399851,,,,
1.592604,927,1079.0,-3.2941143998510003,5.979831600148999,-8.227064399851,-1.5182523998510005,,,,
1.593683,927,1079.0,7.065080600148999,-5.464612399851,6.4731266001489995,-15.133194399851,,,,
1.594762,927,1079.0,-8.325723399851,6.177149600148999,-5.957907399851001,-0.6303213998510006,,,,
1.595841,927,1079.0,5.289218600148999,-7.635110399851,1.3428586001489993,14.464505600149,,,,
1.59692,927,1079.0,-7.339133399851001,-1.2222753998510005,0.4549276001489994,7.065080600148999,,,,
1.597999,927,1079.0,-0.7289803998510006,-1.7155703998510006,-0.8276393998510005,0.9482226001489994,,,,
1.599078,927,1079.0,0.8495636001489993,1.0468816001489993,-3.8860683998510006,-1.3209343998510006,,,,
1.600157,927,1079.0,1.7374946001489993,3.0200616001489995,-5.859248399851,-7.635110399851,,,,
1.601236,927,1079.0,1.3428586001489993,-3.3927733998510003,5.486536600148999,-9.706949399851,,,,
1.602315,927,1079.0,-3.7874093998510006,3.4146976001489993,-8.424382399851,8.446306600148999,,,,
1.603394,927,1079.0,1.8361536001489993,-9.016336399851001,5.387877600148999,-1.6169113998510005,,,,
1.604473,927,1079.0,-9.114995399851,3.907992600148999,-5.661930399851,-2.4061833998510007,,,,
1.605552,927,1079.0,5.387877600148999,-4.675340399851001,-1.5182523998510005,-5.661930399851,,,,
1.606631,927,1079.0,-6.747179399851,6.078490600148999,-4.4780223998510005,-14.146604399851,,,,
1.60771,927,1079.0,2.1321306001489995,-3.2941143998510003,1.5401766001489994,-11.581470399851,,,,
1.608789,927,1079.0,-2.3075243998510007,-2.0115473998510005,-0.6303213998510006,4.105310600148999,,,,
1.609868,927,1079.0,-1.9128883998510005,-2.0115473998510005,-3.0967963998510006,7.755693600148999,,,,
1.610947,927,1079.0,-3.7874093998510006,-3.8860683998510006,6.966421600148999,-9.706949399851,,,,
1.612026,927,1079.0,-0.33434439985100056,3.0200616001489995,-5.168635399851,0.060291600148999404,,,,
1.613105,927,1079.0,6.374467600148999,-5.069976399851001,5.5851956001489995,-14.146604399851,,,,
1.614184,927,1079.0,-6.056566399851,7.065080600148999,-5.859248399851,-4.083386399851,,,,
1.615263,927,1079.0,5.881172600148999,-8.621700399851001,4.993241600148999,11.998030600148999,,,,
1.616342,927,1079.0,-6.845838399851,0.6522456001489993,-2.1102063998510006,11.603394600148999,,,,
1.617421,927,1079.0,1.5401766001489994,-5.069976399851001,2.329448600148999,2.6254256001489993,,,,
1.6185,927,1079.0,-1.2222753998510005,2.2307896001489995,-5.957907399851001,1.2441996001489994,,,,
1.619579,927,1079.0,4.993241600148999,0.1589506001489994,-3.4914323998510004,-11.285493399851001,,,,
1.620658,927,1079.0,-1.2222753998510005,-0.5316623998510006,2.6254256001489993,-17.501010399851,,,,
1.621737,927,1079.0,-1.3209343998510006,1.8361536001489993,-6.451202399851001,2.428107600148999,,,,
1.622816,927,1079.0,1.2441996001489994,-7.733769399851,4.006651600149,-0.1370263998510006,,,,
1.623895,927,1079.0,-7.141815399851001,1.3428586001489993,-4.280704399851,-1.6169113998510005,,,,
1.624974,927,1079.0,3.118720600148999,-7.141815399851001,1.8361536001489993,-8.523041399851,,,,
1.626053,927,1079.0,-5.859248399851,7.065080600148999,-6.056566399851,-12.666719399851,,,,
1.627132,927,1079.0,4.993241600148999,-5.267294399851,4.6972646001489995,-15.330512399851001,,,,
1.628211,927,1079.0,-5.464612399851,0.7509046001489994,-3.3927733998510003,3.316038600148999,,,,
1.62929,927,1079.0,0.060291600148999404,-4.083386399851,-1.3209343998510006,11.998030600148999,,,,
1.630369,927,1079.0,-5.267294399851,-3.2941143998510003,5.486536600148999,-4.4780223998510005,,,,
1.631448,927,1079.0,2.5267666001489992,0.2576096001489994,-3.4914323998510004,2.0334716001489994,,,,
1.632527,927,1079.0,4.894582600149,-2.6035013998510004,2.2307896001489995,-9.706949399851,,,,
1.633606,927,1079.0,-2.7021603998510004,6.078490600148999,-6.155225399851,-7.141815399851001,,,,
1.634685,927,1079.0,4.894582600149,-6.549861399851,5.683854600148999,8.248988600149,,,,
1.635764,927,1079.0,-4.379363399851001,2.6254256001489993,-6.056566399851,16.141708600149,,,,
1.636843,927,1079.0,2.8227436001489994,-8.523041399851,5.091900600148999,1.5401766001489994,,,,
1.637922,927,1079.0,-3.9847273998510007,3.4146976001489993,-7.141815399851001,3.5133566001489993,,,,
1.639001,927,1079.0,7.459716600148999,-2.0115473998510005,-1.9128883998510005,-12.173424399851001,,,,
1.64008,927,1079.0,-3.9847273998510007,2.6254256001489993,-0.6303213998510006,-20.460780399851,,,,
1.641159,927,1079.0,0.7509046001489994,0.2576096001489994,-4.576681399851,-3.2941143998510003,,,,
1.642238,927,1079.0,0.1589506001489994,-5.661930399851,2.428107600148999,1.8361536001489993,,,,
1.643317,927,1079.0,-5.957907399851001,-0.2356853998510006,-1.8142293998510006,-0.6303213998510006,,,,
1.644396,927,1079.0,0.7509046001489994,-6.352543399851,4.795923600148999,-8.523041399851,,,,
1.645475,927,1079.0,-3.7874093998510006,6.571785600148999,-8.029746399851,-9.016336399851001,,,,
1.646554,927,1079.0,6.078490600148999,-5.563271399851001,6.374467600148999,-17.402351399851,,,,
1.647633,927,1079.0,-6.9444973998510005,4.105310600148999,-6.648520399851001,2.6254256001489993,,,,
1.648712,927,1079.0,3.118720600148999,-6.451202399851001,1.4415176001489993,12.688643600149,,,,
1.649791,927,1079.0,-7.240474399851,-1.7155703998510006,3.4146976001489993,1.6388356001489994,,,,
1.65087,927,1079.0,4.499946600148999,-1.9128883998510005,-1.5182523998510005,3.8093336001489995,,,,
1.651949,927,1079.0,3.4146976001489993,0.1589506001489994,-0.8276393998510005,-5.267294399851,,,,
1.653028,927,1079.0,0.8495636001489993,4.203969600149,-4.576681399851,-8.523041399851,,,,
1.654107,927,1079.0,3.907992600148999,-3.9847273998510007,5.190559600148999,2.6254256001489993,,,,
1.655186,927,1079.0,-2.2088653998510006,2.2307896001489995,-7.931087399851,15.648413600148999,,,,
1.656265,927,1079.0,1.3428586001489993,-9.904267399851001,7.1637396001489995,0.2576096001489994,,,,
1.657344,927,1079.0,-7.635110399851,3.907992600148999,-7.240474399851,6.374467600148999,,,,
1.658423,927,1079.0,7.262398600148999,-3.7874093998510006,-1.0249573998510007,-9.312313399851,,,,
1.659502,927,1079.0,-6.549861399851,5.486536600148999,-3.0967963998510006,-20.855416399851,,,,
1.660581,927,1079.0,3.0200616001489995,-1.4195933998510006,-2.2088653998510006,-8.325723399851,,,,
1.66166,927,1079.0,-1.6169113998510005,-3.4914323998510004,0.3562686001489994,1.2441996001489994,,,,
1.662739,927,1079.0,-4.773999399851,-1.6169113998510005,-0.03836739985100059,1.0468816001489993,,,,
1.663818,927,1079.0,-2.0115473998510005,-4.576681399851,5.091900600148999,-3.6887503998510005,,,,
1.664897,927,1079.0,-1.8142293998510006,4.401287600148999,-8.325723399851,-3.3927733998510003,,,,
1.665976,927,1079.0,5.091900600148999,-4.872658399851001,6.177149600148999,-15.922466399851,,,,
1.667055,927,1079.0,-6.352543399851,7.262398600148999,-7.931087399851,1.4415176001489993,,,,
1.668134,927,1079.0,5.881172600148999,-8.029746399851,4.105310600148999,12.195348600148998,,,,
1.669213,927,1079.0,-8.720359399851,0.5535866001489994,0.6522456001489993,8.446306600148999,,,,
1.670292,927,1079.0,4.302628600148999,-4.379363399851001,0.9482226001489994,7.262398600148999,,,,
1.671371,927,1079.0,1.0468816001489993,2.6254256001489993,-3.5900913998510005,0.4549276001489994,,,,
1.67245,927,1079.0,3.5133566001489993,2.2307896001489995,-2.1102063998510006,-9.114995399851,,,,
1.673529,927,1079.0,2.428107600148999,-1.3209343998510006,3.6120156001489994,-2.9981373998510006,,,,
1.674608,927,1079.0,-0.2356853998510006,1.8361536001489993,-7.733769399851,12.688643600149,,,,
1.675687,927,1079.0,-0.9262983998510006,-8.227064399851,6.177149600148999,0.7509046001489994,,,,
1.676766,927,1079.0,-9.114995399851,2.9214026001489994,-6.155225399851,9.531555600149,,,,
1.677845,927,1079.0,5.190559600148999,-5.957907399851001,1.1455406001489994,-4.379363399851001,,,,
1.678924,927,1079.0,-7.043156399851,7.657034600148999,-4.4780223998510005,-17.205033399851,,,,
1.680003,927,1079.0,5.289218600148999,-3.4914323998510004,0.8495636001489993,-10.496221399851,,,,
1.681082,927,1079.0,-3.8860683998510006,-0.43300339985100056,-2.0115473998510005,2.329448600148999,,,,
1.682161,927,1079.0,-2.4061833998510007,-3.4914323998510004,1.8361536001489993,4.105310600148999,,,,
1.68324,927,1079.0,-4.576681399851,-2.8994783998510005,4.401287600148999,2.2307896001489995,,,,
1.684319,927,1079.0,1.0468816001489993,1.4415176001489993,-5.464612399851,3.5133566001489993,,,,
1.685398,927,1079.0,3.118720600148999,-2.8994783998510005,4.6972646001489995,-12.173424399851001,,,,
1.686477,927,1079.0,-4.379363399851001,7.065080600148999,-6.747179399851,0.4549276001489994,,,,
1.687556,927,1079.0,5.289218600148999,-6.451202399851001,4.6972646001489995,12.885961600148999,,,,
1.688635,927,1079.0,-6.648520399851001,2.6254256001489993,-1.6169113998510005,15.253777600148998,,,,
1.689714,927,1079.0,4.105310600148999,-7.043156399851,3.8093336001489995,9.827532600148999,,,,
1.690793,927,1079.0,-1.0249573998510007,3.907992600148999,-5.168635399851,6.4731266001489995,,,,
1.691872,927,1079.0,5.979831600148999,0.1589506001489994,1.0468816001489993,-8.819018399851,,,,
1.692951,927,1079.0,-0.2356853998510006,1.4415176001489993,1.7374946001489993,-7.141815399851001,,,,
1.69403,927,1079.0,1.6388356001489994,0.8495636001489993,-5.957907399851001,9.630214600149,,,,
1.695109,927,1079.0,-2.6035013998510004,-6.451202399851001,4.993241600148999,3.217379600148999,,,,
1.696188,927,1079.0,-8.128405399851001,0.6522456001489993,-3.3927733998510003,10.814122600148998,,,,
1.697267,927,1079.0,2.5267666001489992,-7.240474399851,3.7106746001489994,0.060291600148999404,,,,
1.698346,927,1079.0,-5.661930399851,7.1637396001489995,-6.2538843998510005,-11.778788399851,,,,
1.699425,927,1079.0,5.190559600148999,-4.971317399851,4.302628600148999,-11.976106399851,,,,
1.700504,927,1079.0,-5.563271399851001,2.9214026001489994,-4.872658399851001,4.795923600148999,,,,
1.701583,927,1079.0,0.7509046001489994,-5.859248399851,4.203969600149,6.275808600148999,,,,
1.702662,927,1079.0,-6.155225399851,-1.5182523998510005,3.7106746001489994,5.979831600148999,,,,
1.703741,927,1079.0,4.6972646001489995,-1.3209343998510006,-2.6035013998510004,7.558375600148999,,,,
1.70482,927,1079.0,1.9348126001489994,-0.33434439985100056,2.5267666001489992,-7.339133399851001,,,,
1.705899,927,1079.0,-1.4195933998510006,5.782513600149,-4.872658399851001,-1.0249573998510007,,,,
1.706978,927,1079.0,4.894582600149,-4.379363399851001,3.907992600148999,12.195348600148998,,,,
1.708057,927,1079.0,-3.9847273998510007,3.0200616001489995,-3.5900913998510005,18.805501600149,,,,
1.709136,927,1079.0,2.329448600148999,-9.312313399851,7.1637396001489995,9.926191600148998,,,,
1.710215,927,1079.0,-3.9847273998510007,4.499946600148999,-6.056566399851,11.110099600148999,,,,
1.711294,927,1079.0,7.657034600148999,-1.9128883998510005,3.8093336001489995,-7.339133399851001,,,,
1.712373,927,1079.0,-2.8994783998510005,4.598605600148999,-0.5316623998510006,-9.608290399851,,,,
1.713452,927,1079.0,4.203969600149,-0.7289803998510006,-3.4914323998510004,5.387877600148999,,,,
1.714531,927,1079.0,-3.9847273998510007,-4.083386399851,3.0200616001489995,4.6972646001489995,,,,
1.71561,927,1079.0,-6.747179399851,-1.6169113998510005,-0.6303213998510006,9.827532600148999,,,,
1.716689,927,1079.0,-1.0249573998510007,-5.563271399851001,3.5133566001489993,4.203969600149,,,,
1.717768,927,1079.0,-3.9847273998510007,4.894582600149,-7.733769399851,-6.549861399851,,,,
1.718847,927,1079.0,3.316038600148999,-4.379363399851001,6.078490600148999,-13.653309399851,,,,
1.719926,927,1079.0,-5.168635399851,6.374467600148999,-7.733769399851,5.190559600148999,,,,
1.721005,927,1079.0,3.5133566001489993,-7.635110399851,5.782513600149,6.4731266001489995,,,,
1.722084,927,1079.0,-8.424382399851,0.060291600148999404,2.329448600148999,8.446306600148999,,,,
1.723163,927,1079.0,5.5851956001489995,-3.5900913998510005,-0.6303213998510006,10.320827600148998,,,,
1.724242,927,1079.0,-0.1370263998510006,2.1321306001489995,0.1589506001489994,-3.1954553998510007,,,,
1.725321,927,1079.0,1.1455406001489994,4.302628600148999,-2.7021603998510004,-3.7874093998510006,,,,
1.7264,927,1079.0,3.8093336001489995,-1.8142293998510006,2.5267666001489992,7.755693600148999,,,,
1.727479,927,1079.0,-1.9128883998510005,2.329448600148999,-4.675340399851001,17.621593600148998,,,,
1.728558,927,1079.0,-0.2356853998510006,-8.621700399851001,9.038260600148998,8.840942600148999,,,,
1.729637,927,1079.0,-6.549861399851,3.907992600148999,-6.352543399851,14.859141600148998,,,,
1.730716,927,1079.0,7.361057600149,-4.379363399851001,5.091900600148999,-4.576681399851,,,,
1.731795,927,1079.0,-5.760589399851001,7.755693600148999,-3.3927733998510003,-11.482811399851,,,,
1.732874,927,1079.0,6.769103600148999,-2.7021603998510004,-0.8276393998510005,0.060291600148999404,,,,
1.733953,927,1079.0,-5.464612399851,-1.2222753998510005,0.2576096001489994,4.6972646001489995,,,,
1.735032,927,1079.0,-5.069976399851001,-3.7874093998510006,1.6388356001489994,8.051670600148999,,,,
1.736111,927,1079.0,-3.7874093998510006,-3.7874093998510006,1.1455406001489994,8.150329600149,,,,
1.73719,927,1079.0,-1.8142293998510006,2.428107600148999,-7.437792399851,-2.3075243998510007,,,,
1.738269,927,1079.0,1.7374946001489993,-2.9981373998510006,5.289218600148999,-14.343922399851,,,,
1.739348,927,1079.0,-3.5900913998510005,7.459716600148999,-8.621700399851001,3.5133566001489993,,,,
1.740427,927,1079.0,5.486536600148999,-7.141815399851001,5.486536600148999,6.078490600148999,,,,
1.741506,927,1079.0,-9.114995399851,2.0334716001489994,0.3562686001489994,11.011440600149,,,,
1.742585,927,1079.0,5.091900600148999,-6.056566399851,1.7374946001489993,12.589984600148998,,,,
1.743664,927,1079.0,-2.1102063998510006,4.105310600148999,-2.0115473998510005,0.9482226001489994,,,,
1.744743,927,1079.0,3.907992600148999,2.329448600148999,-0.1370263998510006,-6.9444973998510005,,,,
1.745822,927,1079.0,1.8361536001489993,1.1455406001489994,0.4549276001489994,1.9348126001489994,,,,
1.746901,927,1079.0,0.6522456001489993,1.0468816001489993,-4.971317399851,14.365846600148998,,,,
1.74798,927,1079.0,-2.9981373998510006,-6.549861399851,7.755693600148999,8.150329600149,,,,
1.749059,927,1079.0,-6.2538843998510005,1.3428586001489993,-4.675340399851001,16.930980600149,,,,
1.750138,927,1079.0,4.894582600149,-6.747179399851,5.289218600148999,-1.3209343998510006,,,,
1.751217,927,1079.0,-5.859248399851,7.854352600148999,-5.3659533998510005,-12.864037399851,,,,
1.752296,927,1079.0,6.769103600148999,-4.4780223998510005,1.3428586001489993,-5.760589399851001,,,,
1.753375,927,1079.0,-5.760589399851001,1.5401766001489994,-2.7021603998510004,4.302628600148999,,,,
1.754454,927,1079.0,-2.9981373998510006,-5.760589399851001,3.4146976001489993,6.571785600148999,,,,
1.755533,927,1079.0,-5.760589399851001,-2.7021603998510004,-0.7289803998510006,10.912781600149,,,,
1.756612,927,1079.0,0.6522456001489993,-0.43300339985100056,-5.859248399851,1.6388356001489994,,,,
1.757691,927,1079.0,0.1589506001489994,-1.3209343998510006,3.4146976001489993,-13.455991399851,,,,
1.75877,927,1079.0,-1.6169113998510005,6.571785600148999,-7.733769399851,0.6522456001489993,,,,
1.759849,927,1079.0,5.683854600148999,-5.168635399851,3.8093336001489995,5.486536600148999,,,,
1.760928,927,1079.0,-6.648520399851001,2.9214026001489994,-1.1236163998510005,12.294007600149,,,,
1.762007,927,1079.0,3.7106746001489994,-9.016336399851001,5.289218600148999,13.181938600149,,,,
1.763086,927,1079.0,-4.280704399851,4.795923600148999,-3.9847273998510007,5.782513600149,,,,
1.764165,927,1079.0,6.670444600148999,-0.1370263998510006,3.217379600148999,-8.424382399851,,,,
1.765244,927,1079.0,-0.33434439985100056,4.302628600148999,-2.5048423998510003,-2.9981373998510006,,,,
1.766323,927,1079.0,3.6120156001489994,-0.5316623998510006,-4.083386399851,9.630214600149,,,,
1.767402,927,1079.0,-5.3659533998510005,-4.280704399851,5.190559600148999,7.1637396001489995,,,,
1.768481,927,1079.0,-5.069976399851001,-1.3209343998510006,-2.6035013998510004,16.240367600149,,,,
1.76956,927,1079.0,1.9348126001489994,-6.648520399851001,4.105310600148999,2.1321306001489995,,,,
1.770639,927,1079.0,-4.872658399851001,5.881172600148999,-6.352543399851,-12.074765399851,,,,
1.771718,927,1079.0,5.091900600148999,-4.280704399851,2.8227436001489994,-11.482811399851,,,,
1.772797,927,1079.0,-4.576681399851,4.598605600148999,-6.352543399851,3.118720600148999,,,,
1.773876,927,1079.0,-0.33434439985100056,-7.536451399851001,4.894582600149,3.907992600148999,,,,
1.774955,927,1079.0,-8.128405399851001,-1.5182523998510005,-2.0115473998510005,11.998030600148999,,,,
1.776034,927,1079.0,2.7240846001489993,-3.1954553998510007,-3.9847273998510007,5.289218600148999,,,,
1.777113,927,1079.0,-2.2088653998510006,0.8495636001489993,0.6522456001489993,-10.298903399851,,,,
1.778192,927,1079.0,0.7509046001489994,4.993241600148999,-6.056566399851,-3.1954553998510007,,,,
1.779271,927,1079.0,4.795923600148999,-2.5048423998510003,1.1455406001489994,2.428107600148999,,,,
1.78035,927,1079.0,-3.8860683998510006,2.329448600148999,-1.4195933998510006,10.123509600149,,,,
1.781429,927,1079.0,1.1455406001489994,-9.312313399851,8.840942600148999,11.504735600148999,,,,
1.782508,927,1079.0,-5.267294399851,3.907992600148999,-4.971317399851,10.123509600149,,,,
1.783587,927,1079.0,6.966421600148999,-2.8008193998510005,5.979831600148999,-7.635110399851,,,,
1.784666,927,1079.0,-2.6035013998510004,7.065080600148999,-4.971317399851,-6.2538843998510005,,,,
1.785745,927,1079.0,6.177149600148999,-1.7155703998510006,-2.8008193998510005,4.006651600149,,,,
1.786824,927,1079.0,-6.155225399851,-2.2088653998510006,2.7240846001489993,4.499946600148999,,,,
1.787903,927,1079.0,-4.4780223998510005,-3.0967963998510006,-1.0249573998510007,13.773892600148999,,,,
1.788982,927,1079.0,-1.0249573998510007,-5.563271399851001,2.1321306001489995,5.289218600148999,,,,
1.790061,927,1079.0,-3.7874093998510006,3.6120156001489994,-6.155225399851,-9.312313399851,,,,
1.79114,927,1079.0,3.316038600148999,-3.4914323998510004,3.4146976001489993,-14.442581399851,,,,
1.792219,927,1079.0,-2.8994783998510005,6.571785600148999,-9.016336399851001,1.2441996001489994,,,,
1.793298,927,1079.0,1.9348126001489994,-7.8324283998510005,5.486536600148999,0.2576096001489994,,,,
1.794377,927,1079.0,-10.200244399851,0.060291600148999404,-3.0967963998510006,11.406076600149,,,,
1.795456,927,1079.0,3.8093336001489995,-6.056566399851,-1.6169113998510005,8.643624600149,,,,
1.796535,927,1079.0,-4.971317399851,3.0200616001489995,-1.5182523998510005,-6.549861399851,,,,
1.797614,927,1079.0,3.217379600148999,3.118720600148999,-3.6887503998510005,-6.352543399851,,,,
1.798693,927,1079.0,3.5133566001489993,0.060291600148999404,-0.9262983998510006,-1.0249573998510007,,,,
1.799772,927,1079.0,-1.6169113998510005,1.4415176001489993,-1.2222753998510005,6.374467600148999,,,,
1.800851,927,1079.0,-0.8276393998510005,-7.635110399851,9.531555600149,9.136919600149,,,,
1.80193,927,1079.0,-4.971317399851,2.428107600148999,-4.971317399851,13.872551600148999,,,,
1.803009,927,1079.0,5.979831600148999,-5.069976399851001,6.966421600148999,-5.267294399851,,,,
1.804088,927,1079.0,-4.4780223998510005,8.347647600149,-5.957907399851001,-7.8324283998510005,,,,
1.805167,927,1079.0,8.248988600149,-2.9981373998510006,-2.0115473998510005,-0.9262983998510006,,,,
1.806246,927,1079.0,-6.155225399851,0.1589506001489994,-0.33434439985100056,1.9348126001489994,,,,
1.807325,927,1079.0,-3.8860683998510006,-4.773999399851,0.2576096001489994,10.616804600148999,,,,
1.808404,927,1079.0,-3.7874093998510006,-4.379363399851001,-0.33434439985100056,9.235578600149,,,,
1.809483,927,1079.0,-2.4061833998510007,1.0468816001489993,-4.872658399851001,-4.872658399851001,,,,
1.810562,927,1079.0,0.9482226001489994,-2.0115473998510005,3.5133566001489993,-14.935876399851,,,,
1.811641,927,1079.0,-0.7289803998510006,6.867762600148999,-9.509631399851001,-1.2222753998510005,,,,
1.81272,927,1079.0,3.316038600148999,-6.155225399851,4.6972646001489995,-2.7021603998510004,,,,
1.813799,927,1079.0,-10.002926399851,2.0334716001489994,-4.083386399851,9.926191600148998,,,,
1.814878,927,1079.0,3.5133566001489993,-8.720359399851,1.4415176001489993,10.912781600149,,,,
1.815957,927,1079.0,-6.845838399851,4.203969600149,-2.9981373998510006,-2.2088653998510006,,,,
1.817036,927,1079.0,4.993241600148999,1.4415176001489993,-0.9262983998510006,-8.128405399851001,,,,
1.818115,927,1079.0,2.329448600148999,2.7240846001489993,-2.7021603998510004,-2.6035013998510004,,,,
1.819194,927,1079.0,1.0468816001489993,0.6522456001489993,-0.9262983998510006,3.316038600148999,,,,
1.820273,927,1079.0,-2.8008193998510005,-5.563271399851001,8.840942600148999,6.966421600148999,,,,
1.821352,927,1079.0,-3.5900913998510005,0.4549276001489994,-3.7874093998510006,16.043049600149,,,,
1.822431,927,1079.0,4.203969600149,-6.352543399851,7.065080600148999,-2.4061833998510007,,,,
1.82351,927,1079.0,-4.971317399851,7.854352600148999,-5.563271399851001,-7.8324283998510005,,,,
1.824589,927,1079.0,8.248988600149,-3.5900913998510005,-0.5316623998510006,-4.280704399851,,,,
1.825668,927,1079.0,-5.168635399851,3.316038600148999,-3.2941143998510003,1.0468816001489993,,,,
1.826747,927,1079.0,-1.9128883998510005,-6.648520399851001,2.5267666001489992,7.459716600148999,,,,
1.827826,927,1079.0,-6.549861399851,-2.7021603998510004,-2.6035013998510004,12.195348600148998,,,,
1.828905,927,1079.0,-0.33434439985100056,-1.9128883998510005,-2.3075243998510007,-0.2356853998510006,,,,
1.829984,927,1079.0,-1.5182523998510005,0.060291600148999404,2.7240846001489993,-13.357332399851,,,,
1.831063,927,1079.0,1.6388356001489994,5.683854600148999,-8.029746399851,-2.8994783998510005,,,,
1.832142,927,1079.0,3.7106746001489994,-3.5900913998510005,3.0200616001489995,-3.4914323998510004,,,,
1.833221,927,1079.0,-7.437792399851,2.5267666001489992,-2.9981373998510006,8.446306600148999,,,,
1.8343,927,1079.0,2.329448600148999,-9.904267399851001,4.6972646001489995,11.998030600148999,,,,
1.835379,927,1079.0,-7.141815399851001,4.006651600149,-3.9847273998510007,2.5267666001489992,,,,
1.836458,927,1079.0,5.387877600148999,-0.43300339985100056,2.7240846001489993,-8.621700399851001,,,,
1.837537,927,1079.0,1.0468816001489993,5.881172600148999,-4.872658399851001,-2.9981373998510006,,,,
1.838616,927,1079.0,4.401287600148999,-0.2356853998510006,0.1589506001489994,1.2441996001489994,,,,
1.839695,927,1079.0,-4.379363399851001,-3.0967963998510006,7.361057600149,5.683854600148999,,,,
1.840774,927,1079.0,-1.5182523998510005,-1.9128883998510005,-1.4195933998510006,16.635003600149,,,,
1.841853,927,1079.0,1.5401766001489994,-5.957907399851001,6.078490600148999,1.7374946001489993,,,,
1.842932,927,1079.0,-3.8860683998510006,5.5851956001489995,-4.083386399851,-6.451202399851001,,,,
1.844011,927,1079.0,6.374467600148999,-2.8008193998510005,0.8495636001489993,-6.352543399851,,,,
1.84509,927,1079.0,-2.7021603998510004,6.571785600148999,-6.451202399851001,1.3428586001489993,,,,
1.846169,927,1079.0,0.1589506001489994,-7.339133399851001,5.387877600148999,4.499946600148999,,,,
1.847248,927,1079.0,-9.312313399851,-0.8276393998510005,-4.083386399851,13.872551600148999,,,,
1.848327,927,1079.0,1.6388356001489994,-4.773999399851,0.5535866001489994,4.006651600149,,,,
1.849406,927,1079.0,-4.182045399851001,2.5267666001489992,1.4415176001489993,-10.298903399851,,,,
1.850485,927,1079.0,3.907992600148999,4.598605600148999,-5.563271399851001,-3.9847273998510007,,,,
1.851564,927,1079.0,3.7106746001489994,-0.8276393998510005,1.4415176001489993,-3.5900913998510005,,,,
1.852643,927,1079.0,-4.576681399851,2.1321306001489995,-0.9262983998510006,6.670444600148999,,,,
1.853722,927,1079.0,0.8495636001489993,-9.114995399851,6.966421600148999,12.392666600149,,,,
1.854801,927,1079.0,-6.2538843998510005,2.8227436001489994,-4.182045399851001,7.459716600148999,,,,
1.85588,927,1079.0,4.6972646001489995,-2.3075243998510007,5.683854600148999,-7.339133399851001,,,,
1.856959,927,1079.0,0.060291600148999404,8.643624600149,-6.155225399851,-3.1954553998510007,,,,
1.858038,927,1079.0,8.051670600148999,-1.3209343998510006,1.2441996001489994,-0.6303213998510006,,,,
1.859117,927,1079.0,-5.168635399851,-0.1370263998510006,5.289218600148999,4.302628600148999,,,,
1.860196,927,1079.0,0.3562686001489994,-4.182045399851001,1.3428586001489993,15.747072600148998,,,,
1.861275,927,1079.0,-1.1236163998510005,-4.4780223998510005,4.203969600149,6.571785600148999,,,,
1.862354,927,1079.0,-2.2088653998510006,2.8227436001489994,-2.0115473998510005,-4.083386399851,,,,
1.863433,927,1079.0,4.203969600149,-1.2222753998510005,1.3428586001489993,-7.240474399851,,,,
1.864512,927,1079.0,-0.33434439985100056,7.657034600148999,-8.029746399851,0.3562686001489994,,,,
1.865591,927,1079.0,0.7509046001489994,-6.056566399851,6.177149600148999,1.6388356001489994,,,,
1.86667,927,1079.0,-10.594880399851,0.7509046001489994,-4.379363399851001,14.069869600149,,,,
1.867749,927,1079.0,2.329448600148999,-7.635110399851,2.7240846001489993,7.755693600148999,,,,
1.868828,927,1079.0,-6.9444973998510005,3.907992600148999,0.1589506001489994,-6.155225399851,,,,
1.869907,927,1079.0,5.190559600148999,3.5133566001489993,-3.0967963998510006,-5.267294399851,,,,
1.870986,927,1079.0,3.4146976001489993,2.2307896001489995,-0.43300339985100056,-4.182045399851001,,,,
1.872065,927,1079.0,-1.4195933998510006,1.4415176001489993,0.7509046001489994,4.105310600148999,,,,
1.873144,927,1079.0,-0.7289803998510006,-6.845838399851,7.657034600148999,11.899371600149,,,,
1.874223,927,1079.0,-4.280704399851,0.8495636001489993,-3.6887503998510005,12.589984600148998,,,,
1.875302,927,1079.0,3.0200616001489995,-4.280704399851,7.459716600148999,-4.675340399851001,,,,
1.876381,927,1079.0,-1.1236163998510005,9.136919600149,-6.352543399851,-3.4914323998510004,,,,
1.87746,927,1079.0,10.518145600149,-2.0115473998510005,1.4415176001489993,-3.2941143998510003,,,,
1.878539,927,1079.0,-4.576681399851,3.4146976001489993,2.1321306001489995,2.329448600148999,,,,
1.879618,927,1079.0,2.1321306001489995,-6.2538843998510005,3.8093336001489995,13.280597600149,,,,
1.880697,927,1079.0,-3.9847273998510007,-3.0967963998510006,1.9348126001489994,11.110099600148999,,,,
1.881776,927,1079.0,-0.8276393998510005,-0.03836739985100059,0.7509046001489994,-0.8276393998510005,,,,
1.882855,927,1079.0,1.8361536001489993,0.6522456001489993,1.1455406001489994,-7.339133399851001,,,,
1.883934,927,1079.0,1.7374946001489993,7.558375600148999,-8.424382399851,-1.3209343998510006,,,,
1.885013,927,1079.0,0.7509046001489994,-3.4914323998510004,5.486536600148999,-1.4195933998510006,,,,
1.886092,927,1079.0,-9.904267399851001,1.7374946001489993,-4.083386399851,12.885961600148999,,,,
1.887171,927,1079.0,1.8361536001489993,-9.706949399851,4.401287600148999,10.715463600148999,,,,
1.88825,927,1079.0,-8.819018399851,3.907992600148999,-0.5316623998510006,-1.3209343998510006,,,,
1.889329,927,1079.0,5.091900600148999,1.7374946001489993,-0.2356853998510006,-6.2538843998510005,,,,
1.890408,927,1079.0,2.5267666001489992,5.683854600148999,-2.8994783998510005,-4.872658399851001,,,,
1.891487,927,1079.0,2.329448600148999,0.5535866001489994,1.9348126001489994,0.060291600148999404,,,,
1.892566,927,1079.0,-2.6035013998510004,-4.182045399851001,6.670444600148999,9.827532600148999,,,,
1.893645,927,1079.0,-1.9128883998510005,-1.7155703998510006,-2.1102063998510006,15.451095600149,,,,
1.894724,927,1079.0,0.4549276001489994,-5.267294399851,7.755693600148999,-1.3209343998510006,,,,
1.895803,927,1079.0,-1.3209343998510006,7.065080600148999,-5.069976399851001,-3.2941143998510003,,,,
1.896882,927,1079.0,10.222168600148999,-1.6169113998510005,0.8495636001489993,-5.563271399851001,,,,
1.897961,927,1079.0,-2.8994783998510005,6.571785600148999,-1.2222753998510005,-0.33434439985100056,,,,
1.89904,927,1079.0,2.8227436001489994,-6.747179399851,5.5851956001489995,9.531555600149,,,,
1.900119,927,1079.0,-6.549861399851,-2.4061833998510007,-0.03836739985100059,13.477915600148998,,,,
1.901198,927,1079.0,0.3562686001489994,-3.4914323998510004,3.5133566001489993,2.0334716001489994,,,,
1.902277,927,1079.0,-0.9262983998510006,2.0334716001489994,0.9482226001489994,-6.2538843998510005,,,,
1.903356,927,1079.0,3.907992600148999,6.374467600148999,-7.635110399851,-3.0967963998510006,,,,
1.904435,927,1079.0,0.7509046001489994,-0.8276393998510005,3.7106746001489994,-4.576681399851,,,,
1.905514,927,1079.0,-7.635110399851,1.8361536001489993,-2.8994783998510005,9.531555600149,,,,
1.906593,927,1079.0,0.8495636001489993,-10.002926399851,5.289218600148999,11.899371600149,,,,
1.907672,927,1079.0,-8.819018399851,2.7240846001489993,-1.0249573998510007,3.316038600148999,,,,
1.908751,927,1079.0,3.907992600148999,-0.9262983998510006,3.0200616001489995,-5.957907399851001,,,,
1.90983,927,1079.0,1.8361536001489993,8.446306600148999,-5.563271399851001,-4.872658399851001,,,,
1.910909,927,1079.0,6.177149600148999,-0.33434439985100056,2.428107600148999,-4.182045399851001,,,,
1.911988,927,1079.0,-3.8860683998510006,-1.2222753998510005,4.302628600148999,5.979831600148999,,,,
1.913067,927,1079.0,0.4549276001489994,-4.182045399851001,-0.43300339985100056,14.859141600148998,,,,
1.914146,927,1079.0,-1.9128883998510005,-5.267294399851,6.769103600148999,1.9348126001489994,,,,
1.915225,927,1079.0,-1.3209343998510006,4.302628600148999,-3.3927733998510003,-2.4061833998510007,,,,
1.916304,927,1079.0,8.347647600149,-0.5316623998510006,0.060291600148999404,-6.549861399851,,,,
1.917383,927,1079.0,-0.9262983998510006,8.248988600149,-4.083386399851,-3.0967963998510006,,,,
1.918462,927,1079.0,2.9214026001489994,-5.760589399851001,6.275808600148999,4.598605600148999,,,,
1.919541,927,1079.0,-7.733769399851,-1.3209343998510006,-1.9128883998510005,13.379256600148999,,,,
1.92062,927,1079.0,1.0468816001489993,-6.549861399851,5.190559600148999,4.006651600149,,,,
1.921699,927,1079.0,-4.083386399851,3.0200616001489995,0.4549276001489994,-4.4780223998510005,,,,
1.922778,927,1079.0,5.683854600148999,4.598605600148999,-5.859248399851,-4.083386399851,,,,
1.923857,927,1079.0,0.7509046001489994,2.0334716001489994,1.0468816001489993,-7.141815399851001,,,,
1.924936,927,1079.0,-4.576681399851,1.1455406001489994,-1.7155703998510006,4.993241600148999,,,,
1.926015,927,1079.0,-0.7289803998510006,-8.523041399851,4.499946600148999,10.814122600148998,,,,
1.927094,927,1079.0,-7.240474399851,0.6522456001489993,-1.5182523998510005,6.670444600148999,,,,
1.928173,927,1079.0,1.6388356001489994,-3.3927733998510003,5.289218600148999,-4.675340399851001,,,,
1.929252,927,1079.0,1.1455406001489994,8.939601600148999,-7.240474399851,-4.280704399851,,,,
1.930331,927,1079.0,9.334237600148999,-0.9262983998510006,2.1321306001489995,-7.240474399851,,,,
1.93141,927,1079.0,-4.182045399851001,1.7374946001489993,1.3428586001489993,1.5401766001489994,,,,
1.932489,927,1079.0,2.5267666001489992,-6.155225399851,0.6522456001489993,12.096689600148999,,,,
1.933568,927,1079.0,-4.4780223998510005,-4.872658399851001,4.499946600148999,4.499946600148999,,,,
1.934647,927,1079.0,-1.1236163998510005,0.9482226001489994,-1.4195933998510006,-1.4195933998510006,,,,
1.935726,927,1079.0,5.782513600149,0.2576096001489994,-0.8276393998510005,-6.451202399851001,,,,
1.936805,927,1079.0,0.9482226001489994,8.347647600149,-5.760589399851001,-5.069976399851001,,,,
1.937884,927,1079.0,2.1321306001489995,-4.182045399851001,5.979831600148999,-0.8276393998510005,,,,
1.938963,927,1079.0,-7.635110399851,-0.2356853998510006,-3.6887503998510005,11.800712600149,,,,
1.940042,927,1079.0,1.0468816001489993,-9.608290399851,5.782513600149,5.387877600148999,,,,
1.941121,927,1079.0,-7.635110399851,3.118720600148999,-0.33434439985100056,-2.2088653998510006,,,,
1.9422,927,1079.0,5.881172600148999,2.329448600148999,-3.5900913998510005,-4.675340399851001,,,,
1.943279,927,1079.0,0.3562686001489994,4.993241600148999,-1.7155703998510006,-8.029746399851,,,,
1.944358,927,1079.0,-1.1236163998510005,0.4549276001489994,-0.5316623998510006,-0.03836739985100059,,,,
1.945437,927,1079.0,-2.3075243998510007,-6.2538843998510005,2.7240846001489993,8.446306600148999,,,,
1.946516,927,1079.0,-5.3659533998510005,-1.5182523998510005,-1.7155703998510006,7.854352600148999,,,,
1.947595,927,1079.0,-0.33434439985100056,-4.576681399851,5.782513600149,-3.6887503998510005,,,,
1.948674,927,1079.0,0.7509046001489994,7.854352600148999,-7.437792399851,-3.8860683998510006,,,,
1.949753,927,1079.0,10.616804600148999,-0.6303213998510006,1.0468816001489993,-8.917677399851,,,,
1.950832,927,1079.0,-3.6887503998510005,4.894582600149,-1.3209343998510006,-1.9128883998510005,,,,
1.951911,927,1079.0,3.8093336001489995,-6.549861399851,1.3428586001489993,8.742283600149,,,,
1.95299,927,1079.0,-6.056566399851,-4.083386399851,1.7374946001489993,6.078490600148999,,,,
1.954069,927,1079.0,-1.1236163998510005,-2.2088653998510006,0.7509046001489994,-0.7289803998510006,,,,
1.955148,927,1079.0,2.6254256001489993,1.2441996001489994,-1.7155703998510006,-5.760589399851001,,,,
1.956227,927,1079.0,2.9214026001489994,7.065080600148999,-6.155225399851,-6.2538843998510005,,,,
1.957306,927,1079.0,0.8495636001489993,-1.6169113998510005,4.795923600148999,-4.576681399851,,,,
1.958385,927,1079.0,-6.451202399851001,0.2576096001489994,-4.182045399851001,9.531555600149,,,,
1.959464,927,1079.0,0.1589506001489994,-10.594880399851,5.486536600148999,6.275808600148999,,,,
1.960543,927,1079.0,-9.608290399851,2.329448600148999,-1.0249573998510007,0.060291600148999404,,,,
1.961622,927,1079.0,4.6972646001489995,-0.1370263998510006,-1.1236163998510005,-4.773999399851,,,,
1.962701,927,1079.0,0.1589506001489994,7.459716600148999,-4.576681399851,-7.635110399851,,,,
1.96378,927,1079.0,2.2307896001489995,0.1589506001489994,0.5535866001489994,-3.6887503998510005,,,,
1.964859,927,1079.0,-3.5900913998510005,-3.6887503998510005,1.0468816001489993,6.275808600148999,,,,
1.965938,927,1079.0,-3.0967963998510006,-4.083386399851,-1.3209343998510006,8.446306600148999,,,,
1.967017,927,1079.0,-2.7021603998510004,-5.3659533998510005,5.5851956001489995,-2.2088653998510006,,,,
1.968096,927,1079.0,0.6522456001489993,5.683854600148999,-6.648520399851001,-3.0967963998510006,,,,
1.969175,927,1079.0,10.222168600148999,0.1589506001489994,0.1589506001489994,-9.410972399851,,,,
1.970254,927,1079.0,-2.2088653998510006,7.361057600149,-3.0967963998510006,-4.182045399851001,,,,
1.971333,927,1079.0,4.401287600148999,-6.2538843998510005,2.5267666001489992,5.5851956001489995,,,,
1.972412,927,1079.0,-6.9444973998510005,-2.8994783998510005,-0.8276393998510005,7.854352600148999,,,,
1.973491,927,1079.0,-1.0249573998510007,-5.760589399851001,3.4146976001489993,0.3562686001489994,,,,
1.97457,927,1079.0,-0.8276393998510005,2.428107600148999,-2.4061833998510007,-4.379363399851001,,,,
1.975649,927,1079.0,5.190559600148999,5.387877600148999,-5.464612399851,-6.451202399851001,,,,
1.976728,927,1079.0,-0.2356853998510006,1.5401766001489994,2.6254256001489993,-6.845838399851,,,,
1.977807,927,1079.0,-4.083386399851,0.3562686001489994,-3.3927733998510003,6.966421600148999,,,,
1.978886,927,1079.0,-1.1236163998510005,-9.904267399851001,4.795923600148999,7.262398600148999,,,,
1.979965,927,1079.0,-9.706949399851,0.8495636001489993,-0.7289803998510006,2.5267666001489992,,,,
1.981044,927,1079.0,2.7240846001489993,-2.1102063998510006,1.0468816001489993,-3.8860683998510006,,,,
1.982123,927,1079.0,0.4549276001489994,8.742283600149,-6.352543399851,-6.451202399851001,,,,
1.983202,927,1079.0,5.387877600148999,0.6522456001489993,1.3428586001489993,-6.155225399851,,,,
1.984281,927,1079.0,-4.182045399851001,-0.43300339985100056,-0.33434439985100056,4.598605600148999,,,,
1.98536,927,1079.0,-1.0249573998510007,-5.859248399851,-0.1370263998510006,9.136919600149,,,,
1.986439,927,1079.0,-5.464612399851,-5.267294399851,4.993241600148999,0.6522456001489993,,,,
1.987518,927,1079.0,0.3562686001489994,2.7240846001489993,-4.675340399851001,-1.7155703998510006,,,,
1.988597,927,1079.0,8.248988600149,1.2441996001489994,-0.9262983998510006,-8.523041399851,,,,
1.989676,927,1079.0,0.060291600148999404,8.544965600148998,-3.9847273998510007,-5.661930399851,,,,
1.990755,927,1079.0,4.105310600148999,-4.576681399851,3.4146976001489993,2.7240846001489993,,,,
1.991834,927,1079.0,-6.451202399851001,-1.7155703998510006,-2.2088653998510006,9.630214600149,,,,
1.992913,927,1079.0,-1.3209343998510006,-8.819018399851,5.486536600148999,2.7240846001489993,,,,
1.993992,927,1079.0,-4.4780223998510005,2.8227436001489994,-2.4061833998510007,-1.7155703998510006,,,,
1.995071,927,1079.0,6.374467600148999,3.6120156001489994,-3.9847273998510007,-5.760589399851001,,,,
1.99615,927,1079.0,-0.33434439985100056,4.6972646001489995,0.5535866001489994,-7.733769399851,,,,
1.997229,927,1079.0,-1.2222753998510005,0.7509046001489994,-1.8142293998510006,4.499946600148999,,,,
1.998308,927,1079.0,-2.0115473998510005,-7.733769399851,4.006651600149,8.446306600148999,,,,
1.999387,927,1079.0,-8.523041399851,-1.1236163998510005,0.4549276001489994,5.683854600148999,,,,
2.000466,927,1079.0,0.3562686001489994,-3.5900913998510005,3.118720600148999,-1.6169113998510005,,,,
2.001545,927,1079.0,0.8495636001489993,8.544965600148998,-6.648520399851001,-4.675340399851001,,,,
2.002624,927,1079.0,7.558375600148999,1.2441996001489994,2.1321306001489995,-7.733769399851,,,,
2.003703,927,1079.0,-3.9847273998510007,3.5133566001489993,-1.5182523998510005,2.7240846001489993,,,,
2.004782,927,1079.0,1.3428586001489993,-6.549861399851,1.7374946001489993,9.334237600148999,,,,
2.005861,927,1079.0,-7.733769399851,-4.280704399851,4.105310600148999,4.598605600148999,,,,
2.00694,927,1079.0,-0.33434439985100056,-0.6303213998510006,-1.1236163998510005,0.8495636001489993,,,,
2.008019,927,1079.0,5.289218600148999,2.428107600148999,-1.5182523998510005,-6.056566399851,,,,
2.009098,927,1079.0,2.5267666001489992,8.446306600148999,-3.6887503998510005,-6.451202399851001,,,,
2.010177,927,1079.0,3.0200616001489995,-1.7155703998510006,3.6120156001489994,-0.03836739985100059,,,,
2.011256,927,1079.0,-4.971317399851,-0.6303213998510006,-2.4061833998510007,10.419486600149,,,,
2.012335,927,1079.0,-2.1102063998510006,-9.904267399851001,6.867762600148999,5.486536600148999,,,,
2.013414,927,1079.0,-7.339133399851001,2.2307896001489995,-1.2222753998510005,1.9348126001489994,,,,
2.014493,927,1079.0,6.078490600148999,1.6388356001489994,-1.7155703998510006,-3.7874093998510006,,,,
2.015572,927,1079.0,-0.33434439985100056,7.361057600149,-1.0249573998510007,-7.536451399851001,,,,
2.016651,927,1079.0,1.9348126001489994,1.6388356001489994,-0.2356853998510006,1.6388356001489994,,,,
2.01773,927,1079.0,-2.4061833998510007,-4.576681399851,3.0200616001489995,8.939601600148999,,,,
2.018809,927,1079.0,-6.451202399851001,-3.0967963998510006,2.0334716001489994,8.643624600149,,,,
2.019888,927,1079.0,-2.1102063998510006,-4.4780223998510005,4.993241600148999,1.7374946001489993,,,,
2.020967,927,1079.0,1.0468816001489993,6.769103600148999,-5.464612399851,-1.4195933998510006,,,,
2.022046,927,1079.0,8.347647600149,2.2307896001489995,2.329448600148999,-8.029746399851,,,,
2.023125,927,1079.0,-2.5048423998510003,6.867762600148999,-2.3075243998510007,0.3562686001489994,,,,
2.024204,927,1079.0,3.5133566001489993,-5.859248399851,2.9214026001489994,8.446306600148999,,,,
2.025283,927,1079.0,-8.128405399851001,-2.9981373998510006,3.0200616001489995,7.953011600148999,,,,
2.026362,927,1079.0,-1.0249573998510007,-3.7874093998510006,2.6254256001489993,3.907992600148999,,,,
2.027441,927,1079.0,2.329448600148999,3.0200616001489995,-1.4195933998510006,-2.5048423998510003,,,,
2.02852,927,1079.0,4.598605600148999,7.361057600149,-2.7021603998510004,-6.056566399851,,,,
2.029599,927,1079.0,2.428107600148999,1.5401766001489994,2.9214026001489994,-2.3075243998510007,,,,
2.030678,927,1079.0,-2.4061833998510007,0.5535866001489994,-2.3075243998510007,9.531555600149,,,,
2.031757,927,1079.0,-2.3075243998510007,-9.410972399851,7.262398600148999,7.459716600148999,,,,
2.032836,927,1079.0,-8.621700399851001,0.9482226001489994,0.2576096001489994,5.387877600148999,,,,
2.033915,927,1079.0,4.894582600149,-0.6303213998510006,0.7509046001489994,-0.9262983998510006,,,,
2.034994,927,1079.0,-0.1370263998510006,8.742283600149,-2.1102063998510006,-5.957907399851001,,,,
2.036073,927,1079.0,4.598605600148999,2.329448600148999,1.2441996001489994,-1.3209343998510006,,,,
2.037152,927,1079.0,-2.3075243998510007,-0.8276393998510005,1.1455406001489994,7.854352600148999,,,,
2.038231,927,1079.0,-3.4914323998510004,-4.675340399851001,3.217379600148999,9.926191600148998,,,,
2.03931,927,1079.0,-4.675340399851001,-4.4780223998510005,5.782513600149,4.894582600149,,,,
2.040389,927,1079.0,1.4415176001489993,4.105310600148999,-3.3927733998510003,2.0334716001489994,,,,
2.041468,927,1079.0,7.558375600148999,2.9214026001489994,2.1321306001489995,-6.648520399851001,,,,
2.042547,927,1079.0,-0.2356853998510006,8.643624600149,-2.3075243998510007,-1.5182523998510005,,,,
2.043626,927,1079.0,4.894582600149,-4.280704399851,3.217379600148999,6.275808600148999,,,,
2.044705,927,1079.0,-6.9444973998510005,-1.8142293998510006,1.8361536001489993,9.432896600148998,,,,
2.045784,927,1079.0,-1.6169113998510005,-6.352543399851,5.190559600148999,5.881172600148999,,,,
2.046863,927,1079.0,-0.6303213998510006,3.118720600148999,-1.0249573998510007,1.1455406001489994,,,,
2.047942,927,1079.0,6.078490600148999,5.486536600148999,-1.3209343998510006,-4.675340399851001,,,,
2.049021,927,1079.0,1.9348126001489994,4.598605600148999,1.8361536001489993,-3.9847273998510007,,,,
2.0501,927,1079.0,0.5535866001489994,1.7374946001489993,-1.8142293998510006,7.1637396001489995,,,,
2.051179,927,1079.0,-2.0115473998510005,-7.536451399851001,6.275808600148999,7.755693600148999,,,,
2.052258,927,1079.0,-8.424382399851,-0.6303213998510006,1.4415176001489993,7.459716600148999,,,,
2.053337,927,1079.0,2.9214026001489994,-2.6035013998510004,2.6254256001489993,1.7374946001489993,,,,
2.054416,927,1079.0,0.3562686001489994,8.643624600149,-2.9981373998510006,-3.5900913998510005,,,,
2.055495,927,1079.0,6.177149600148999,2.6254256001489993,2.5267666001489992,-3.6887503998510005,,,,
2.056574,927,1079.0,-1.5182523998510005,2.9214026001489994,-0.6303213998510006,5.782513600149,,,,
2.057653,927,1079.0,-0.43300339985100056,-5.563271399851001,3.7106746001489994,9.235578600149,,,,
2.058732,927,1079.0,-6.9444973998510005,-3.8860683998510006,5.289218600148999,6.571785600148999,,,,
2.059811,927,1079.0,1.0468816001489993,1.1455406001489994,-1.2222753998510005,4.302628600148999,,,,
2.06089,927,1079.0,5.5851956001489995,3.316038600148999,1.6388356001489994,-4.576681399851,,,,
2.061969,927,1079.0,1.8361536001489993,8.742283600149,-2.0115473998510005,-2.8994783998510005,,,,
2.063048,927,1079.0,5.190559600148999,-2.1102063998510006,2.8227436001489994,3.5133566001489993,,,,
2.064127,927,1079.0,-5.267294399851,-0.7289803998510006,0.4549276001489994,8.939601600148999,,,,
2.065206,927,1079.0,-2.1102063998510006,-7.635110399851,6.275808600148999,6.177149600148999,,,,
2.066285,927,1079.0,-3.4914323998510004,2.329448600148999,-1.0249573998510007,3.6120156001489994,,,,
2.067364,927,1079.0,6.571785600148999,2.9214026001489994,-0.2356853998510006,-3.3927733998510003,,,,
2.068443,927,1079.0,1.0468816001489993,6.769103600148999,0.5535866001489994,-5.069976399851001,,,,
2.069522,927,1079.0,3.316038600148999,2.0334716001489994,-1.1236163998510005,4.006651600149,,,,
2.070601,927,1079.0,-2.0115473998510005,-4.773999399851,4.105310600148999,6.769103600148999,,,,
2.07168,927,1079.0,-7.043156399851,-2.6035013998510004,2.1321306001489995,7.657034600148999,,,,
2.072759,927,1079.0,0.2576096001489994,-3.7874093998510006,3.316038600148999,3.316038600148999,,,,
2.073838,927,1079.0,0.9482226001489994,7.065080600148999,-3.1954553998510007,-1.6169113998510005,,,,
2.074917,927,1079.0,6.4731266001489995,2.7240846001489993,2.9214026001489994,-5.267294399851,,,,
2.075996,927,1079.0,-0.5316623998510006,5.387877600148999,-2.0115473998510005,3.217379600148999,,,,
2.077075,927,1079.0,1.9348126001489994,-5.3659533998510005,3.4146976001489993,7.361057600149,,,,
2.078154,927,1079.0,-7.8324283998510005,-3.0967963998510006,3.8093336001489995,6.670444600148999,,,,
2.079233,927,1079.0,0.2576096001489994,-1.9128883998510005,0.3562686001489994,4.6972646001489995,,,,
2.080312,927,1079.0,3.217379600148999,3.118720600148999,0.3562686001489994,-2.9981373998510006,,,,
2.081391,927,1079.0,3.316038600148999,7.558375600148999,-1.7155703998510006,-4.182045399851001,,,,
2.08247,927,1079.0,4.499946600148999,0.2576096001489994,1.9348126001489994,0.7509046001489994,,,,
2.083549,927,1079.0,-2.8994783998510005,0.060291600148999404,-0.9262983998510006,7.361057600149,,,,
2.084628,927,1079.0,-2.7021603998510004,-8.029746399851,6.177149600148999,5.387877600148999,,,,
2.085707,927,1079.0,-5.464612399851,0.8495636001489993,-1.3209343998510006,4.598605600148999,,,,
2.086786,927,1079.0,6.078490600148999,0.1589506001489994,0.3562686001489994,-2.8008193998510005,,,,
2.087865,927,1079.0,0.3562686001489994,7.854352600148999,-1.1236163998510005,-5.760589399851001,,,,
2.088944,927,1079.0,5.289218600148999,2.0334716001489994,-0.5316623998510006,0.4549276001489994,,,,
2.090023,927,1079.0,-1.7155703998510006,-1.9128883998510005,1.5401766001489994,5.289218600148999,,,,
2.091102,927,1079.0,-4.872658399851001,-4.280704399851,2.428107600148999,6.670444600148999,,,,
2.092181,927,1079.0,-2.3075243998510007,-4.280704399851,2.9214026001489994,3.5133566001489993,,,,
2.09326,927,1079.0,1.2441996001489994,4.6972646001489995,-3.2941143998510003,-0.9262983998510006,,,,
2.094339,927,1079.0,5.881172600148999,2.9214026001489994,2.0334716001489994,-6.648520399851001,,,,
2.095418,927,1079.0,0.4549276001489994,6.670444600148999,-2.9981373998510006,0.4549276001489994,,,,
2.096497,927,1079.0,3.5133566001489993,-4.576681399851,2.7240846001489993,5.091900600148999,,,,
2.097576,927,1079.0,-7.733769399851,-2.4061833998510007,2.2307896001489995,6.177149600148999,,,,
2.098655,927,1079.0,-0.6303213998510006,-4.576681399851,1.5401766001489994,4.401287600148999,,,,
2.099734,927,1079.0,0.6522456001489993,2.5267666001489992,-1.1236163998510005,-2.1102063998510006,,,,
2.100813,927,1079.0,4.401287600148999,5.5851956001489995,-1.5182523998510005,-5.661930399851,,,,
2.101892,927,1079.0,3.4146976001489993,2.8227436001489994,0.3562686001489994,-2.2088653998510006,,,,
2.102971,927,1079.0,-0.03836739985100059,0.4549276001489994,-1.8142293998510006,5.190559600148999,,,,
2.10405,927,1079.0,-3.0967963998510006,-7.339133399851001,5.190559600148999,4.302628600148999,,,,
2.105129,927,1079.0,-6.155225399851,-0.9262983998510006,-1.3209343998510006,4.6972646001489995,,,,
2.106208,927,1079.0,4.302628600148999,-2.0115473998510005,0.4549276001489994,-2.4061833998510007,,,,
2.107287,927,1079.0,0.2576096001489994,7.657034600148999,-2.8994783998510005,-6.549861399851,,,,
2.108366,927,1079.0,6.177149600148999,2.0334716001489994,-0.43300339985100056,-2.9981373998510006,,,,
2.109445,927,1079.0,-1.0249573998510007,0.4549276001489994,-0.7289803998510006,3.4146976001489993,,,,
2.110524,927,1079.0,-2.8008193998510005,-5.3659533998510005,2.428107600148999,5.486536600148999,,,,
2.111603,927,1079.0,-4.773999399851,-4.4780223998510005,2.2307896001489995,3.7106746001489994,,,,
2.112682,927,1079.0,1.0468816001489993,1.7374946001489993,-3.0967963998510006,-0.33434439985100056,,,,
2.113761,927,1079.0,4.401287600148999,2.8227436001489994,0.8495636001489993,-7.536451399851001,,,,
2.11484,927,1079.0,1.6388356001489994,7.065080600148999,-3.6887503998510005,-2.5048423998510003,,,,
2.115919,927,1079.0,4.401287600148999,-3.0967963998510006,1.5401766001489994,2.5267666001489992,,,,
2.116998,927,1079.0,-6.648520399851001,-1.8142293998510006,0.7509046001489994,5.683854600148999,,,,
2.118077,927,1079.0,-1.6169113998510005,-6.747179399851,2.8227436001489994,4.302628600148999,,,,
2.119156,927,1079.0,-1.8142293998510006,1.5401766001489994,-2.3075243998510007,-0.5316623998510006,,,,
2.120235,927,1079.0,4.993241600148999,3.217379600148999,-1.2222753998510005,-6.648520399851001,,,,
2.121314,927,1079.0,2.329448600148999,4.894582600149,-1.5182523998510005,-4.971317399851,,,,
2.122393,927,1079.0,2.7240846001489993,0.6522456001489993,-2.2088653998510006,2.329448600148999,,,,
2.123472,927,1079.0,-3.0967963998510006,-5.760589399851001,3.7106746001489994,3.6120156001489994,,,,
2.124551,927,1079.0,-6.056566399851,-2.8008193998510005,-0.6303213998510006,4.993241600148999,,,,
2.12563,927,1079.0,1.9348126001489994,-3.5900913998510005,0.4549276001489994,-1.3209343998510006,,,,
2.126709,927,1079.0,0.1589506001489994,6.374467600148999,-3.7874093998510006,-6.549861399851,,,,
2.127788,927,1079.0,6.177149600148999,2.1321306001489995,-0.43300339985100056,-5.957907399851001,,,,
2.128867,927,1079.0,-0.03836739985100059,2.7240846001489993,-2.7021603998510004,1.2441996001489994,,,,
2.129946,927,1079.0,-0.8276393998510005,-5.563271399851001,2.428107600148999,4.302628600148999,,,,
2.131025,927,1079.0,-6.451202399851001,-4.280704399851,1.7374946001489993,4.401287600148999,,,,
2.132104,927,1079.0,0.5535866001489994,-1.3209343998510006,-2.1102063998510006,0.9482226001489994,,,,
2.133183,927,1079.0,2.428107600148999,2.5267666001489992,-0.2356853998510006,-7.141815399851001,,,,
2.134262,927,1079.0,2.9214026001489994,6.571785600148999,-3.6887503998510005,-5.069976399851001,,,,
2.135341,927,1079.0,4.598605600148999,-0.7289803998510006,0.2576096001489994,-0.1370263998510006,,,,
2.13642,927,1079.0,-4.379363399851001,-0.9262983998510006,-0.33434439985100056,4.795923600148999,,,,
2.137499,927,1079.0,-2.4061833998510007,-7.536451399851001,3.907992600148999,4.6972646001489995,,,,
2.138578,927,1079.0,-3.4914323998510004,0.1589506001489994,-2.5048423998510003,1.9348126001489994,,,,
2.139657,927,1079.0,4.6972646001489995,0.8495636001489993,-0.5316623998510006,-6.056566399851,,,,
2.140736,927,1079.0,1.4415176001489993,6.275808600148999,-2.7021603998510004,-6.549861399851,,,,
2.141815,927,1079.0,4.795923600148999,1.3428586001489993,-2.3075243998510007,-0.43300339985100056,,,,
2.142894,927,1079.0,-2.5048423998510003,-3.3927733998510003,1.9348126001489994,2.8227436001489994,,,,
2.143973,927,1079.0,-5.168635399851,-4.083386399851,0.4549276001489994,5.486536600148999,,,,
2.145052,927,1079.0,-0.5316623998510006,-4.4780223998510005,0.8495636001489993,1.0468816001489993,,,,
2.146131,927,1079.0,-0.03836739985100059,4.401287600148999,-3.4914323998510004,-4.971317399851,,,,
2.14721,927,1079.0,5.486536600148999,2.428107600148999,-0.33434439985100056,-7.437792399851,,,,
2.148289,927,1079.0,1.0468816001489993,4.6972646001489995,-3.8860683998510006,-0.9262983998510006,,,,
2.149368,927,1079.0,1.1455406001489994,-4.576681399851,2.2307896001489995,2.7240846001489993,,,,
2.150447,927,1079.0,-7.141815399851001,-3.3927733998510003,1.2441996001489994,5.190559600148999,,,,
2.151526,927,1079.0,-0.03836739985100059,-4.083386399851,-0.03836739985100059,3.118720600148999,,,,
2.152605,927,1079.0,0.2576096001489994,2.1321306001489995,-0.7289803998510006,-4.576681399851,,,,
2.153684,927,1079.0,3.8093336001489995,5.387877600148999,-2.7021603998510004,-5.957907399851001,,,,
2.154763,927,1079.0,4.302628600148999,1.9348126001489994,-0.7289803998510006,-2.2088653998510006,,,,
2.155842,927,1079.0,-1.4195933998510006,0.060291600148999404,-0.9262983998510006,3.7106746001489994,,,,
2.156921,927,1079.0,-2.8008193998510005,-6.845838399851,4.302628600148999,4.993241600148999,,,,
2.158,927,1079.0,-4.280704399851,-1.0249573998510007,-1.6169113998510005,4.598605600148999,,,,
2.159079,927,1079.0,3.5133566001489993,-1.0249573998510007,0.6522456001489993,-3.5900913998510005,,,,
2.160158,927,1079.0,0.5535866001489994,6.670444600148999,-2.7021603998510004,-6.2538843998510005,,,,
2.161237,927,1079.0,5.979831600148999,1.9348126001489994,-1.8142293998510006,-2.3075243998510007,,,,
2.162316,927,1079.0,-1.6169113998510005,-0.6303213998510006,0.4549276001489994,2.0334716001489994,,,,
2.163395,927,1079.0,-3.6887503998510005,-4.4780223998510005,1.5401766001489994,5.486536600148999,,,,
2.164474,927,1079.0,-2.7021603998510004,-4.576681399851,1.4415176001489993,3.7106746001489994,,,,
2.165553,927,1079.0,-0.03836739985100059,2.0334716001489994,-2.2088653998510006,-1.8142293998510006,,,,
2.166632,927,1079.0,4.006651600149,2.5267666001489992,0.2576096001489994,-6.845838399851,,,,
2.167711,927,1079.0,2.2307896001489995,5.881172600148999,-4.083386399851,-2.2088653998510006,,,,
2.16879,927,1079.0,2.8227436001489994,-2.8008193998510005,1.9348126001489994,1.3428586001489993,,,,
2.169869,927,1079.0,-6.352543399851,-1.9128883998510005,0.9482226001489994,5.5851956001489995,,,,
2.170948,927,1079.0,-0.6303213998510006,-5.563271399851001,2.0334716001489994,5.190559600148999,,,,
2.172027,927,1079.0,-1.5182523998510005,1.4415176001489993,-0.5316623998510006,-0.8276393998510005,,,,
2.173106,927,1079.0,3.907992600148999,3.8093336001489995,-0.8276393998510005,-4.872658399851001,,,,
2.174185,927,1079.0,3.7106746001489994,3.907992600148999,-1.1236163998510005,-2.7021603998510004,,,,
2.175264,927,1079.0,1.1455406001489994,1.0468816001489993,-0.8276393998510005,2.7240846001489993,,,,
2.176343,927,1079.0,-2.8008193998510005,-5.069976399851001,4.302628600148999,4.993241600148999,,,,
2.177422,927,1079.0,-4.280704399851,-1.8142293998510006,-0.43300339985100056,6.670444600148999,,,,
2.178501,927,1079.0,2.0334716001489994,-2.2088653998510006,1.9348126001489994,-0.2356853998510006,,,,
2.17958,927,1079.0,0.060291600148999404,6.177149600148999,-2.0115473998510005,-4.182045399851001,,,,
2.180659,927,1079.0,6.374467600148999,2.428107600148999,-0.6303213998510006,-2.8008193998510005,,,,
2.181738,927,1079.0,-0.33434439985100056,2.1321306001489995,-0.6303213998510006,1.4415176001489993,,,,
2.182817,927,1079.0,-1.7155703998510006,-4.182045399851001,2.7240846001489993,5.091900600148999,,,,
2.183896,927,1079.0,-4.280704399851,-3.6887503998510005,1.7374946001489993,5.881172600148999,,,,
2.184975,927,1079.0,0.060291600148999404,-0.33434439985100056,-0.43300339985100056,1.4415176001489993,,,,
2.186054,927,1079.0,2.1321306001489995,2.6254256001489993,1.0468816001489993,-4.576681399851,,,,
2.187133,927,1079.0,3.217379600148999,5.979831600148999,-2.9981373998510006,-2.0115473998510005,,,,
2.188212,927,1079.0,3.6120156001489994,-0.6303213998510006,1.6388356001489994,0.6522456001489993,,,,
2.189291,927,1079.0,-4.773999399851,-0.6303213998510006,0.9482226001489994,5.486536600148999,,,,
2.19037,927,1079.0,-1.1236163998510005,-5.859248399851,3.316038600148999,6.4731266001489995,,,,
2.191449,927,1079.0,-2.6035013998510004,0.8495636001489993,-0.03836739985100059,2.6254256001489993,,,,
2.192528,927,1079.0,3.5133566001489993,2.329448600148999,1.0468816001489993,-2.7021603998510004,,,,
2.193607,927,1079.0,2.8227436001489994,5.486536600148999,-0.9262983998510006,-2.0115473998510005,,,,
2.194686,927,1079.0,3.5133566001489993,1.9348126001489994,-0.1370263998510006,2.1321306001489995,,,,
2.195765,927,1079.0,-2.4061833998510007,-2.8008193998510005,3.8093336001489995,4.795923600148999,,,,
2.196844,927,1079.0,-3.6887503998510005,-2.4061833998510007,0.8495636001489993,7.755693600148999,,,,
2.197923,927,1079.0,0.3562686001489994,-2.7021603998510004,2.7240846001489993,2.7240846001489993,,,,
2.199002,927,1079.0,-0.1370263998510006,5.091900600148999,-0.9262983998510006,-1.7155703998510006,,,,
2.200081,927,1079.0,5.782513600149,2.8227436001489994,0.6522456001489993,-2.4061833998510007,,,,
2.20116,927,1079.0,1.0468816001489993,4.203969600149,-1.2222753998510005,1.5401766001489994,,,,
2.202239,927,1079.0,0.060291600148999404,-3.2941143998510003,3.5133566001489993,4.499946600148999,,,,
2.203318,927,1079.0,-5.069976399851001,-2.6035013998510004,1.7374946001489993,6.966421600148999,,,,
2.204397,927,1079.0,0.060291600148999404,-2.2088653998510006,0.9482226001489994,3.907992600148999,,,,
2.205476,927,1079.0,0.3562686001489994,2.6254256001489993,1.2441996001489994,-2.2088653998510006,,,,
2.206555,927,1079.0,3.8093336001489995,5.486536600148999,-1.7155703998510006,-1.5182523998510005,,,,
2.207634,927,1079.0,3.907992600148999,1.3428586001489993,1.3428586001489993,0.6522456001489993,,,,
2.208713,927,1079.0,-2.7021603998510004,0.3562686001489994,1.0468816001489993,5.190559600148999,,,,
2.209792,927,1079.0,-1.5182523998510005,-5.267294399851,4.105310600148999,6.966421600148999,,,,
2.210871,927,1079.0,-3.0967963998510006,0.1589506001489994,0.1589506001489994,5.091900600148999,,,,
2.21195,927,1079.0,2.9214026001489994,0.8495636001489993,2.2307896001489995,-1.0249573998510007,,,,
2.213029,927,1079.0,1.9348126001489994,6.275808600148999,-0.8276393998510005,-1.3209343998510006,,,,
2.214108,927,1079.0,5.091900600148999,2.428107600148999,0.4549276001489994,1.6388356001489994,,,,
2.215187,927,1079.0,-1.8142293998510006,-0.33434439985100056,3.0200616001489995,4.598605600148999,,,,
2.216266,927,1079.0,-2.7021603998510004,-2.8008193998510005,2.0334716001489994,7.953011600148999,,,,
2.217345,927,1079.0,-1.2222753998510005,-2.8008193998510005,2.7240846001489993,4.795923600148999,,,,
2.218424,927,1079.0,-0.1370263998510006,3.4146976001489993,-0.03836739985100059,0.1589506001489994,,,,
2.219503,927,1079.0,4.598605600148999,3.118720600148999,1.2441996001489994,-2.2088653998510006,,,,
2.220582,927,1079.0,2.2307896001489995,5.190559600148999,-1.5182523998510005,1.3428586001489993,,,,
2.221661,927,1079.0,1.2441996001489994,-2.2088653998510006,3.6120156001489994,3.7106746001489994,,,,
2.22274,927,1079.0,-4.971317399851,-1.7155703998510006,1.6388356001489994,7.262398600148999,,,,
2.223819,927,1079.0,-0.1370263998510006,-3.5900913998510005,2.0334716001489994,5.091900600148999,,,,
2.224898,927,1079.0,-1.0249573998510007,2.1321306001489995,0.9482226001489994,-0.6303213998510006,,,,
2.225977,927,1079.0,3.8093336001489995,4.499946600148999,-0.6303213998510006,-1.6169113998510005,,,,
2.227056,927,1079.0,3.7106746001489994,3.0200616001489995,0.6522456001489993,0.1589506001489994,,,,
2.228135,927,1079.0,-0.6303213998510006,1.0468816001489993,1.1455406001489994,4.499946600148999,,,,
2.229214,927,1079.0,-2.0115473998510005,-4.4780223998510005,4.203969600149,6.867762600148999,,,,
2.230293,927,1079.0,-3.1954553998510007,-0.8276393998510005,0.4549276001489994,6.374467600148999,,,,
2.231372,927,1079.0,1.7374946001489993,-0.5316623998510006,2.7240846001489993,-0.03836739985100059,,,,
2.232451,927,1079.0,1.1455406001489994,6.177149600148999,-1.0249573998510007,-1.4195933998510006,,,,
2.23353,927,1079.0,5.881172600148999,2.7240846001489993,0.5535866001489994,0.3562686001489994,,,,
2.234609,927,1079.0,-0.9262983998510006,1.6388356001489994,1.8361536001489993,3.8093336001489995,,,,
2.235688,927,1079.0,-1.5182523998510005,-3.1954553998510007,3.0200616001489995,7.361057600149,,,,
2.236767,927,1079.0,-2.7021603998510004,-2.8994783998510005,2.428107600148999,6.078490600148999,,,,
2.237846,927,1079.0,-0.2356853998510006,1.1455406001489994,0.5535866001489994,1.1455406001489994,,,,
2.238925,927,1079.0,3.118720600148999,3.118720600148999,0.9482226001489994,-2.5048423998510003,,,,
2.240004,927,1079.0,3.118720600148999,5.486536600148999,-1.9128883998510005,0.060291600148999404,,,,
2.241083,927,1079.0,2.1321306001489995,-0.9262983998510006,2.9214026001489994,2.329448600148999,,,,
2.242162,927,1079.0,-4.379363399851001,-1.0249573998510007,1.3428586001489993,6.670444600148999,,,,
2.243241,927,1079.0,-0.6303213998510006,-4.675340399851001,2.5267666001489992,5.683854600148999,,,,
2.24432,927,1079.0,-2.2088653998510006,1.1455406001489994,0.4549276001489994,0.4549276001489994,,,,
2.245399,927,1079.0,3.4146976001489993,3.0200616001489995,-0.1370263998510006,-2.5048423998510003,,,,
2.246478,927,1079.0,3.316038600148999,4.401287600148999,-0.7289803998510006,-1.3209343998510006,,,,
2.247557,927,1079.0,1.5401766001489994,1.4415176001489993,0.7509046001489994,2.5267666001489992,,,,
2.248636,927,1079.0,-2.2088653998510006,-3.1954553998510007,3.6120156001489994,5.782513600149,,,,
2.249715,927,1079.0,-2.9981373998510006,-2.2088653998510006,0.6522456001489993,6.966421600148999,,,,
2.250794,927,1079.0,0.1589506001489994,-1.9128883998510005,2.6254256001489993,0.8495636001489993,,,,
2.251873,927,1079.0,0.4549276001489994,5.091900600148999,-1.3209343998510006,-1.8142293998510006,,,,
2.252952,927,1079.0,5.881172600148999,2.8227436001489994,0.060291600148999404,-1.7155703998510006,,,,
2.254031,927,1079.0,0.1589506001489994,3.118720600148999,0.1589506001489994,1.9348126001489994,,,,
2.25511,927,1079.0,-0.5316623998510006,-3.0967963998510006,3.0200616001489995,5.782513600149,,,,
2.256189,927,1079.0,-3.4914323998510004,-2.8994783998510005,1.7374946001489993,6.571785600148999,,,,
2.257268,927,1079.0,-0.43300339985100056,-1.0249573998510007,0.8495636001489993,1.9348126001489994,,,,
2.258347,927,1079.0,1.3428586001489993,2.5267666001489992,0.3562686001489994,-2.8994783998510005,,,,
2.259426,927,1079.0,3.7106746001489994,5.091900600148999,-2.5048423998510003,-2.0115473998510005,,,,
2.260505,927,1079.0,2.8227436001489994,0.5535866001489994,1.4415176001489993,-0.1370263998510006,,,,
2.261584,927,1079.0,-3.0967963998510006,-0.5316623998510006,0.6522456001489993,4.993241600148999,,,,
2.262663,927,1079.0,-1.2222753998510005,-5.3659533998510005,2.5267666001489992,5.5851956001489995,,,,
2.263742,927,1079.0,-3.1954553998510007,-0.2356853998510006,-0.1370263998510006,1.7374946001489993,,,,
2.264821,927,1079.0,2.5267666001489992,0.9482226001489994,0.2576096001489994,-2.9981373998510006,,,,
2.2659,927,1079.0,2.5267666001489992,4.894582600149,-2.2088653998510006,-3.0967963998510006,,,,
2.266979,927,1079.0,3.4146976001489993,1.6388356001489994,-0.2356853998510006,-0.43300339985100056,,,,
2.268058,927,1079.0,-2.0115473998510005,-1.5182523998510005,2.0334716001489994,3.6120156001489994,,,,
2.269137,927,1079.0,-2.4061833998510007,-3.2941143998510003,0.7509046001489994,6.4731266001489995,,,,
2.270216,927,1079.0,-1.3209343998510006,-2.8994783998510005,2.0334716001489994,1.8361536001489993,,,,
2.271295,927,1079.0,-0.1370263998510006,3.217379600148999,-1.3209343998510006,-1.9128883998510005,,,,
2.272374,927,1079.0,5.091900600148999,2.7240846001489993,-0.6303213998510006,-3.5900913998510005,,,,
2.273453,927,1079.0,1.3428586001489993,4.105310600148999,-1.5182523998510005,-0.7289803998510006,,,,
2.274532,927,1079.0,0.5535866001489994,-2.5048423998510003,2.329448600148999,3.118720600148999,,,,
2.275611,927,1079.0,-3.7874093998510006,-2.6035013998510004,0.7509046001489994,5.979831600148999,,,,
2.27669,927,1079.0,-0.7289803998510006,-3.0967963998510006,1.1455406001489994,2.7240846001489993,,,,
2.277769,927,1079.0,-0.43300339985100056,1.5401766001489994,-0.1370263998510006,-2.7021603998510004,,,,
2.278848,927,1079.0,3.8093336001489995,3.907992600148999,-2.6035013998510004,-3.5900913998510005,,,,
2.279927,927,1079.0,3.0200616001489995,1.9348126001489994,-0.33434439985100056,-2.8008193998510005,,,,
2.281006,927,1079.0,-1.4195933998510006,0.060291600148999404,-0.33434439985100056,2.2307896001489995,,,,
2.282085,927,1079.0,-1.6169113998510005,-4.971317399851,1.9348126001489994,4.598605600148999,,,,
2.283164,927,1079.0,-3.4914323998510004,-1.7155703998510006,-0.43300339985100056,2.9214026001489994,,,,
2.284243,927,1079.0,1.1455406001489994,-0.9262983998510006,0.7509046001489994,-2.5048423998510003,,,,
2.285322,927,1079.0,1.6388356001489994,4.499946600148999,-2.8994783998510005,-3.9847273998510007,,,,
2.286401,927,1079.0,4.401287600148999,1.7374946001489993,-1.1236163998510005,-3.0967963998510006,,,,
2.28748,927,1079.0,-1.4195933998510006,0.060291600148999404,0.2576096001489994,0.9482226001489994,,,,
2.288559,927,1079.0,-1.6169113998510005,-3.5900913998510005,0.4549276001489994,4.993241600148999,,,,
2.289638,927,1079.0,-2.4061833998510007,-3.4914323998510004,1.3428586001489993,2.7240846001489993,,,,
2.290717,927,1079.0,-0.8276393998510005,1.0468816001489993,-0.9262983998510006,-1.2222753998510005,,,,
2.291796,927,1079.0,3.7106746001489994,2.1321306001489995,-0.9262983998510006,-4.182045399851001,,,,
2.292875,927,1079.0,2.329448600148999,4.302628600148999,-2.6035013998510004,-2.8008193998510005,,,,
2.293954,927,1079.0,1.3428586001489993,-1.4195933998510006,1.3428586001489993,0.2576096001489994,,,,
2.295033,927,1079.0,-3.3927733998510003,-1.9128883998510005,-0.2356853998510006,4.6972646001489995,,,,
2.296112,927,1079.0,-0.9262983998510006,-4.4780223998510005,1.3428586001489993,3.118720600148999,,,,
2.297191,927,1079.0,-2.0115473998510005,0.4549276001489994,-0.43300339985100056,-1.4195933998510006,,,,
2.29827,927,1079.0,3.4146976001489993,2.329448600148999,-2.0115473998510005,-3.8860683998510006,,,,
2.299349,927,1079.0,2.8227436001489994,3.0200616001489995,-1.7155703998510006,-4.182045399851001,,,,
2.300428,927,1079.0,0.4549276001489994,0.5535866001489994,-1.0249573998510007,-0.43300339985100056,,,,
2.301507,927,1079.0,-1.7155703998510006,-3.8860683998510006,1.0468816001489993,3.118720600148999,,,,
2.302586,927,1079.0,-3.1954553998510007,-2.7021603998510004,-0.6303213998510006,3.4146976001489993,,,,
2.303665,927,1079.0,-0.2356853998510006,-2.2088653998510006,0.9482226001489994,-1.5182523998510005,,,,
2.304744,927,1079.0,0.8495636001489993,3.6120156001489994,-2.8994783998510005,-3.4914323998510004,,,,
2.305823,927,1079.0,4.6972646001489995,1.7374946001489993,-1.3209343998510006,-4.280704399851,,,,
2.306902,927,1079.0,-0.6303213998510006,1.5401766001489994,-0.9262983998510006,-1.1236163998510005,,,,
2.307981,927,1079.0,-0.6303213998510006,-3.3927733998510003,0.4549276001489994,3.316038600148999,,,,
2.30906,927,1079.0,-3.0967963998510006,-3.2941143998510003,0.6522456001489993,3.217379600148999,,,,
2.310139,927,1079.0,-1.0249573998510007,-0.9262983998510006,-0.2356853998510006,-0.03836739985100059,,,,
2.311218,927,1079.0,2.0334716001489994,1.6388356001489994,-0.7289803998510006,-3.2941143998510003,,,,
2.312297,927,1079.0,3.0200616001489995,4.105310600148999,-2.6035013998510004,-3.1954553998510007,,,,
2.313376,927,1079.0,1.9348126001489994,-0.03836739985100059,0.5535866001489994,-1.5182523998510005,,,,
2.314455,927,1079.0,-2.5048423998510003,-0.9262983998510006,-0.7289803998510006,3.316038600148999,,,,
2.315534,927,1079.0,-1.0249573998510007,-4.773999399851,1.4415176001489993,3.4146976001489993,,,,
2.316613,927,1079.0,-2.9981373998510006,-0.2356853998510006,-0.43300339985100056,0.1589506001489994,,,,
2.317692,927,1079.0,2.6254256001489993,0.9482226001489994,-0.9262983998510006,-2.9981373998510006,,,,
2.318771,927,1079.0,2.428107600148999,3.6120156001489994,-2.1102063998510006,-3.8860683998510006,,,,
2.31985,927,1079.0,1.8361536001489993,1.0468816001489993,-0.8276393998510005,-1.6169113998510005,,,,
2.320929,927,1079.0,-1.5182523998510005,-2.4061833998510007,0.4549276001489994,2.0334716001489994,,,,
2.322008,927,1079.0,-2.5048423998510003,-2.9981373998510006,-0.5316623998510006,3.6120156001489994,,,,
2.323087,927,1079.0,-1.3209343998510006,-2.7021603998510004,1.1455406001489994,-0.1370263998510006,,,,
2.324166,927,1079.0,0.1589506001489994,2.7240846001489993,-2.2088653998510006,-2.3075243998510007,,,,
2.325245,927,1079.0,4.401287600148999,1.8361536001489993,-1.0249573998510007,-3.8860683998510006,,,,
2.326324,927,1079.0,0.2576096001489994,2.7240846001489993,-1.4195933998510006,-1.6169113998510005,,,,
2.327403,927,1079.0,0.2576096001489994,-2.6035013998510004,0.8495636001489993,2.329448600148999,,,,
2.328482,927,1079.0,-3.1954553998510007,-2.6035013998510004,0.3562686001489994,3.907992600148999,,,,
2.329561,927,1079.0,-1.1236163998510005,-2.2088653998510006,0.7509046001489994,1.2441996001489994,,,,
2.33064,927,1079.0,0.4549276001489994,1.3428586001489993,-0.33434439985100056,-1.7155703998510006,,,,
2.331719,927,1079.0,3.5133566001489993,3.5133566001489993,-1.9128883998510005,-2.4061833998510007,,,,
2.332798,927,1079.0,2.2307896001489995,1.4415176001489993,0.4549276001489994,-1.7155703998510006,,,,
2.333877,927,1079.0,-1.2222753998510005,-0.1370263998510006,-0.33434439985100056,2.8227436001489994,,,,
2.334956,927,1079.0,-1.0249573998510007,-4.182045399851001,1.6388356001489994,3.907992600148999,,,,
2.336035,927,1079.0,-3.0967963998510006,-0.8276393998510005,-0.03836739985100059,1.9348126001489994,,,,
2.337114,927,1079.0,1.7374946001489993,0.060291600148999404,0.1589506001489994,-1.5182523998510005,,,,
2.338193,927,1079.0,2.0334716001489994,3.907992600148999,-1.9128883998510005,-2.6035013998510004,,,,
2.339272,927,1079.0,2.9214026001489994,1.5401766001489994,-0.1370263998510006,-1.6169113998510005,,,,
2.340351,927,1079.0,-1.1236163998510005,-0.7289803998510006,0.5535866001489994,2.0334716001489994,,,,
2.34143,927,1079.0,-1.7155703998510006,-2.9981373998510006,0.2576096001489994,4.302628600148999,,,,
2.342509,927,1079.0,-2.1102063998510006,-2.7021603998510004,1.4415176001489993,1.4415176001489993,,,,
2.343588,927,1079.0,-0.33434439985100056,1.6388356001489994,-1.1236163998510005,-0.7289803998510006,,,,
2.344667,927,1079.0,3.6120156001489994,2.1321306001489995,-0.43300339985100056,-2.8008193998510005,,,,
2.345746,927,1079.0,1.3428586001489993,3.6120156001489994,-1.1236163998510005,-1.1236163998510005,,,,
2.346825,927,1079.0,0.9482226001489994,-1.4195933998510006,1.5401766001489994,2.2307896001489995,,,,
2.347904,927,1079.0,-2.7021603998510004,-1.7155703998510006,0.4549276001489994,4.993241600148999,,,,
2.348983,927,1079.0,-1.1236163998510005,-2.9981373998510006,1.8361536001489993,3.0200616001489995,,,,
2.350062,927,1079.0,-0.9262983998510006,1.1455406001489994,0.1589506001489994,0.060291600148999404,,,,
2.351141,927,1079.0,3.5133566001489993,3.118720600148999,-0.9262983998510006,-1.4195933998510006,,,,
2.35222,927,1079.0,2.428107600148999,2.8227436001489994,0.4549276001489994,-1.1236163998510005,,,,
2.353299,927,1079.0,0.060291600148999404,0.8495636001489993,0.4549276001489994,2.9214026001489994,,,,
2.354378,927,1079.0,-1.0249573998510007,-3.1954553998510007,2.2307896001489995,4.894582600149,,,,
2.355457,927,1079.0,-2.8994783998510005,-1.2222753998510005,0.7509046001489994,3.8093336001489995,,,,
2.356536,927,1079.0,0.7509046001489994,-0.6303213998510006,1.2441996001489994,0.1589506001489994,,,,
2.357615,927,1079.0,1.6388356001489994,4.006651600149,-1.5182523998510005,-1.3209343998510006,,,,
2.358694,927,1079.0,3.7106746001489994,2.2307896001489995,0.3562686001489994,-1.2222753998510005,,,,
2.359773,927,1079.0,-0.5316623998510006,1.0468816001489993,0.6522456001489993,2.2307896001489995,,,,
2.360852,927,1079.0,-0.7289803998510006,-2.6035013998510004,1.3428586001489993,5.091900600148999,,,,
2.361931,927,1079.0,-2.7021603998510004,-2.4061833998510007,1.8361536001489993,3.6120156001489994,,,,
2.36301,927,1079.0,-0.6303213998510006,0.3562686001489994,0.2576096001489994,0.9482226001489994,,,,
2.364089,927,1079.0,2.6254256001489993,2.2307896001489995,0.060291600148999404,-1.5182523998510005,,,,
2.365168,927,1079.0,2.329448600148999,4.203969600149,-0.7289803998510006,-0.7289803998510006,,,,
2.366247,927,1079.0,1.4415176001489993,-0.03836739985100059,2.1321306001489995,2.2307896001489995,,,,
2.367326,927,1079.0,-2.1102063998510006,-0.9262983998510006,1.0468816001489993,5.979831600148999,,,,
2.368405,927,1079.0,-1.1236163998510005,-3.3927733998510003,2.8227436001489994,4.795923600148999,,,,
2.369484,927,1079.0,-1.8142293998510006,0.8495636001489993,0.8495636001489993,1.9348126001489994,,,,
2.370563,927,1079.0,3.217379600148999,2.428107600148999,0.060291600148999404,-0.43300339985100056,,,,
2.371642,927,1079.0,2.5267666001489992,3.907992600148999,0.3562686001489994,-0.7289803998510006,,,,
2.372721,927,1079.0,1.4415176001489993,1.5401766001489994,1.0468816001489993,2.8227436001489994,,,,
2.3738,927,1079.0,-0.8276393998510005,-1.9128883998510005,2.6254256001489993,5.782513600149,,,,
2.374879,927,1079.0,-2.5048423998510003,-1.7155703998510006,1.7374946001489993,5.683854600148999,,,,
2.375958,927,1079.0,-0.43300339985100056,-1.1236163998510005,2.329448600148999,2.0334716001489994,,,,
2.377037,927,1079.0,1.1455406001489994,3.5133566001489993,-0.8276393998510005,-0.1370263998510006,,,,
2.378116,927,1079.0,4.006651600149,2.7240846001489993,0.6522456001489993,-1.3209343998510006,,,,
2.379195,927,1079.0,0.2576096001489994,2.7240846001489993,0.5535866001489994,1.8361536001489993,,,,
2.380274,927,1079.0,0.1589506001489994,-2.0115473998510005,2.1321306001489995,5.387877600148999,,,,
2.381353,927,1079.0,-3.0967963998510006,-2.0115473998510005,2.2307896001489995,5.387877600148999,,,,
2.382432,927,1079.0,-1.0249573998510007,-0.9262983998510006,1.6388356001489994,2.9214026001489994,,,,
2.383511,927,1079.0,1.3428586001489993,2.1321306001489995,0.3562686001489994,-0.33434439985100056,,,,
2.38459,927,1079.0,2.9214026001489994,4.105310600148999,-0.5316623998510006,-0.8276393998510005,,,,
2.385669,927,1079.0,1.9348126001489994,1.5401766001489994,1.8361536001489993,1.3428586001489993,,,,
2.386748,927,1079.0,-1.1236163998510005,0.060291600148999404,1.1455406001489994,5.881172600148999,,,,
2.387827,927,1079.0,-1.1236163998510005,-3.2941143998510003,3.4146976001489993,5.979831600148999,,,,
2.388906,927,1079.0,-2.5048423998510003,0.060291600148999404,1.4415176001489993,3.8093336001489995,,,,
2.389985,927,1079.0,2.428107600148999,1.4415176001489993,0.9482226001489994,0.6522456001489993,,,,
2.391064,927,1079.0,2.329448600148999,4.401287600148999,0.060291600148999404,-0.7289803998510006,,,,
2.392143,927,1079.0,2.6254256001489993,2.329448600148999,1.2441996001489994,1.5401766001489994,,,,
2.393222,927,1079.0,-0.43300339985100056,-0.33434439985100056,2.1321306001489995,5.387877600148999,,,,
2.394301,927,1079.0,-1.7155703998510006,-2.1102063998510006,2.329448600148999,6.670444600148999,,,,
2.39538,927,1079.0,-1.5182523998510005,-1.7155703998510006,2.9214026001489994,3.8093336001489995,,,,
2.396459,927,1079.0,0.5535866001489994,2.329448600148999,-0.1370263998510006,1.0468816001489993,,,,
2.397538,927,1079.0,3.6120156001489994,2.7240846001489993,0.6522456001489993,-1.5182523998510005,,,,
2.398617,927,1079.0,1.1455406001489994,3.6120156001489994,0.060291600148999404,0.4549276001489994,,,,
2.399696,927,1079.0,0.9482226001489994,-1.0249573998510007,2.0334716001489994,4.203969600149,,,,
2.400775,927,1079.0,-2.7021603998510004,-1.6169113998510005,1.9348126001489994,5.979831600148999,,,,
2.401854,927,1079.0,-1.3209343998510006,-2.1102063998510006,2.428107600148999,4.105310600148999,,,,
2.402933,927,1079.0,0.060291600148999404,1.3428586001489993,0.6522456001489993,0.9482226001489994,,,,
2.404012,927,1079.0,3.118720600148999,3.4146976001489993,-0.43300339985100056,-1.0249573998510007,,,,
2.405091,927,1079.0,2.2307896001489995,2.6254256001489993,1.0468816001489993,-0.2356853998510006,,,,
2.40617,927,1079.0,0.060291600148999404,0.7509046001489994,0.7509046001489994,4.401287600148999,,,,
2.407249,927,1079.0,-1.0249573998510007,-2.8008193998510005,3.0200616001489995,5.881172600148999,,,,
2.408328,927,1079.0,-2.7021603998510004,-0.8276393998510005,1.7374946001489993,4.894582600149,,,,
2.409407,927,1079.0,1.2441996001489994,0.060291600148999404,1.5401766001489994,1.6388356001489994,,,,
2.410486,927,1079.0,1.8361536001489993,4.105310600148999,-0.43300339985100056,-0.6303213998510006,,,,
2.411565,927,1079.0,3.217379600148999,2.5267666001489992,0.8495636001489993,-0.2356853998510006,,,,
2.412644,927,1079.0,0.060291600148999404,1.0468816001489993,1.0468816001489993,3.4146976001489993,,,,
2.413723,927,1079.0,-0.7289803998510006,-2.1102063998510006,2.0334716001489994,5.881172600148999,,,,
2.414802,927,1079.0,-2.4061833998510007,-2.0115473998510005,2.6254256001489993,4.499946600148999,,,,
2.415881,927,1079.0,-0.1370263998510006,0.7509046001489994,0.4549276001489994,1.9348126001489994,,,,
2.41696,927,1079.0,2.7240846001489993,2.2307896001489995,0.2576096001489994,-1.5182523998510005,,,,
2.418039,927,1079.0,1.7374946001489993,3.8093336001489995,-0.6303213998510006,-1.1236163998510005,,,,
2.419118,927,1079.0,1.4415176001489993,-0.1370263998510006,1.2441996001489994,1.9348126001489994,,,,
2.420197,927,1079.0,-2.0115473998510005,-1.1236163998510005,0.8495636001489993,4.894582600149,,,,
2.421276,927,1079.0,-1.5182523998510005,-2.8994783998510005,2.428107600148999,4.105310600148999,,,,
2.422355,927,1079.0,-1.1236163998510005,0.4549276001489994,0.5535866001489994,1.6388356001489994,,,,
2.423434,927,1079.0,2.7240846001489993,2.2307896001489995,-0.33434439985100056,-1.1236163998510005,,,,
2.424513,927,1079.0,1.9348126001489994,3.118720600148999,0.060291600148999404,-1.7155703998510006,,,,
2.425592,927,1079.0,1.1455406001489994,1.1455406001489994,0.060291600148999404,1.7374946001489993,,,,
2.426671,927,1079.0,-0.8276393998510005,-2.0115473998510005,1.8361536001489993,4.302628600148999,,,,
2.42775,927,1079.0,-2.5048423998510003,-1.6169113998510005,1.3428586001489993,4.499946600148999,,,,
2.428829,927,1079.0,0.060291600148999404,-1.0249573998510007,1.6388356001489994,2.1321306001489995,,,,
2.429908,927,1079.0,1.2441996001489994,3.0200616001489995,-0.7289803998510006,-0.43300339985100056,,,,
2.430987,927,1079.0,3.316038600148999,2.329448600148999,0.3562686001489994,-1.7155703998510006,,,,
2.432066,927,1079.0,0.5535866001489994,1.9348126001489994,-0.1370263998510006,1.1455406001489994,,,,
2.433145,927,1079.0,0.060291600148999404,-1.8142293998510006,1.2441996001489994,3.8093336001489995,,,,
2.434224,927,1079.0,-2.7021603998510004,-2.1102063998510006,1.6388356001489994,3.8093336001489995,,,,
2.435303,927,1079.0,-0.6303213998510006,-0.6303213998510006,0.4549276001489994,1.9348126001489994,,,,
2.436382,927,1079.0,1.5401766001489994,1.4415176001489993,-0.1370263998510006,-1.3209343998510006,,,,
2.437461,927,1079.0,2.0334716001489994,3.217379600148999,-1.1236163998510005,-2.2088653998510006,,,,
2.43854,927,1079.0,1.6388356001489994,0.4549276001489994,0.2576096001489994,-0.33434439985100056,,,,
2.439619,927,1079.0,-1.3209343998510006,-0.8276393998510005,-0.2356853998510006,2.8227436001489994,,,,
2.440698,927,1079.0,-1.5182523998510005,-3.2941143998510003,1.6388356001489994,2.9214026001489994,,,,
2.441777,927,1079.0,-2.0115473998510005,-0.5316623998510006,-0.03836739985100059,1.6388356001489994,,,,
2.442856,927,1079.0,1.9348126001489994,0.7509046001489994,-0.33434439985100056,-1.2222753998510005,,,,
2.443935,927,1079.0,1.5401766001489994,3.0200616001489995,-0.8276393998510005,-2.6035013998510004,,,,
2.445014,927,1079.0,1.9348126001489994,1.2441996001489994,-0.43300339985100056,-0.5316623998510006,,,,
2.446093,927,1079.0,-0.5316623998510006,-1.2222753998510005,0.4549276001489994,2.2307896001489995,,,,
2.447172,927,1079.0,-2.0115473998510005,-2.1102063998510006,0.6522456001489993,3.316038600148999,,,,
2.448251,927,1079.0,-1.0249573998510007,-1.8142293998510006,1.0468816001489993,1.6388356001489994,,,,
2.44933,927,1079.0,0.6522456001489993,1.7374946001489993,-1.0249573998510007,-0.43300339985100056,,,,
2.450409,927,1079.0,2.9214026001489994,1.8361536001489993,-0.1370263998510006,-2.5048423998510003,,,,
2.451488,927,1079.0,0.8495636001489993,2.428107600148999,-1.0249573998510007,-0.6303213998510006,,,,
2.452567,927,1079.0,0.6522456001489993,-1.5182523998510005,0.3562686001489994,1.8361536001489993,,,,
2.453646,927,1079.0,-2.6035013998510004,-1.9128883998510005,0.5535866001489994,2.6254256001489993,,,,
2.454725,927,1079.0,-1.0249573998510007,-1.8142293998510006,0.2576096001489994,1.3428586001489993,,,,
2.455804,927,1079.0,0.4549276001489994,0.7509046001489994,-0.7289803998510006,-1.3209343998510006,,,,
2.456883,927,1079.0,2.1321306001489995,2.428107600148999,-1.3209343998510006,-2.8008193998510005,,,,
2.457962,927,1079.0,1.6388356001489994,1.0468816001489993,-0.43300339985100056,-1.8142293998510006,,,,
2.459041,927,1079.0,-0.33434439985100056,-0.43300339985100056,-0.9262983998510006,1.1455406001489994,,,,
2.46012,927,1079.0,-1.5182523998510005,-3.1954553998510007,0.8495636001489993,1.6388356001489994,,,,
2.461199,927,1079.0,-2.5048423998510003,-1.3209343998510006,-0.5316623998510006,1.1455406001489994,,,,
2.462278,927,1079.0,1.1455406001489994,-0.43300339985100056,-0.5316623998510006,-1.4195933998510006,,,,
2.463357,927,1079.0,1.1455406001489994,2.7240846001489993,-1.5182523998510005,-2.9981373998510006,,,,
2.464436,927,1079.0,2.2307896001489995,1.2441996001489994,-0.7289803998510006,-1.8142293998510006,,,,
2.465515,927,1079.0,-0.2356853998510006,-0.43300339985100056,-0.33434439985100056,0.9482226001489994,,,,
2.466594,927,1079.0,-1.4195933998510006,-2.4061833998510007,0.2576096001489994,2.329448600148999,,,,
2.467673,927,1079.0,-1.8142293998510006,-2.2088653998510006,0.5535866001489994,1.2441996001489994,,,,
2.468752,927,1079.0,0.2576096001489994,0.7509046001489994,-1.1236163998510005,-0.6303213998510006,,,,
2.469831,927,1079.0,2.329448600148999,1.5401766001489994,-0.5316623998510006,-2.8994783998510005,,,,
2.47091,927,1079.0,1.2441996001489994,2.5267666001489992,-1.3209343998510006,-1.7155703998510006,,,,
2.471989,927,1079.0,1.0468816001489993,-1.0249573998510007,0.060291600148999404,0.6522456001489993,,,,
2.473068,927,1079.0,-2.2088653998510006,-1.7155703998510006,-0.03836739985100059,2.1321306001489995,,,,
2.474147,927,1079.0,-1.2222753998510005,-2.7021603998510004,0.4549276001489994,1.1455406001489994,,,,
2.475226,927,1079.0,-0.5316623998510006,0.1589506001489994,-1.0249573998510007,-1.1236163998510005,,,,
2.476305,927,1079.0,2.1321306001489995,1.5401766001489994,-1.3209343998510006,-3.0967963998510006,,,,
2.477384,927,1079.0,1.4415176001489993,1.7374946001489993,-0.9262983998510006,-2.6035013998510004,,,,
2.478463,927,1079.0,0.4549276001489994,-0.1370263998510006,-1.1236163998510005,0.2576096001489994,,,,
2.479542,927,1079.0,-1.3209343998510006,-2.8008193998510005,0.5535866001489994,1.3428586001489993,,,,
2.480621,927,1079.0,-2.5048423998510003,-1.9128883998510005,-0.43300339985100056,1.2441996001489994,,,,
2.4817,927,1079.0,0.2576096001489994,-1.1236163998510005,-0.43300339985100056,-1.2222753998510005,,,,
2.482779,927,1079.0,0.8495636001489993,2.329448600148999,-1.7155703998510006,-2.8994783998510005,,,,
2.483858,927,1079.0,2.428107600148999,1.3428586001489993,-0.7289803998510006,-2.5048423998510003,,,,
2.484937,927,1079.0,0.1589506001489994,0.4549276001489994,-0.7289803998510006,0.4549276001489994,,,,
2.486016,927,1079.0,-0.7289803998510006,-2.3075243998510007,0.4549276001489994,2.329448600148999,,,,
2.487095,927,1079.0,-2.3075243998510007,-2.3075243998510007,0.5535866001489994,1.7374946001489993,,,,
2.488174,927,1079.0,-0.2356853998510006,-0.33434439985100056,-0.7289803998510006,-0.03836739985100059,,,,
2.489253,927,1079.0,1.7374946001489993,1.4415176001489993,-0.6303213998510006,-2.6035013998510004,,,,
2.490332,927,1079.0,1.7374946001489993,2.8227436001489994,-1.4195933998510006,-2.2088653998510006,,,,
2.491411,927,1079.0,1.4415176001489993,-0.03836739985100059,0.060291600148999404,0.1589506001489994,,,,
2.49249,927,1079.0,-1.5182523998510005,-1.2222753998510005,-0.03836739985100059,2.428107600148999,,,,
2.493569,927,1079.0,-1.4195933998510006,-2.9981373998510006,1.0468816001489993,2.0334716001489994,,,,
2.494648,927,1079.0,-1.2222753998510005,-0.33434439985100056,-0.8276393998510005,0.060291600148999404,,,,
2.495727,927,1079.0,1.8361536001489993,1.0468816001489993,-1.0249573998510007,-2.6035013998510004,,,,
2.496806,927,1079.0,1.4415176001489993,2.428107600148999,-1.2222753998510005,-2.8008193998510005,,,,
2.497885,927,1079.0,1.3428586001489993,0.5535866001489994,-0.9262983998510006,-0.1370263998510006,,,,
2.498964,927,1079.0,-0.9262983998510006,-1.9128883998510005,0.5535866001489994,1.8361536001489993,,,,
2.500043,927,1079.0,-2.3075243998510007,-2.2088653998510006,0.2576096001489994,2.428107600148999,,,,
2.501122,927,1079.0,-0.5316623998510006,-1.6169113998510005,0.1589506001489994,0.2576096001489994,,,,
2.502201,927,1079.0,0.6522456001489993,1.8361536001489993,-1.4195933998510006,-2.1102063998510006,,,,
2.50328,927,1079.0,2.6254256001489993,1.7374946001489993,-0.5316623998510006,-2.6035013998510004,,,,
2.504359,927,1079.0,0.7509046001489994,1.6388356001489994,-0.8276393998510005,0.1589506001489994,,,,
2.505438,927,1079.0,0.060291600148999404,-1.7155703998510006,0.9482226001489994,2.6254256001489993,,,,
2.506517,927,1079.0,-2.4061833998510007,-2.0115473998510005,1.0468816001489993,3.217379600148999,,,,
2.507596,927,1079.0,-0.5316623998510006,-1.1236163998510005,0.3562686001489994,1.6388356001489994,,,,
2.508675,927,1079.0,0.9482226001489994,1.3428586001489993,-0.33434439985100056,-1.3209343998510006,,,,
2.509754,927,1079.0,2.1321306001489995,2.8227436001489994,-0.8276393998510005,-2.0115473998510005,,,,
2.510833,927,1079.0,1.8361536001489993,1.2441996001489994,0.060291600148999404,-0.03836739985100059,,,,
2.511912,927,1079.0,-0.5316623998510006,-0.33434439985100056,0.2576096001489994,2.9214026001489994,,,,
2.512991,927,1079.0,-1.4195933998510006,-2.7021603998510004,1.8361536001489993,3.4146976001489993,,,,
2.51407,927,1079.0,-1.7155703998510006,-0.8276393998510005,0.1589506001489994,2.1321306001489995,,,,
2.515149,927,1079.0,1.3428586001489993,0.4549276001489994,-0.03836739985100059,-1.0249573998510007,,,,
2.516228,927,1079.0,1.3428586001489993,2.9214026001489994,-0.9262983998510006,-2.3075243998510007,,,,
2.517307,927,1079.0,2.1321306001489995,1.3428586001489993,-0.43300339985100056,-0.43300339985100056,,,,
2.518386,927,1079.0,-0.43300339985100056,-0.6303213998510006,0.6522456001489993,2.329448600148999,,,,
2.519465,927,1079.0,-1.8142293998510006,-2.1102063998510006,1.1455406001489994,3.7106746001489994,,,,
2.520544,927,1079.0,-1.2222753998510005,-1.8142293998510006,1.1455406001489994,2.5267666001489992,,,,
2.521623,927,1079.0,0.3562686001489994,1.1455406001489994,-0.43300339985100056,-0.03836739985100059,,,,
2.522702,927,1079.0,2.329448600148999,1.9348126001489994,0.060291600148999404,-1.9128883998510005,,,,
2.523781,927,1079.0,1.4415176001489993,2.6254256001489993,-0.6303213998510006,0.060291600148999404,,,,
2.52486,927,1079.0,0.8495636001489993,-0.5316623998510006,1.2441996001489994,2.7240846001489993,,,,
2.525939,927,1079.0,-2.1102063998510006,-1.2222753998510005,1.5401766001489994,4.401287600148999,,,,
2.527018,927,1079.0,-0.8276393998510005,-1.8142293998510006,1.6388356001489994,3.8093336001489995,,,,
2.528097,927,1079.0,0.1589506001489994,0.9482226001489994,0.5535866001489994,1.0468816001489993,,,,
2.529176,927,1079.0,2.1321306001489995,2.6254256001489993,-0.03836739985100059,-0.9262983998510006,,,,
2.530255,927,1079.0,2.0334716001489994,2.329448600148999,0.2576096001489994,-0.03836739985100059,,,,
2.531334,927,1079.0,0.5535866001489994,0.6522456001489993,0.6522456001489993,3.0200616001489995,,,,
2.532413,927,1079.0,-1.1236163998510005,-1.9128883998510005,2.329448600148999,4.401287600148999,,,,
2.533492,927,1079.0,-1.8142293998510006,-0.9262983998510006,1.2441996001489994,4.203969600149,,,,
2.534571,927,1079.0,0.6522456001489993,-0.03836739985100059,1.1455406001489994,1.2441996001489994,,,,
2.53565,927,1079.0,1.0468816001489993,2.9214026001489994,-0.2356853998510006,-0.9262983998510006,,,,
2.536729,927,1079.0,2.5267666001489992,2.0334716001489994,0.060291600148999404,-0.43300339985100056,,,,
2.537808,927,1079.0,0.2576096001489994,0.8495636001489993,0.6522456001489993,2.2307896001489995,,,,
2.538887,927,1079.0,-0.9262983998510006,-1.5182523998510005,1.8361536001489993,4.401287600148999,,,,
2.539966,927,1079.0,-1.7155703998510006,-1.6169113998510005,1.9348126001489994,4.302628600148999,,,,
2.541045,927,1079.0,-0.03836739985100059,0.3562686001489994,0.8495636001489993,2.329448600148999,,,,
2.542124,927,1079.0,1.6388356001489994,1.9348126001489994,0.7509046001489994,-0.43300339985100056,,,,
2.543203,927,1079.0,1.8361536001489993,3.118720600148999,-0.2356853998510006,0.1589506001489994,,,,
2.544282,927,1079.0,1.4415176001489993,0.6522456001489993,1.2441996001489994,2.329448600148999,,,,
2.545361,927,1079.0,-1.3209343998510006,-0.43300339985100056,1.6388356001489994,4.6972646001489995,,,,
2.54644,927,1079.0,-0.9262983998510006,-1.8142293998510006,2.5267666001489992,5.091900600148999,,,,
2.547519,927,1079.0,-0.5316623998510006,0.5535866001489994,1.3428586001489993,3.316038600148999,,,,
2.548598,927,1079.0,1.9348126001489994,2.0334716001489994,0.9482226001489994,0.6522456001489993,,,,
2.549677,927,1079.0,2.0334716001489994,2.9214026001489994,0.5535866001489994,0.3562686001489994,,,,
2.550756,927,1079.0,1.4415176001489993,1.4415176001489993,0.7509046001489994,2.5267666001489992,,,,
2.551835,927,1079.0,-0.6303213998510006,-0.9262983998510006,2.2307896001489995,4.302628600148999,,,,
2.552914,927,1079.0,-1.7155703998510006,-1.0249573998510007,1.7374946001489993,5.091900600148999,,,,
2.553993,927,1079.0,-0.03836739985100059,-0.5316623998510006,1.8361536001489993,3.0200616001489995,,,,
2.555072,927,1079.0,0.7509046001489994,2.329448600148999,0.4549276001489994,0.6522456001489993,,,,
2.556151,927,1079.0,2.428107600148999,2.2307896001489995,0.6522456001489993,-0.1370263998510006,,,,
2.55723,927,1079.0,0.8495636001489993,1.8361536001489993,0.3562686001489994,1.7374946001489993,,,,
2.558309,927,1079.0,-0.1370263998510006,-0.9262983998510006,1.8361536001489993,3.8093336001489995,,,,
2.559388,927,1079.0,-1.9128883998510005,-1.3209343998510006,2.0334716001489994,4.795923600148999,,,,
2.560467,927,1079.0,-0.33434439985100056,-0.43300339985100056,1.5401766001489994,3.6120156001489994,,,,
2.561546,927,1079.0,0.8495636001489993,1.5401766001489994,1.2441996001489994,0.9482226001489994,,,,
2.562625,927,1079.0,1.8361536001489993,2.9214026001489994,0.2576096001489994,0.4549276001489994,,,,
2.563704,927,1079.0,1.7374946001489993,1.4415176001489993,1.2441996001489994,1.7374946001489993,,,,
2.564783,927,1079.0,-0.5316623998510006,0.2576096001489994,1.3428586001489993,4.105310600148999,,,,
2.565862,927,1079.0,-0.9262983998510006,-1.6169113998510005,2.6254256001489993,5.091900600148999,,,,
2.566941,927,1079.0,-1.0249573998510007,0.1589506001489994,1.6388356001489994,4.302628600148999,,,,
2.56802,927,1079.0,1.4415176001489993,1.2441996001489994,1.5401766001489994,1.6388356001489994,,,,
2.569099,927,1079.0,1.6388356001489994,3.0200616001489995,0.7509046001489994,0.6522456001489993,,,,
2.570178,927,1079.0,2.0334716001489994,1.7374946001489993,0.7509046001489994,1.8361536001489993,,,,
2.571257,927,1079.0,-0.2356853998510006,0.060291600148999404,1.7374946001489993,3.5133566001489993,,,,
2.572336,927,1079.0,-1.2222753998510005,-1.0249573998510007,1.6388356001489994,4.6972646001489995,,,,
2.573415,927,1079.0,-0.6303213998510006,-0.9262983998510006,1.8361536001489993,3.6120156001489994,,,,
2.574494,927,1079.0,0.3562686001489994,1.5401766001489994,0.6522456001489993,1.4415176001489993,,,,
2.575573,927,1079.0,2.0334716001489994,2.0334716001489994,0.8495636001489993,0.060291600148999404,,,,
2.576652,927,1079.0,1.2441996001489994,2.2307896001489995,0.1589506001489994,1.0468816001489993,,,,
2.577731,927,1079.0,0.4549276001489994,-0.43300339985100056,1.4415176001489993,2.7240846001489993,,,,
2.57881,927,1079.0,-1.7155703998510006,-1.0249573998510007,1.5401766001489994,4.105310600148999,,,,
2.579889,927,1079.0,-0.5316623998510006,-1.0249573998510007,1.3428586001489993,3.5133566001489993,,,,
2.580968,927,1079.0,0.2576096001489994,1.0468816001489993,0.9482226001489994,1.2441996001489994,,,,
2.582047,927,1079.0,1.7374946001489993,2.428107600148999,0.3562686001489994,0.2576096001489994,,,,
2.583126,927,1079.0,1.8361536001489993,1.7374946001489993,0.8495636001489993,1.0468816001489993,,,,
2.584205,927,1079.0,0.1589506001489994,0.4549276001489994,0.9482226001489994,3.118720600148999,,,,
2.585284,927,1079.0,-0.8276393998510005,-1.5182523998510005,2.1321306001489995,4.105310600148999,,,,
2.586363,927,1079.0,-1.2222753998510005,-0.43300339985100056,1.1455406001489994,3.907992600148999,,,,
2.587442,927,1079.0,0.8495636001489993,0.4549276001489994,1.3428586001489993,1.5401766001489994,,,,
2.588521,927,1079.0,1.2441996001489994,2.7240846001489993,0.3562686001489994,0.3562686001489994,,,,
2.5896,927,1079.0,2.2307896001489995,1.7374946001489993,0.5535866001489994,0.8495636001489993,,,,
2.590679,927,1079.0,0.1589506001489994,0.5535866001489994,0.9482226001489994,2.428107600148999,,,,
2.591758,927,1079.0,-0.8276393998510005,-1.2222753998510005,1.3428586001489993,3.6120156001489994,,,,
2.592837,927,1079.0,-1.1236163998510005,-1.2222753998510005,1.2441996001489994,3.0200616001489995,,,,
2.593916,927,1079.0,0.060291600148999404,0.5535866001489994,0.3562686001489994,1.1455406001489994,,,,
2.594995,927,1079.0,1.5401766001489994,1.6388356001489994,0.4549276001489994,-0.6303213998510006,,,,
2.596074,927,1079.0,1.3428586001489993,2.1321306001489995,-0.33434439985100056,0.060291600148999404,,,,
2.597153,927,1079.0,0.7509046001489994,-0.1370263998510006,0.8495636001489993,1.4415176001489993,,,,
2.598232,927,1079.0,-1.5182523998510005,-0.9262983998510006,0.8495636001489993,2.9214026001489994,,,,
2.599311,927,1079.0,-0.7289803998510006,-1.7155703998510006,0.9482226001489994,2.6254256001489993,,,,
2.60039,927,1079.0,-0.33434439985100056,0.4549276001489994,0.2576096001489994,0.6522456001489993,,,,
2.601469,927,1079.0,1.5401766001489994,1.6388356001489994,-0.03836739985100059,-0.6303213998510006,,,,
2.602548,927,1079.0,1.6388356001489994,1.9348126001489994,0.060291600148999404,-0.1370263998510006,,,,
2.603627,927,1079.0,0.7509046001489994,0.5535866001489994,0.3562686001489994,1.6388356001489994,,,,
2.604706,927,1079.0,-0.8276393998510005,-1.4195933998510006,1.4415176001489993,2.9214026001489994,,,,
2.605785,927,1079.0,-1.3209343998510006,-1.1236163998510005,0.6522456001489993,3.118720600148999,,,,
2.606864,927,1079.0,0.2576096001489994,-0.33434439985100056,0.7509046001489994,0.9482226001489994,,,,
2.607943,927,1079.0,0.8495636001489993,2.1321306001489995,-0.43300339985100056,-0.7289803998510006,,,,
2.609022,927,1079.0,2.2307896001489995,1.5401766001489994,-0.03836739985100059,-0.5316623998510006,,,,
2.610101,927,1079.0,0.5535866001489994,0.8495636001489993,0.060291600148999404,1.0468816001489993,,,,
2.61118,927,1079.0,-0.5316623998510006,-1.4195933998510006,0.8495636001489993,2.5267666001489992,,,,
2.612259,927,1079.0,-1.5182523998510005,-1.6169113998510005,0.6522456001489993,2.329448600148999,,,,
2.613338,927,1079.0,-0.2356853998510006,-0.43300339985100056,-0.1370263998510006,0.4549276001489994,,,,
2.614417,927,1079.0,0.9482226001489994,1.0468816001489993,-0.33434439985100056,-1.7155703998510006,,,,
2.615496,927,1079.0,1.4415176001489993,2.0334716001489994,-1.1236163998510005,-1.4195933998510006,,,,
2.616575,927,1079.0,1.0468816001489993,0.060291600148999404,0.060291600148999404,-0.03836739985100059,,,,
2.617654,927,1079.0,-1.2222753998510005,-0.9262983998510006,0.060291600148999404,1.8361536001489993,,,,
2.618733,927,1079.0,-1.1236163998510005,-2.2088653998510006,0.6522456001489993,1.8361536001489993,,,,
2.619812,927,1079.0,-0.9262983998510006,-0.43300339985100056,-0.33434439985100056,0.2576096001489994,,,,
2.620891,927,1079.0,1.1455406001489994,0.8495636001489993,-0.5316623998510006,-1.7155703998510006,,,,
2.62197,927,1079.0,1.4415176001489993,1.9348126001489994,-0.9262983998510006,-1.7155703998510006,,,,
2.623049,927,1079.0,1.3428586001489993,0.6522456001489993,-0.33434439985100056,0.060291600148999404,,,,
2.624128,927,1079.0,-0.6303213998510006,-1.1236163998510005,0.6522456001489993,1.7374946001489993,,,,
2.625207,927,1079.0,-1.3209343998510006,-1.6169113998510005,0.2576096001489994,2.5267666001489992,,,,
2.626286,927,1079.0,-0.43300339985100056,-1.1236163998510005,0.3562686001489994,0.6522456001489993,,,,
2.627365,927,1079.0,0.4549276001489994,1.3428586001489993,-0.9262983998510006,-1.4195933998510006,,,,
2.628444,927,1079.0,2.0334716001489994,1.4415176001489993,-0.7289803998510006,-2.1102063998510006,,,,
2.629523,927,1079.0,0.9482226001489994,1.2441996001489994,-0.8276393998510005,-0.5316623998510006,,,,
2.630602,927,1079.0,-0.03836739985100059,-1.2222753998510005,0.3562686001489994,1.3428586001489993,,,,
2.631681,927,1079.0,-1.6169113998510005,-1.8142293998510006,0.1589506001489994,2.0334716001489994,,,,
2.63276,927,1079.0,-0.6303213998510006,-1.3209343998510006,-0.2356853998510006,0.3562686001489994,,,,
2.633839,927,1079.0,0.2576096001489994,0.4549276001489994,-0.8276393998510005,-2.1102063998510006,,,,
2.634918,927,1079.0,1.5401766001489994,1.6388356001489994,-1.6169113998510005,-2.7021603998510004,,,,
2.635997,927,1079.0,1.2441996001489994,0.6522456001489993,-0.8276393998510005,-1.6169113998510005,,,,
2.637076,927,1079.0,-0.6303213998510006,-0.6303213998510006,-0.43300339985100056,0.6522456001489993,,,,
2.638155,927,1079.0,-1.1236163998510005,-2.4061833998510007,0.3562686001489994,1.6388356001489994,,,,
2.639234,927,1079.0,-1.4195933998510006,-1.2222753998510005,-0.43300339985100056,0.7509046001489994,,,,
2.640313,927,1079.0,0.5535866001489994,-0.1370263998510006,-0.5316623998510006,-1.7155703998510006,,,,
2.641392,927,1079.0,1.1455406001489994,1.8361536001489993,-1.4195933998510006,-2.6035013998510004,,,,
2.642471,927,1079.0,1.7374946001489993,0.9482226001489994,-1.0249573998510007,-1.4195933998510006,,,,
2.64355,927,1079.0,-0.2356853998510006,-0.33434439985100056,-0.1370263998510006,0.5535866001489994,,,,
2.644629,927,1079.0,-1.0249573998510007,-1.8142293998510006,0.2576096001489994,2.2307896001489995,,,,
2.645708,927,1079.0,-0.9262983998510006,-1.6169113998510005,0.3562686001489994,1.2441996001489994,,,,
2.646787,927,1079.0,0.060291600148999404,0.4549276001489994,-0.7289803998510006,-1.0249573998510007,,,,
2.647866,927,1079.0,1.7374946001489993,1.2441996001489994,-0.9262983998510006,-2.6035013998510004,,,,
2.648945,927,1079.0,1.2441996001489994,1.6388356001489994,-1.3209343998510006,-1.6169113998510005,,,,
2.650024,927,1079.0,0.4549276001489994,-0.6303213998510006,-0.03836739985100059,0.2576096001489994,,,,
2.651103,927,1079.0,-1.5182523998510005,-1.5182523998510005,0.060291600148999404,1.8361536001489993,,,,
2.652182,927,1079.0,-0.8276393998510005,-2.0115473998510005,0.1589506001489994,1.2441996001489994,,,,
2.653261,927,1079.0,-0.43300339985100056,-0.1370263998510006,-0.6303213998510006,-1.2222753998510005,,,,
2.65434,927,1079.0,1.3428586001489993,1.2441996001489994,-1.4195933998510006,-2.8008193998510005,,,,
2.655419,927,1079.0,1.3428586001489993,1.2441996001489994,-1.3209343998510006,-2.4061833998510007,,,,
2.656498,927,1079.0,0.2576096001489994,-0.03836739985100059,-0.8276393998510005,-0.33434439985100056,,,,
2.657577,927,1079.0,-1.0249573998510007,-1.9128883998510005,0.3562686001489994,1.5401766001489994,,,,
2.658656,927,1079.0,-1.5182523998510005,-1.6169113998510005,-0.1370263998510006,1.6388356001489994,,,,
2.659735,927,1079.0,-0.03836739985100059,-0.8276393998510005,-0.1370263998510006,-0.5316623998510006,,,,
2.660814,927,1079.0,0.7509046001489994,1.4415176001489993,-1.2222753998510005,-2.1102063998510006,,,,
2.661893,927,1079.0,1.9348126001489994,1.2441996001489994,-0.9262983998510006,-2.0115473998510005,,,,
2.662972,927,1079.0,0.2576096001489994,0.4549276001489994,-0.43300339985100056,-0.03836739985100059,,,,
2.664051,927,1079.0,-0.5316623998510006,-1.4195933998510006,0.3562686001489994,2.1321306001489995,,,,
2.66513,927,1079.0,-1.2222753998510005,-1.6169113998510005,0.5535866001489994,2.329448600148999,,,,
2.666209,927,1079.0,-0.33434439985100056,-0.33434439985100056,-0.03836739985100059,0.4549276001489994,,,,
2.667288,927,1079.0,1.1455406001489994,0.9482226001489994,-0.43300339985100056,-1.5182523998510005,,,,
2.668367,927,1079.0,1.5401766001489994,1.9348126001489994,-1.2222753998510005,-1.6169113998510005,,,,
2.669446,927,1079.0,1.0468816001489993,0.2576096001489994,-0.1370263998510006,-0.33434439985100056,,,,
2.670525,927,1079.0,-0.9262983998510006,-0.8276393998510005,0.060291600148999404,1.8361536001489993,,,,
2.671604,927,1079.0,-0.9262983998510006,-2.0115473998510005,0.6522456001489993,2.1321306001489995,,,,
2.672683,927,1079.0,-0.9262983998510006,-0.5316623998510006,-0.03836739985100059,0.5535866001489994,,,,
2.673762,927,1079.0,0.9482226001489994,0.6522456001489993,-0.5316623998510006,-1.4195933998510006,,,,
2.674841,927,1079.0,1.3428586001489993,1.5401766001489994,-1.0249573998510007,-2.0115473998510005,,,,
2.67592,927,1079.0,0.9482226001489994,0.5535866001489994,-0.6303213998510006,-0.5316623998510006,,,,
2.676999,927,1079.0,-0.6303213998510006,-1.0249573998510007,0.4549276001489994,1.5401766001489994,,,,
2.678078,927,1079.0,-1.3209343998510006,-1.4195933998510006,0.3562686001489994,2.6254256001489993,,,,
2.679157,927,1079.0,-0.43300339985100056,-0.9262983998510006,0.6522456001489993,1.1455406001489994,,,,
2.680236,927,1079.0,0.4549276001489994,1.2441996001489994,-0.43300339985100056,-0.43300339985100056,,,,
2.681315,927,1079.0,1.9348126001489994,1.4415176001489993,-0.33434439985100056,-1.1236163998510005,,,,
2.682394,927,1079.0,0.7509046001489994,1.3428586001489993,-0.33434439985100056,0.060291600148999404,,,,
2.683473,927,1079.0,0.060291600148999404,-0.6303213998510006,0.7509046001489994,2.1321306001489995,,,,
2.684552,927,1079.0,-1.1236163998510005,-1.1236163998510005,0.9482226001489994,3.217379600148999,,,,
2.685631,927,1079.0,-0.33434439985100056,-0.6303213998510006,0.9482226001489994,2.329448600148999,,,,
2.68671,927,1079.0,0.5535866001489994,0.8495636001489993,0.4549276001489994,0.3562686001489994,,,,
2.687789,927,1079.0,1.6388356001489994,1.9348126001489994,-0.33434439985100056,-0.43300339985100056,,,,
2.688868,927,1079.0,1.3428586001489993,1.0468816001489993,0.2576096001489994,0.1589506001489994,,,,
2.689947,927,1079.0,-0.2356853998510006,-0.03836739985100059,0.3562686001489994,2.0334716001489994,,,,
2.691026,927,1079.0,-0.6303213998510006,-1.5182523998510005,1.1455406001489994,2.9214026001489994,,,,
2.692105,927,1079.0,-1.0249573998510007,-0.5316623998510006,0.6522456001489993,2.329448600148999,,,,
2.693184,927,1079.0,0.6522456001489993,0.3562686001489994,0.4549276001489994,0.4549276001489994,,,,
2.694263,927,1079.0,1.1455406001489994,1.7374946001489993,-0.2356853998510006,-0.43300339985100056,,,,
2.695342,927,1079.0,1.3428586001489993,1.0468816001489993,0.060291600148999404,0.1589506001489994,,,,
2.696421,927,1079.0,-0.1370263998510006,-0.1370263998510006,0.6522456001489993,1.9348126001489994,,,,
2.6975,927,1079.0,-0.9262983998510006,-1.0249573998510007,0.8495636001489993,3.217379600148999,,,,
2.698579,927,1079.0,-0.6303213998510006,-0.8276393998510005,1.2441996001489994,2.6254256001489993,,,,
2.699658,927,1079.0,0.1589506001489994,0.9482226001489994,0.4549276001489994,1.3428586001489993,,,,
2.700737,927,1079.0,1.6388356001489994,1.5401766001489994,0.5535866001489994,0.3562686001489994,,,,
2.701816,927,1079.0,1.1455406001489994,1.8361536001489993,0.3562686001489994,0.9482226001489994,,,,
2.702895,927,1079.0,0.5535866001489994,0.060291600148999404,1.2441996001489994,2.5267666001489992,,,,
2.703974,927,1079.0,-0.8276393998510005,-0.5316623998510006,1.3428586001489993,3.907992600148999,,,,
2.705053,927,1079.0,-0.43300339985100056,-0.6303213998510006,1.6388356001489994,3.5133566001489993,,,,
2.706132,927,1079.0,0.1589506001489994,0.9482226001489994,1.1455406001489994,2.0334716001489994,,,,
2.707211,927,1079.0,1.5401766001489994,1.9348126001489994,0.5535866001489994,1.0468816001489993,,,,
2.70829,927,1079.0,1.4415176001489993,1.7374946001489993,0.8495636001489993,1.0468816001489993,,,,
2.709369,927,1079.0,0.2576096001489994,0.6522456001489993,0.9482226001489994,2.5267666001489992,,,,
2.710448,927,1079.0,-0.43300339985100056,-0.8276393998510005,1.5401766001489994,3.5133566001489993,,,,
2.711527,927,1079.0,-0.9262983998510006,-0.33434439985100056,1.1455406001489994,3.316038600148999,,,,
2.712606,927,1079.0,0.3562686001489994,0.3562686001489994,1.1455406001489994,1.7374946001489993,,,,
2.713685,927,1079.0,0.9482226001489994,1.9348126001489994,0.3562686001489994,0.8495636001489993,,,,
2.714764,927,1079.0,1.6388356001489994,1.4415176001489993,0.7509046001489994,1.0468816001489993,,,,
2.715843,927,1079.0,0.1589506001489994,0.6522456001489993,1.0468816001489993,2.428107600148999,,,,
2.716922,927,1079.0,-0.43300339985100056,-0.6303213998510006,1.3428586001489993,3.7106746001489994,,,,
2.718001,927,1079.0,-0.8276393998510005,-0.7289803998510006,1.5401766001489994,3.4146976001489993,,,,
2.71908,927,1079.0,-0.03836739985100059,0.6522456001489993,1.0468816001489993,2.329448600148999,,,,
2.720159,927,1079.0,1.3428586001489993,1.6388356001489994,1.0468816001489993,1.2441996001489994,,,,
2.721238,927,1079.0,1.3428586001489993,2.1321306001489995,0.7509046001489994,1.6388356001489994,,,,
2.722317,927,1079.0,0.8495636001489993,0.6522456001489993,1.6388356001489994,2.9214026001489994,,,,
2.723396,927,1079.0,-0.5316623998510006,-0.03836739985100059,1.7374946001489993,4.401287600148999,,,,
2.724475,927,1079.0,-0.33434439985100056,-0.6303213998510006,2.0334716001489994,4.105310600148999,,,,
2.725554,927,1079.0,-0.1370263998510006,0.7509046001489994,1.4415176001489993,2.7240846001489993,,,,
2.726633,927,1079.0,1.4415176001489993,1.7374946001489993,0.9482226001489994,1.5401766001489994,,,,
2.727712,927,1079.0,1.4415176001489993,2.1321306001489995,1.0468816001489993,1.5401766001489994,,,,
2.728791,927,1079.0,0.7509046001489994,1.0468816001489993,1.3428586001489993,2.8227436001489994,,,,
2.72987,927,1079.0,-0.33434439985100056,-0.43300339985100056,1.8361536001489993,3.907992600148999,,,,
2.730949,927,1079.0,-0.8276393998510005,-0.43300339985100056,1.4415176001489993,3.8093336001489995,,,,
2.732028,927,1079.0,0.060291600148999404,0.060291600148999404,1.4415176001489993,2.329448600148999,,,,
2.733107,927,1079.0,0.7509046001489994,1.8361536001489993,0.5535866001489994,1.1455406001489994,,,,
2.734186,927,1079.0,1.6388356001489994,1.7374946001489993,0.8495636001489993,1.0468816001489993,,,,
2.735265,927,1079.0,0.4549276001489994,1.2441996001489994,1.0468816001489993,2.329448600148999,,,,
2.736344,927,1079.0,-0.1370263998510006,-0.43300339985100056,1.6388356001489994,3.7106746001489994,,,,
2.737423,927,1079.0,-0.9262983998510006,-0.7289803998510006,1.6388356001489994,3.8093336001489995,,,,
2.738502,927,1079.0,-0.2356853998510006,0.1589506001489994,1.2441996001489994,2.6254256001489993,,,,
2.739581,927,1079.0,0.9482226001489994,1.4415176001489993,0.9482226001489994,1.2441996001489994,,,,
2.74066,927,1079.0,1.5401766001489994,2.2307896001489995,0.6522456001489993,1.3428586001489993,,,,
2.741739,927,1079.0,1.1455406001489994,1.0468816001489993,1.4415176001489993,2.5267666001489992,,,,
2.742818,927,1079.0,-0.2356853998510006,0.1589506001489994,1.6388356001489994,4.302628600148999,,,,
2.743897,927,1079.0,-0.33434439985100056,-0.8276393998510005,2.0334716001489994,4.302628600148999,,,,
2.744976,927,1079.0,-0.43300339985100056,0.3562686001489994,1.2441996001489994,2.9214026001489994,,,,
2.746055,927,1079.0,1.1455406001489994,1.3428586001489993,0.9482226001489994,1.2441996001489994,,,,
2.747134,927,1079.0,1.4415176001489993,2.2307896001489995,0.5535866001489994,0.9482226001489994,,,,
2.748213,927,1079.0,1.1455406001489994,1.3428586001489993,1.0468816001489993,2.1321306001489995,,,,
2.749292,927,1079.0,-0.1370263998510006,-0.03836739985100059,1.5401766001489994,3.6120156001489994,,,,
2.750371,927,1079.0,-0.8276393998510005,-0.8276393998510005,1.4415176001489993,3.907992600148999,,,,
2.75145,927,1079.0,-0.43300339985100056,-0.43300339985100056,1.3428586001489993,2.428107600148999,,,,
2.752529,927,1079.0,0.4549276001489994,1.2441996001489994,0.2576096001489994,0.7509046001489994,,,,
2.753608,927,1079.0,1.5401766001489994,1.5401766001489994,0.3562686001489994,-0.03836739985100059,,,,
2.754687,927,1079.0,0.7509046001489994,1.5401766001489994,0.4549276001489994,1.1455406001489994,,,,
2.755766,927,1079.0,0.1589506001489994,-0.2356853998510006,1.2441996001489994,2.9214026001489994,,,,
2.756845,927,1079.0,-1.0249573998510007,-0.8276393998510005,1.4415176001489993,3.6120156001489994,,,,
2.757924,927,1079.0,-0.5316623998510006,-0.5316623998510006,1.2441996001489994,2.5267666001489992,,,,
2.759003,927,1079.0,0.4549276001489994,0.9482226001489994,0.5535866001489994,0.8495636001489993,,,,
2.760082,927,1079.0,1.5401766001489994,1.9348126001489994,0.1589506001489994,0.2576096001489994,,,,
2.761161,927,1079.0,1.2441996001489994,1.3428586001489993,0.7509046001489994,0.9482226001489994,,,,
2.76224,927,1079.0,0.1589506001489994,0.3562686001489994,1.0468816001489993,3.0200616001489995,,,,
2.763319,927,1079.0,-0.43300339985100056,-1.0249573998510007,1.7374946001489993,3.7106746001489994,,,,
2.764398,927,1079.0,-0.8276393998510005,-0.33434439985100056,1.1455406001489994,2.9214026001489994,,,,
2.765477,927,1079.0,0.6522456001489993,0.5535866001489994,0.6522456001489993,0.8495636001489993,,,,
2.766556,927,1079.0,1.2441996001489994,1.9348126001489994,-0.03836739985100059,-0.1370263998510006,,,,
2.767635,927,1079.0,1.4415176001489993,1.3428586001489993,0.2576096001489994,0.3562686001489994,,,,
2.768714,927,1079.0,0.1589506001489994,0.2576096001489994,0.6522456001489993,2.0334716001489994,,,,
2.769793,927,1079.0,-0.6303213998510006,-1.0249573998510007,0.9482226001489994,3.118720600148999,,,,
2.770872,927,1079.0,-0.9262983998510006,-1.0249573998510007,0.9482226001489994,2.1321306001489995,,,,
2.771951,927,1079.0,-0.03836739985100059,0.2576096001489994,0.060291600148999404,0.3562686001489994,,,,
2.77303,927,1079.0,1.2441996001489994,1.1455406001489994,-0.33434439985100056,-1.1236163998510005,,,,
2.774109,927,1079.0,1.0468816001489993,1.4415176001489993,-0.5316623998510006,-0.5316623998510006,,,,
2.775188,927,1079.0,0.4549276001489994,-0.03836739985100059,0.3562686001489994,1.1455406001489994,,,,
2.776267,927,1079.0,-0.8276393998510005,-0.9262983998510006,0.6522456001489993,2.6254256001489993,,,,
2.777346,927,1079.0,-0.7289803998510006,-1.3209343998510006,0.8495636001489993,2.2307896001489995,,,,
2.778425,927,1079.0,-0.2356853998510006,0.060291600148999404,0.1589506001489994,0.6522456001489993,,,,
2.779504,927,1079.0,1.1455406001489994,1.2441996001489994,-0.43300339985100056,-0.8276393998510005,,,,
2.780583,927,1079.0,1.2441996001489994,1.4415176001489993,-0.33434439985100056,-0.8276393998510005,,,,
2.781662,927,1079.0,0.5535866001489994,0.5535866001489994,0.060291600148999404,0.9482226001489994,,,,
2.782741,927,1079.0,-0.33434439985100056,-0.9262983998510006,0.8495636001489993,2.5267666001489992,,,,
2.78382,927,1079.0,-0.9262983998510006,-0.9262983998510006,0.6522456001489993,2.5267666001489992,,,,
2.784899,927,1079.0,0.060291600148999404,-0.33434439985100056,0.4549276001489994,0.7509046001489994,,,,
2.785978,927,1079.0,0.7509046001489994,1.2441996001489994,-0.6303213998510006,-0.8276393998510005,,,,
2.787057,927,1079.0,1.5401766001489994,1.2441996001489994,-0.5316623998510006,-1.2222753998510005,,,,
2.788136,927,1079.0,0.4549276001489994,0.5535866001489994,-0.33434439985100056,0.060291600148999404,,,,
2.789215,927,1079.0,-0.2356853998510006,-1.0249573998510007,0.2576096001489994,1.6388356001489994,,,,
2.790294,927,1079.0,-1.1236163998510005,-1.4195933998510006,0.3562686001489994,1.6388356001489994,,,,
2.791373,927,1079.0,-0.43300339985100056,-0.6303213998510006,-0.2356853998510006,0.2576096001489994,,,,
2.792452,927,1079.0,0.6522456001489993,0.4549276001489994,-0.7289803998510006,-1.5182523998510005,,,,
2.793531,927,1079.0,0.9482226001489994,1.2441996001489994,-1.1236163998510005,-1.9128883998510005,,,,
2.79461,927,1079.0,0.6522456001489993,0.2576096001489994,-0.5316623998510006,-0.7289803998510006,,,,
2.795689,927,1079.0,-0.5316623998510006,-0.7289803998510006,-0.2356853998510006,1.0468816001489993,,,,
2.796768,927,1079.0,-0.8276393998510005,-1.6169113998510005,0.3562686001489994,1.4415176001489993,,,,
2.797847,927,1079.0,-0.7289803998510006,-0.6303213998510006,-0.1370263998510006,0.5535866001489994,,,,
2.798926,927,1079.0,0.7509046001489994,0.3562686001489994,-0.6303213998510006,-1.0249573998510007,,,,
2.800005,927,1079.0,1.0468816001489993,1.2441996001489994,-0.9262983998510006,-1.7155703998510006,,,,
2.801084,927,1079.0,0.8495636001489993,0.6522456001489993,-0.6303213998510006,-0.7289803998510006,,,,
2.802163,927,1079.0,-0.1370263998510006,-0.5316623998510006,0.060291600148999404,0.9482226001489994,,,,
2.803242,927,1079.0,-0.8276393998510005,-1.1236163998510005,0.2576096001489994,1.7374946001489993,,,,
2.804321,927,1079.0,-0.43300339985100056,-0.9262983998510006,0.2576096001489994,0.7509046001489994,,,,
2.8054,927,1079.0,0.3562686001489994,0.4549276001489994,-0.7289803998510006,-0.7289803998510006,,,,
2.806479,927,1079.0,1.3428586001489993,0.8495636001489993,-0.8276393998510005,-1.8142293998510006,,,,
2.807558,927,1079.0,0.6522456001489993,0.7509046001489994,-0.9262983998510006,-1.1236163998510005,,,,
2.808637,927,1079.0,0.060291600148999404,-0.8276393998510005,-0.43300339985100056,0.2576096001489994,,,,
2.809716,927,1079.0,-1.0249573998510007,-1.3209343998510006,-0.1370263998510006,0.8495636001489993,,,,
2.810795,927,1079.0,-0.6303213998510006,-1.1236163998510005,-0.33434439985100056,0.2576096001489994,,,,
2.811874,927,1079.0,0.1589506001489994,-0.03836739985100059,-0.7289803998510006,-1.2222753998510005,,,,
2.812953,927,1079.0,0.9482226001489994,0.7509046001489994,-1.3209343998510006,-2.0115473998510005,,,,
2.814032,927,1079.0,0.8495636001489993,0.3562686001489994,-0.9262983998510006,-1.5182523998510005,,,,
2.815111,927,1079.0,-0.1370263998510006,-0.43300339985100056,-0.7289803998510006,-0.03836739985100059,,,,
2.81619,927,1079.0,-0.7289803998510006,-1.5182523998510005,-0.03836739985100059,0.7509046001489994,,,,
2.817269,927,1079.0,-0.9262983998510006,-0.9262983998510006,-0.33434439985100056,0.5535866001489994,,,,
2.818348,927,1079.0,0.3562686001489994,-0.1370263998510006,-0.43300339985100056,-0.6303213998510006,,,,
2.819427,927,1079.0,0.8495636001489993,1.0468816001489993,-0.9262983998510006,-1.5182523998510005,,,,
2.820506,927,1079.0,1.0468816001489993,0.6522456001489993,-0.7289803998510006,-1.1236163998510005,,,,
2.821585,927,1079.0,0.1589506001489994,-0.1370263998510006,-0.33434439985100056,0.2576096001489994,,,,
2.822664,927,1079.0,-0.5316623998510006,-1.0249573998510007,0.060291600148999404,1.2441996001489994,,,,
2.823743,927,1079.0,-0.5316623998510006,-1.1236163998510005,0.1589506001489994,0.8495636001489993,,,,
2.824822,927,1079.0,0.060291600148999404,0.1589506001489994,-0.43300339985100056,-0.2356853998510006,,,,
2.825901,927,1079.0,1.1455406001489994,0.6522456001489993,-0.6303213998510006,-1.3209343998510006,,,,
2.82698,927,1079.0,0.8495636001489993,0.8495636001489993,-0.9262983998510006,-1.1236163998510005,,,,
2.828059,927,1079.0,0.3562686001489994,-0.33434439985100056,-0.43300339985100056,-0.1370263998510006,,,,
2.829138,927,1079.0,-0.7289803998510006,-0.9262983998510006,-0.33434439985100056,0.7509046001489994,,,,
2.830217,927,1079.0,-0.6303213998510006,-1.2222753998510005,-0.1370263998510006,0.4549276001489994,,,,
2.831296,927,1079.0,-0.1370263998510006,-0.2356853998510006,-0.5316623998510006,-0.5316623998510006,,,,
2.832375,927,1079.0,0.8495636001489993,0.5535866001489994,-0.8276393998510005,-1.3209343998510006,,,,
2.833454,927,1079.0,0.8495636001489993,0.6522456001489993,-0.6303213998510006,-1.2222753998510005,,,,
2.834533,927,1079.0,0.1589506001489994,-0.03836739985100059,-0.5316623998510006,-0.03836739985100059,,,,
2.835612,927,1079.0,-0.5316623998510006,-1.1236163998510005,0.060291600148999404,0.8495636001489993,,,,
2.836691,927,1079.0,-0.9262983998510006,-0.8276393998510005,-0.1370263998510006,0.8495636001489993,,,,
2.83777,927,1079.0,0.060291600148999404,-0.33434439985100056,-0.1370263998510006,0.060291600148999404,,,,
2.838849,927,1079.0,0.6522456001489993,0.9482226001489994,-0.5316623998510006,-0.6303213998510006,,,,
2.839928,927,1079.0,1.1455406001489994,0.8495636001489993,-0.2356853998510006,-0.5316623998510006,,,,
2.841007,927,1079.0,0.3562686001489994,0.2576096001489994,-0.03836739985100059,0.6522456001489993,,,,
2.842086,927,1079.0,-0.2356853998510006,-0.7289803998510006,0.3562686001489994,1.6388356001489994,,,,
2.843165,927,1079.0,-0.6303213998510006,-0.8276393998510005,0.4549276001489994,1.4415176001489993,,,,
2.844244,927,1079.0,-0.03836739985100059,0.060291600148999404,-0.03836739985100059,0.5535866001489994,,,,
2.845323,927,1079.0,0.8495636001489993,0.8495636001489993,-0.1370263998510006,-0.43300339985100056,,,,
2.846402,927,1079.0,0.9482226001489994,1.2441996001489994,-0.33434439985100056,-0.33434439985100056,,,,
2.847481,927,1079.0,0.6522456001489993,0.1589506001489994,0.060291600148999404,0.5535866001489994,,,,
2.84856,927,1079.0,-0.5316623998510006,-0.5316623998510006,0.2576096001489994,1.5401766001489994,,,,
2.849639,927,1079.0,-0.6303213998510006,-1.0249573998510007,0.4549276001489994,1.3428586001489993,,,,
2.850718,927,1079.0,-0.33434439985100056,-0.1370263998510006,-0.1370263998510006,0.4549276001489994,,,,
2.851797,927,1079.0,0.7509046001489994,0.6522456001489993,-0.2356853998510006,-0.43300339985100056,,,,
2.852876,927,1079.0,0.8495636001489993,1.0468816001489993,-0.1370263998510006,-0.33434439985100056,,,,
2.853955,927,1079.0,0.5535866001489994,0.4549276001489994,0.060291600148999404,0.7509046001489994,,,,
2.855034,927,1079.0,-0.2356853998510006,-0.6303213998510006,0.5535866001489994,1.7374946001489993,,,,
2.856113,927,1079.0,-0.7289803998510006,-0.7289803998510006,0.5535866001489994,1.8361536001489993,,,,
2.857192,927,1079.0,-0.03836739985100059,-0.2356853998510006,0.4549276001489994,1.0468816001489993,,,,
2.858271,927,1079.0,0.5535866001489994,1.0468816001489993,0.060291600148999404,0.4549276001489994,,,,
2.85935,927,1079.0,1.2441996001489994,1.1455406001489994,0.3562686001489994,0.4549276001489994,,,,
2.860429,927,1079.0,0.6522456001489993,0.8495636001489993,0.5535866001489994,1.6388356001489994,,,,
2.861508,927,1079.0,0.1589506001489994,-0.33434439985100056,1.0468816001489993,2.7240846001489993,,,,
2.862587,927,1079.0,-0.6303213998510006,-0.5316623998510006,1.0468816001489993,2.7240846001489993,,,,
2.863666,927,1079.0,-0.03836739985100059,-0.03836739985100059,0.7509046001489994,1.7374946001489993,,,,
2.864745,927,1079.0,0.7509046001489994,0.9482226001489994,0.4549276001489994,0.6522456001489993,,,,
2.865824,927,1079.0,1.1455406001489994,1.5401766001489994,0.2576096001489994,0.5535866001489994,,,,
2.866903,927,1079.0,0.9482226001489994,0.8495636001489993,0.7509046001489994,1.4415176001489993,,,,
2.867982,927,1079.0,-0.1370263998510006,-0.03836739985100059,0.9482226001489994,2.6254256001489993,,,,
2.869061,927,1079.0,-0.5316623998510006,-0.8276393998510005,1.2441996001489994,2.7240846001489993,,,,
2.87014,927,1079.0,-0.5316623998510006,-0.03836739985100059,0.6522456001489993,1.7374946001489993,,,,
2.871219,927,1079.0,0.6522456001489993,0.6522456001489993,0.3562686001489994,0.5535866001489994,,,,
2.872298,927,1079.0,0.9482226001489994,1.5401766001489994,0.2576096001489994,0.3562686001489994,,,,
2.873377,927,1079.0,0.9482226001489994,0.9482226001489994,0.6522456001489993,1.4415176001489993,,,,
2.874456,927,1079.0,-0.03836739985100059,-0.03836739985100059,1.2441996001489994,2.8227436001489994,,,,
2.875535,927,1079.0,-0.5316623998510006,-0.5316623998510006,1.3428586001489993,3.316038600148999,,,,
2.876614,927,1079.0,-0.33434439985100056,-0.2356853998510006,1.2441996001489994,2.5267666001489992,,,,
2.877693,927,1079.0,0.4549276001489994,1.0468816001489993,0.6522456001489993,1.4415176001489993,,,,
2.878772,927,1079.0,1.3428586001489993,1.5401766001489994,0.7509046001489994,1.0468816001489993,,,,
2.879851,927,1079.0,0.9482226001489994,1.5401766001489994,0.9482226001489994,2.1321306001489995,,,,
2.88093,927,1079.0,0.5535866001489994,0.2576096001489994,1.6388356001489994,3.5133566001489993,,,,
2.882009,927,1079.0,-0.5316623998510006,-0.1370263998510006,1.7374946001489993,4.006651600149,,,,
2.883088,927,1079.0,-0.1370263998510006,-0.1370263998510006,1.5401766001489994,3.217379600148999,,,,
2.884167,927,1079.0,0.3562686001489994,0.9482226001489994,0.9482226001489994,1.7374946001489993,,,,
2.885246,927,1079.0,1.2441996001489994,1.7374946001489993,0.6522456001489993,1.0468816001489993,,,,
2.886325,927,1079.0,1.0468816001489993,1.4415176001489993,0.9482226001489994,1.6388356001489994,,,,
2.887404,927,1079.0,0.2576096001489994,0.5535866001489994,1.3428586001489993,3.217379600148999,,,,
2.888483,927,1079.0,-0.43300339985100056,-0.5316623998510006,1.7374946001489993,3.7106746001489994,,,,
2.889562,927,1079.0,-0.6303213998510006,-0.2356853998510006,1.3428586001489993,3.118720600148999,,,,
2.890641,927,1079.0,0.3562686001489994,0.5535866001489994,0.9482226001489994,1.5401766001489994,,,,
2.89172,927,1079.0,0.8495636001489993,1.6388356001489994,0.4549276001489994,0.7509046001489994,,,,
2.892799,927,1079.0,1.1455406001489994,1.4415176001489993,0.7509046001489994,1.4415176001489993,,,,
2.893878,927,1079.0,0.2576096001489994,0.6522456001489993,1.2441996001489994,3.0200616001489995,,,,
2.894957,927,1079.0,-0.33434439985100056,-0.33434439985100056,1.7374946001489993,4.006651600149,,,,
2.896036,927,1079.0,-0.5316623998510006,-0.33434439985100056,1.8361536001489993,3.7106746001489994,,,,
2.897115,927,1079.0,0.2576096001489994,0.6522456001489993,1.2441996001489994,2.5267666001489992,,,,
2.898194,927,1079.0,1.1455406001489994,1.5401766001489994,1.0468816001489993,1.3428586001489993,,,,
2.899273,927,1079.0,1.1455406001489994,1.9348126001489994,0.8495636001489993,1.7374946001489993,,,,
2.900352,927,1079.0,0.8495636001489993,0.8495636001489993,1.5401766001489994,3.217379600148999,,,,
2.901431,927,1079.0,-0.2356853998510006,0.1589506001489994,1.8361536001489993,4.302628600148999,,,,
2.90251,927,1079.0,-0.33434439985100056,-0.33434439985100056,2.0334716001489994,4.105310600148999,,,,
2.903589,927,1079.0,0.060291600148999404,0.6522456001489993,1.3428586001489993,2.8227436001489994,,,,
2.904668,927,1079.0,1.1455406001489994,1.4415176001489993,0.8495636001489993,1.3428586001489993,,,,
2.905747,927,1079.0,1.1455406001489994,1.7374946001489993,0.8495636001489993,1.2441996001489994,,,,
2.906826,927,1079.0,0.7509046001489994,0.9482226001489994,1.0468816001489993,2.5267666001489992,,,,
2.907905,927,1079.0,-0.1370263998510006,-0.1370263998510006,1.6388356001489994,3.6120156001489994,,,,
2.908984,927,1079.0,-0.6303213998510006,-0.33434439985100056,1.5401766001489994,3.6120156001489994,,,,
2.910063,927,1079.0,0.060291600148999404,0.060291600148999404,1.2441996001489994,2.329448600148999,,,,
2.911142,927,1079.0,0.5535866001489994,1.3428586001489993,0.5535866001489994,1.0468816001489993,,,,
2.912221,927,1079.0,1.2441996001489994,1.4415176001489993,0.6522456001489993,0.8495636001489993,,,,
2.9133,927,1079.0,0.6522456001489993,1.0468816001489993,0.8495636001489993,2.0334716001489994,,,,
2.914379,927,1079.0,-0.03836739985100059,-0.03836739985100059,1.4415176001489993,3.316038600148999,,,,
2.915458,927,1079.0,-0.6303213998510006,-0.43300339985100056,1.7374946001489993,3.7106746001489994,,,,
2.916537,927,1079.0,-0.1370263998510006,0.1589506001489994,1.3428586001489993,2.9214026001489994,,,,
2.917616,927,1079.0,0.7509046001489994,1.0468816001489993,0.9482226001489994,1.5401766001489994,,,,
2.918695,927,1079.0,1.1455406001489994,1.8361536001489993,0.6522456001489993,1.0468816001489993,,,,
2.919774,927,1079.0,1.0468816001489993,1.1455406001489994,1.0468816001489993,2.0334716001489994,,,,
2.920853,927,1079.0,0.060291600148999404,0.3562686001489994,1.3428586001489993,3.4146976001489993,,,,
2.921932,927,1079.0,-0.2356853998510006,-0.43300339985100056,1.7374946001489993,3.7106746001489994,,,,
2.923011,927,1079.0,-0.2356853998510006,0.1589506001489994,1.3428586001489993,2.9214026001489994,,,,
2.92409,927,1079.0,0.7509046001489994,0.8495636001489993,0.8495636001489993,1.4415176001489993,,,,
2.925169,927,1079.0,1.0468816001489993,1.5401766001489994,0.4549276001489994,0.6522456001489993,,,,
2.926248,927,1079.0,0.9482226001489994,1.0468816001489993,0.4549276001489994,1.2441996001489994,,,,
2.927327,927,1079.0,0.060291600148999404,0.1589506001489994,0.9482226001489994,2.329448600148999,,,,
2.928406,927,1079.0,-0.6303213998510006,-0.43300339985100056,1.0468816001489993,2.8227436001489994,,,,
2.929485,927,1079.0,-0.33434439985100056,-0.43300339985100056,0.9482226001489994,2.2307896001489995,,,,
2.930564,927,1079.0,0.2576096001489994,0.6522456001489993,0.3562686001489994,1.0468816001489993,,,,
2.931643,927,1079.0,0.9482226001489994,1.0468816001489993,0.2576096001489994,0.1589506001489994,,,,
2.932722,927,1079.0,0.7509046001489994,1.1455406001489994,0.1589506001489994,0.7509046001489994,,,,
2.933801,927,1079.0,0.2576096001489994,0.060291600148999404,0.6522456001489993,1.8361536001489993,,,,
2.93488,927,1079.0,-0.5316623998510006,-0.43300339985100056,0.9482226001489994,2.7240846001489993,,,,
2.935959,927,1079.0,-0.2356853998510006,-0.33434439985100056,0.9482226001489994,2.329448600148999,,,,
2.937038,927,1079.0,0.3562686001489994,0.4549276001489994,0.5535866001489994,1.2441996001489994,,,,
2.938117,927,1079.0,0.9482226001489994,1.2441996001489994,0.2576096001489994,0.4549276001489994,,,,
2.939196,927,1079.0,1.0468816001489993,1.0468816001489993,0.3562686001489994,0.7509046001489994,,,,
2.940275,927,1079.0,0.3562686001489994,0.4549276001489994,0.5535866001489994,1.7374946001489993,,,,
2.941354,927,1079.0,-0.2356853998510006,-0.5316623998510006,0.9482226001489994,2.329448600148999,,,,
2.942433,927,1079.0,-0.43300339985100056,-0.2356853998510006,0.6522456001489993,2.1321306001489995,,,,
2.943512,927,1079.0,0.3562686001489994,0.2576096001489994,0.4549276001489994,1.0468816001489993,,,,
2.944591,927,1079.0,0.7509046001489994,1.0468816001489993,0.060291600148999404,0.060291600148999404,,,,
2.94567,927,1079.0,0.9482226001489994,0.8495636001489993,-0.1370263998510006,0.060291600148999404,,,,
2.946749,927,1079.0,0.2576096001489994,0.1589506001489994,0.060291600148999404,0.7509046001489994,,,,
2.947828,927,1079.0,-0.43300339985100056,-0.6303213998510006,0.2576096001489994,1.3428586001489993,,,,
2.948907,927,1079.0,-0.5316623998510006,-0.7289803998510006,0.2576096001489994,1.1455406001489994,,,,
2.949986,927,1079.0,-0.03836739985100059,-0.03836739985100059,-0.03836739985100059,0.3562686001489994,,,,
2.951065,927,1079.0,0.6522456001489993,0.5535866001489994,-0.1370263998510006,-0.43300339985100056,,,,
2.952144,927,1079.0,0.7509046001489994,0.7509046001489994,-0.33434439985100056,-0.33434439985100056,,,,
2.953223,927,1079.0,0.4549276001489994,-0.03836739985100059,-0.03836739985100059,0.3562686001489994,,,,
2.954302,927,1079.0,-0.43300339985100056,-0.5316623998510006,0.060291600148999404,1.0468816001489993,,,,
2.955381,927,1079.0,-0.33434439985100056,-0.7289803998510006,0.1589506001489994,1.0468816001489993,,,,
2.95646,927,1079.0,-0.03836739985100059,-0.03836739985100059,-0.03836739985100059,0.4549276001489994,,,,
2.957539,927,1079.0,0.7509046001489994,0.6522456001489993,-0.2356853998510006,-0.2356853998510006,,,,
2.958618,927,1079.0,0.9482226001489994,0.7509046001489994,-0.1370263998510006,-0.1370263998510006,,,,
2.959697,927,1079.0,0.4549276001489994,0.2576096001489994,-0.1370263998510006,0.5535866001489994,,,,
2.960776,927,1079.0,-0.1370263998510006,-0.5316623998510006,0.2576096001489994,1.0468816001489993,,,,
2.961855,927,1079.0,-0.5316623998510006,-0.6303213998510006,-0.03836739985100059,1.0468816001489993,,,,
2.962934,927,1079.0,0.060291600148999404,-0.2356853998510006,-0.1370263998510006,0.1589506001489994,,,,
2.964013,927,1079.0,0.4549276001489994,0.5535866001489994,-0.5316623998510006,-0.6303213998510006,,,,
2.965092,927,1079.0,0.8495636001489993,0.5535866001489994,-0.5316623998510006,-0.7289803998510006,,,,
2.966171,927,1079.0,0.2576096001489994,0.1589506001489994,-0.5316623998510006,-0.2356853998510006,,,,
2.96725,927,1079.0,-0.2356853998510006,-0.8276393998510005,-0.33434439985100056,0.3562686001489994,,,,
2.968329,927,1079.0,-0.6303213998510006,-1.0249573998510007,-0.33434439985100056,0.1589506001489994,,,,
2.969408,927,1079.0,-0.2356853998510006,-0.5316623998510006,-0.6303213998510006,-0.43300339985100056,,,,
2.970487,927,1079.0,0.4549276001489994,0.1589506001489994,-0.6303213998510006,-1.1236163998510005,,,,
2.971566,927,1079.0,0.6522456001489993,0.5535866001489994,-0.8276393998510005,-1.0249573998510007,,,,
2.972645,927,1079.0,0.4549276001489994,-0.1370263998510006,-0.43300339985100056,-0.43300339985100056,,,,
2.973724,927,1079.0,-0.33434439985100056,-0.6303213998510006,-0.43300339985100056,0.2576096001489994,,,,
2.974803,927,1079.0,-0.43300339985100056,-0.9262983998510006,-0.2356853998510006,0.3562686001489994,,,,
2.975882,927,1079.0,-0.2356853998510006,-0.33434439985100056,-0.5316623998510006,-0.2356853998510006,,,,
2.976961,927,1079.0,0.5535866001489994,0.2576096001489994,-0.5316623998510006,-0.8276393998510005,,,,
2.97804,927,1079.0,0.7509046001489994,0.6522456001489993,-0.5316623998510006,-0.6303213998510006,,,,
2.979119,927,1079.0,0.6522456001489993,0.1589506001489994,-0.33434439985100056,0.060291600148999404,,,,
2.980198,927,1079.0,-0.03836739985100059,-0.5316623998510006,-0.03836739985100059,0.5535866001489994,,,,
2.981277,927,1079.0,-0.43300339985100056,-0.8276393998510005,-0.2356853998510006,0.5535866001489994,,,,
2.982356,927,1079.0,-0.1370263998510006,-0.5316623998510006,-0.33434439985100056,-0.2356853998510006,,,,
2.983435,927,1079.0,0.2576096001489994,0.3562686001489994,-0.8276393998510005,-1.0249573998510007,,,,
2.984514,927,1079.0,0.8495636001489993,0.5535866001489994,-0.7289803998510006,-1.1236163998510005,,,,
2.985593,927,1079.0,0.3562686001489994,0.2576096001489994,-0.6303213998510006,-0.5316623998510006,,,,
2.986672,927,1079.0,-0.1370263998510006,-0.7289803998510006,-0.33434439985100056,0.1589506001489994,,,,
2.987751,927,1079.0,-0.6303213998510006,-1.0249573998510007,-0.43300339985100056,0.1589506001489994,,,,
2.98883,927,1079.0,-0.33434439985100056,-0.7289803998510006,-0.7289803998510006,-0.6303213998510006,,,,
2.989909,927,1079.0,0.1589506001489994,0.060291600148999404,-0.9262983998510006,-1.4195933998510006,,,,
2.990988,927,1079.0,0.6522456001489993,0.5535866001489994,-0.9262983998510006,-1.4195933998510006,,,,
2.992067,927,1079.0,0.5535866001489994,0.060291600148999404,-0.6303213998510006,-0.6303213998510006,,,,
2.993146,927,1079.0,-0.1370263998510006,-0.43300339985100056,-0.33434439985100056,0.3562686001489994,,,,
2.994225,927,1079.0,-0.5316623998510006,-1.0249573998510007,-0.03836739985100059,0.5535866001489994,,,,
2.995304,927,1079.0,-0.43300339985100056,-0.6303213998510006,-0.33434439985100056,0.060291600148999404,,,,
2.996383,927,1079.0,0.3562686001489994,0.060291600148999404,-0.5316623998510006,-0.8276393998510005,,,,
2.997462,927,1079.0,0.8495636001489993,0.7509046001489994,-0.6303213998510006,-0.8276393998510005,,,,
2.998541,927,1079.0,0.8495636001489993,0.4549276001489994,-0.33434439985100056,0.060291600148999404,,,,
2.99962,927,1079.0,0.060291600148999404,-0.2356853998510006,0.060291600148999404,0.8495636001489993,,,,
3.000699,927,1079.0,-0.43300339985100056,-0.8276393998510005,0.1589506001489994,1.0468816001489993,,,,
3.001778,927,1079.0,-0.2356853998510006,-0.7289803998510006,-0.1370263998510006,0.3562686001489994,,,,
3.002857,927,1079.0,0.2576096001489994,0.2576096001489994,-0.6303213998510006,-0.6303213998510006,,,,
3.003936,927,1079.0,0.8495636001489993,0.5535866001489994,-0.6303213998510006,-1.0249573998510007,,,,
3.005015,927,1079.0,0.6522456001489993,0.5535866001489994,-0.5316623998510006,-0.43300339985100056,,,,
3.006094,927,1079.0,0.1589506001489994,-0.43300339985100056,-0.03836739985100059,0.5535866001489994,,,,
3.007173,927,1079.0,-0.6303213998510006,-0.9262983998510006,0.060291600148999404,0.9482226001489994,,,,
3.008252,927,1079.0,-0.43300339985100056,-0.9262983998510006,-0.1370263998510006,0.3562686001489994,,,,
3.009331,927,1079.0,-0.03836739985100059,-0.03836739985100059,-0.5316623998510006,-0.7289803998510006,,,,
3.01041,927,1079.0,0.6522456001489993,0.6522456001489993,-0.7289803998510006,-1.1236163998510005,,,,
3.011489,927,1079.0,0.7509046001489994,0.5535866001489994,-0.43300339985100056,-0.43300339985100056,,,,
3.012568,927,1079.0,0.1589506001489994,-0.03836739985100059,-0.03836739985100059,0.7509046001489994,,,,
3.013647,927,1079.0,-0.33434439985100056,-0.8276393998510005,0.4549276001489994,1.5401766001489994,,,,
3.014726,927,1079.0,-0.5316623998510006,-0.6303213998510006,0.2576096001489994,1.3428586001489993,,,,
3.015805,927,1079.0,0.1589506001489994,-0.03836739985100059,0.060291600148999404,0.2576096001489994,,,,
3.016884,927,1079.0,0.6522456001489993,0.9482226001489994,-0.2356853998510006,-0.2356853998510006,,,,
3.017963,927,1079.0,1.0468816001489993,0.9482226001489994,-0.03836739985100059,0.2576096001489994,,,,
3.019042,927,1079.0,0.3562686001489994,0.4549276001489994,0.4549276001489994,1.3428586001489993,,,,
3.020121,927,1079.0,-0.1370263998510006,-0.43300339985100056,0.7509046001489994,2.1321306001489995,,,,
3.0212,927,1079.0,-0.43300339985100056,-0.5316623998510006,0.6522456001489993,1.8361536001489993,,,,
3.022279,927,1079.0,0.060291600148999404,0.060291600148999404,0.1589506001489994,0.8495636001489993,,,,
3.023358,927,1079.0,0.7509046001489994,0.7509046001489994,-0.03836739985100059,-0.1370263998510006,,,,
3.024437,927,1079.0,0.8495636001489993,1.0468816001489993,-0.1370263998510006,0.060291600148999404,,,,
3.025516,927,1079.0,0.4549276001489994,0.3562686001489994,0.3562686001489994,0.9482226001489994,,,,
3.026595,927,1079.0,-0.33434439985100056,-0.43300339985100056,0.5535866001489994,2.0334716001489994,,,,
3.027674,927,1079.0,-0.5316623998510006,-0.7289803998510006,0.6522456001489993,1.8361536001489993,,,,
3.028753,927,1079.0,-0.2356853998510006,-0.03836739985100059,0.2576096001489994,0.9482226001489994,,,,
3.029832,927,1079.0,0.6522456001489993,0.6522456001489993,0.060291600148999404,0.060291600148999404,,,,
3.030911,927,1079.0,0.8495636001489993,1.0468816001489993,0.060291600148999404,0.1589506001489994,,,,
3.03199,927,1079.0,0.5535866001489994,0.5535866001489994,0.3562686001489994,1.2441996001489994,,,,
3.033069,927,1079.0,-0.1370263998510006,-0.2356853998510006,1.0468816001489993,2.428107600148999,,,,
3.034148,927,1079.0,-0.43300339985100056,-0.43300339985100056,1.0468816001489993,2.8227436001489994,,,,
3.035227,927,1079.0,-0.03836739985100059,-0.03836739985100059,1.0468816001489993,2.0334716001489994,,,,
3.036306,927,1079.0,0.5535866001489994,0.9482226001489994,0.5535866001489994,1.0468816001489993,,,,
3.037385,927,1079.0,1.1455406001489994,1.3428586001489993,0.5535866001489994,0.9482226001489994,,,,
3.038464,927,1079.0,0.7509046001489994,1.0468816001489993,0.7509046001489994,1.8361536001489993,,,,
3.039543,927,1079.0,0.1589506001489994,0.1589506001489994,1.3428586001489993,2.9214026001489994,,,,
3.040622,927,1079.0,-0.33434439985100056,-0.2356853998510006,1.3428586001489993,3.316038600148999,,,,
3.041701,927,1079.0,-0.03836739985100059,0.060291600148999404,1.1455406001489994,2.5267666001489992,,,,
3.04278,927,1079.0,0.5535866001489994,0.7509046001489994,0.8495636001489993,1.3428586001489993,,,,
3.043859,927,1079.0,0.9482226001489994,1.3428586001489993,0.4549276001489994,0.9482226001489994,,,,
3.044938,927,1079.0,0.8495636001489993,0.9482226001489994,0.7509046001489994,1.3428586001489993,,,,
3.046017,927,1079.0,0.060291600148999404,0.2576096001489994,0.9482226001489994,2.428107600148999,,,,
3.047096,927,1079.0,-0.33434439985100056,-0.43300339985100056,1.2441996001489994,2.9214026001489994,,,,
3.048175,927,1079.0,-0.33434439985100056,-0.03836739985100059,1.0468816001489993,2.5267666001489992,,,,
3.049254,927,1079.0,0.3562686001489994,0.5535866001489994,0.8495636001489993,1.5401766001489994,,,,
3.050333,927,1079.0,0.8495636001489993,1.2441996001489994,0.5535866001489994,1.0468816001489993,,,,
3.051412,927,1079.0,0.8495636001489993,1.1455406001489994,0.7509046001489994,1.5401766001489994,,,,
3.052491,927,1079.0,0.1589506001489994,0.4549276001489994,1.2441996001489994,2.7240846001489993,,,,
3.05357,927,1079.0,-0.2356853998510006,-0.03836739985100059,1.4415176001489993,3.5133566001489993,,,,
3.054649,927,1079.0,-0.1370263998510006,0.060291600148999404,1.6388356001489994,3.217379600148999,,,,
3.055728,927,1079.0,0.3562686001489994,0.8495636001489993,1.2441996001489994,2.428107600148999,,,,
3.056807,927,1079.0,1.0468816001489993,1.4415176001489993,1.1455406001489994,1.8361536001489993,,,,
3.057886,927,1079.0,0.9482226001489994,1.4415176001489993,1.0468816001489993,2.2307896001489995,,,,
3.058965,927,1079.0,0.5535866001489994,0.6522456001489993,1.4415176001489993,3.0200616001489995,,,,
3.060044,927,1079.0,-0.1370263998510006,0.1589506001489994,1.6388356001489994,3.6120156001489994,,,,
3.061123,927,1079.0,-0.03836739985100059,0.060291600148999404,1.6388356001489994,3.5133566001489993,,,,
3.062202,927,1079.0,0.2576096001489994,0.6522456001489993,1.4415176001489993,2.6254256001489993,,,,
3.063281,927,1079.0,0.8495636001489993,1.3428586001489993,1.0468816001489993,1.8361536001489993,,,,
3.06436,927,1079.0,0.8495636001489993,1.2441996001489994,0.9482226001489994,1.7374946001489993,,,,
3.065439,927,1079.0,0.2576096001489994,0.7509046001489994,1.0468816001489993,2.428107600148999,,,,
3.066518,927,1079.0,-0.1370263998510006,-0.03836739985100059,1.3428586001489993,3.0200616001489995,,,,
3.067597,927,1079.0,-0.33434439985100056,-0.03836739985100059,1.3428586001489993,3.0200616001489995,,,,
3.068676,927,1079.0,0.1589506001489994,0.4549276001489994,1.3428586001489993,2.428107600148999,,,,
3.069755,927,1079.0,0.6522456001489993,1.1455406001489994,1.0468816001489993,1.8361536001489993,,,,
3.070834,927,1079.0,0.8495636001489993,1.2441996001489994,1.0468816001489993,1.8361536001489993,,,,
3.071913,927,1079.0,0.4549276001489994,0.7509046001489994,1.1455406001489994,2.5267666001489992,,,,
3.072992,927,1079.0,-0.03836739985100059,0.1589506001489994,1.3428586001489993,3.217379600148999,,,,
3.074071,927,1079.0,-0.1370263998510006,0.060291600148999404,1.6388356001489994,3.316038600148999,,,,
3.07515,927,1079.0,0.2576096001489994,0.6522456001489993,1.4415176001489993,2.8227436001489994,,,,
3.076229,927,1079.0,0.8495636001489993,1.2441996001489994,1.3428586001489993,2.428107600148999,,,,
3.077308,927,1079.0,0.9482226001489994,1.4415176001489993,1.2441996001489994,2.428107600148999,,,,
3.078387,927,1079.0,0.7509046001489994,0.8495636001489993,1.3428586001489993,2.7240846001489993,,,,
3.079466,927,1079.0,0.060291600148999404,0.3562686001489994,1.4415176001489993,3.217379600148999,,,,
3.080545,927,1079.0,0.060291600148999404,0.060291600148999404,1.5401766001489994,3.217379600148999,,,,
3.081624,927,1079.0,0.1589506001489994,0.5535866001489994,1.3428586001489993,2.6254256001489993,,,,
3.082703,927,1079.0,0.6522456001489993,1.0468816001489993,1.0468816001489993,2.0334716001489994,,,,
3.083782,927,1079.0,0.8495636001489993,1.1455406001489994,0.9482226001489994,1.7374946001489993,,,,
3.084861,927,1079.0,0.4549276001489994,0.7509046001489994,0.9482226001489994,2.0334716001489994,,,,
3.08594,927,1079.0,-0.03836739985100059,0.060291600148999404,1.1455406001489994,2.428107600148999,,,,
3.087019,927,1079.0,-0.33434439985100056,-0.03836739985100059,0.9482226001489994,2.5267666001489992,,,,
3.088098,927,1079.0,0.060291600148999404,0.1589506001489994,1.0468816001489993,2.0334716001489994,,,,
3.089177,927,1079.0,0.4549276001489994,0.8495636001489993,0.7509046001489994,1.6388356001489994,,,,
3.090256,927,1079.0,0.8495636001489993,0.9482226001489994,0.8495636001489993,1.5401766001489994,,,,
3.091335,927,1079.0,0.4549276001489994,0.7509046001489994,0.8495636001489993,1.9348126001489994,,,,
3.092414,927,1079.0,0.060291600148999404,0.1589506001489994,1.0468816001489993,2.428107600148999,,,,
3.093493,927,1079.0,-0.1370263998510006,0.060291600148999404,1.0468816001489993,2.5267666001489992,,,,
3.094572,927,1079.0,0.1589506001489994,0.3562686001489994,0.9482226001489994,2.1321306001489995,,,,
3.095651,927,1079.0,0.6522456001489993,0.9482226001489994,0.9482226001489994,1.7374946001489993,,,,
3.09673,927,1079.0,0.8495636001489993,1.2441996001489994,0.9482226001489994,1.8361536001489993,,,,
3.097809,927,1079.0,0.7509046001489994,0.7509046001489994,1.0468816001489993,2.1321306001489995,,,,
3.098888,927,1079.0,0.1589506001489994,0.2576096001489994,0.9482226001489994,2.428107600148999,,,,
3.099967,927,1079.0,-0.03836739985100059,-0.1370263998510006,0.9482226001489994,2.329448600148999,,,,
3.101046,927,1079.0,-0.03836739985100059,0.2576096001489994,0.6522456001489993,1.7374946001489993,,,,
3.102125,927,1079.0,0.5535866001489994,0.6522456001489993,0.5535866001489994,1.0468816001489993,,,,
3.103204,927,1079.0,0.6522456001489993,0.9482226001489994,0.4549276001489994,0.9482226001489994,,,,
3.104283,927,1079.0,0.5535866001489994,0.5535866001489994,0.5535866001489994,1.2441996001489994,,,,
3.105362,927,1079.0,-0.03836739985100059,-0.03836739985100059,0.5535866001489994,1.6388356001489994,,,,
3.106441,927,1079.0,-0.43300339985100056,-0.33434439985100056,0.4549276001489994,1.4415176001489993,,,,
3.10752,927,1079.0,-0.1370263998510006,-0.1370263998510006,0.3562686001489994,0.9482226001489994,,,,
3.108599,927,1079.0,0.2576096001489994,0.5535866001489994,0.060291600148999404,0.5535866001489994,,,,
3.109678,927,1079.0,0.7509046001489994,0.7509046001489994,0.1589506001489994,0.4549276001489994,,,,
3.110757,927,1079.0,0.4549276001489994,0.5535866001489994,0.3562686001489994,1.0468816001489993,,,,
3.111836,927,1079.0,0.1589506001489994,-0.1370263998510006,0.5535866001489994,1.4415176001489993,,,,
3.112915,927,1079.0,-0.33434439985100056,-0.33434439985100056,0.4549276001489994,1.6388356001489994,,,,
3.113994,927,1079.0,-0.03836739985100059,-0.1370263998510006,0.3562686001489994,1.0468816001489993,,,,
3.115073,927,1079.0,0.4549276001489994,0.4549276001489994,0.2576096001489994,0.5535866001489994,,,,
3.116152,927,1079.0,0.8495636001489993,0.8495636001489993,0.1589506001489994,0.5535866001489994,,,,
3.117231,927,1079.0,0.7509046001489994,0.5535866001489994,0.3562686001489994,0.9482226001489994,,,,
3.11831,927,1079.0,0.1589506001489994,0.060291600148999404,0.4549276001489994,1.4415176001489993,,,,
3.119389,927,1079.0,-0.1370263998510006,-0.43300339985100056,0.4549276001489994,1.4415176001489993,,,,
3.120468,927,1079.0,-0.2356853998510006,-0.2356853998510006,0.060291600148999404,0.7509046001489994,,,,
3.121547,927,1079.0,0.3562686001489994,0.2576096001489994,-0.1370263998510006,-0.03836739985100059,,,,
3.122626,927,1079.0,0.6522456001489993,0.6522456001489993,-0.33434439985100056,-0.33434439985100056,,,,
3.123705,927,1079.0,0.5535866001489994,0.4549276001489994,-0.1370263998510006,0.060291600148999404,,,,
3.124784,927,1079.0,0.060291600148999404,-0.2356853998510006,0.060291600148999404,0.6522456001489993,,,,
3.125863,927,1079.0,-0.33434439985100056,-0.7289803998510006,-0.03836739985100059,0.7509046001489994,,,,
3.126942,927,1079.0,-0.33434439985100056,-0.7289803998510006,-0.2356853998510006,0.1589506001489994,,,,
3.128021,927,1079.0,0.060291600148999404,-0.03836739985100059,-0.5316623998510006,-0.5316623998510006,,,,
3.1291,927,1079.0,0.5535866001489994,0.4549276001489994,-0.5316623998510006,-0.8276393998510005,,,,
3.130179,927,1079.0,0.4549276001489994,0.4549276001489994,-0.43300339985100056,-0.33434439985100056,,,,
3.131258,927,1079.0,0.1589506001489994,-0.2356853998510006,-0.03836739985100059,0.4549276001489994,,,,
3.132337,927,1079.0,-0.33434439985100056,-0.6303213998510006,0.060291600148999404,0.9482226001489994,,,,
3.133416,927,1079.0,-0.33434439985100056,-0.7289803998510006,-0.03836739985100059,0.5535866001489994,,,,
3.134495,927,1079.0,0.060291600148999404,0.060291600148999404,-0.33434439985100056,-0.2356853998510006,,,,
3.135574,927,1079.0,0.7509046001489994,0.5535866001489994,-0.5316623998510006,-0.6303213998510006,,,,
3.136653,927,1079.0,0.7509046001489994,0.6522456001489993,-0.33434439985100056,-0.33434439985100056,,,,
3.137732,927,1079.0,0.2576096001489994,0.060291600148999404,-0.2356853998510006,0.4549276001489994,,,,
3.138811,927,1079.0,-0.1370263998510006,-0.7289803998510006,0.060291600148999404,0.8495636001489993,,,,
3.13989,927,1079.0,-0.43300339985100056,-0.6303213998510006,-0.1370263998510006,0.4549276001489994,,,,
3.140969,927,1079.0,0.060291600148999404,-0.2356853998510006,-0.5316623998510006,-0.5316623998510006,,,,
3.142048,927,1079.0,0.4549276001489994,0.3562686001489994,-0.8276393998510005,-1.2222753998510005,,,,
3.143127,927,1079.0,0.6522456001489993,0.3562686001489994,-0.7289803998510006,-1.1236163998510005,,,,
3.144206,927,1079.0,0.1589506001489994,-0.1370263998510006,-0.5316623998510006,-0.33434439985100056,,,,
3.145285,927,1079.0,-0.2356853998510006,-0.8276393998510005,-0.33434439985100056,0.2576096001489994,,,,
3.146364,927,1079.0,-0.5316623998510006,-1.0249573998510007,-0.33434439985100056,0.060291600148999404,,,,
3.147443,927,1079.0,-0.1370263998510006,-0.43300339985100056,-0.6303213998510006,-0.7289803998510006,,,,
3.148522,927,1079.0,0.3562686001489994,0.1589506001489994,-0.9262983998510006,-1.4195933998510006,,,,
3.149601,927,1079.0,0.6522456001489993,0.4549276001489994,-0.9262983998510006,-1.2222753998510005,,,,
3.15068,927,1079.0,0.3562686001489994,-0.03836739985100059,-0.5316623998510006,-0.33434439985100056,,,,
3.151759,927,1079.0,-0.2356853998510006,-0.6303213998510006,-0.2356853998510006,0.5535866001489994,,,,
3.152838,927,1079.0,-0.33434439985100056,-0.9262983998510006,-0.1370263998510006,0.6522456001489993,,,,
3.153917,927,1079.0,-0.1370263998510006,-0.33434439985100056,-0.33434439985100056,-0.1370263998510006,,,,
3.154996,927,1079.0,0.5535866001489994,0.2576096001489994,-0.5316623998510006,-0.7289803998510006,,,,
3.156075,927,1079.0,0.7509046001489994,0.6522456001489993,-0.7289803998510006,-0.9262983998510006,,,,
3.157154,927,1079.0,0.5535866001489994,0.2576096001489994,-0.5316623998510006,-0.33434439985100056,,,,
3.158233,927,1079.0,-0.03836739985100059,-0.43300339985100056,-0.2356853998510006,0.5535866001489994,,,,
3.159312,927,1079.0,-0.43300339985100056,-0.8276393998510005,-0.1370263998510006,0.6522456001489993,,,,
3.160391,927,1079.0,-0.1370263998510006,-0.6303213998510006,-0.33434439985100056,-0.03836739985100059,,,,
3.16147,927,1079.0,0.2576096001489994,0.1589506001489994,-0.7289803998510006,-0.9262983998510006,,,,
3.162549,927,1079.0,0.6522456001489993,0.3562686001489994,-0.8276393998510005,-1.3209343998510006,,,,
3.163628,927,1079.0,0.3562686001489994,0.1589506001489994,-0.8276393998510005,-0.9262983998510006,,,,
3.164707,927,1079.0,-0.03836739985100059,-0.5316623998510006,-0.5316623998510006,-0.03836739985100059,,,,
3.165786,927,1079.0,-0.5316623998510006,-0.9262983998510006,-0.33434439985100056,0.3562686001489994,,,,
3.166865,927,1079.0,-0.33434439985100056,-0.7289803998510006,-0.43300339985100056,-0.03836739985100059,,,,
3.167944,927,1079.0,0.1589506001489994,-0.03836739985100059,-0.6303213998510006,-0.8276393998510005,,,,
3.169023,927,1079.0,0.5535866001489994,0.4549276001489994,-0.8276393998510005,-1.1236163998510005,,,,
3.170102,927,1079.0,0.4549276001489994,0.2576096001489994,-0.5316623998510006,-0.7289803998510006,,,,
3.171181,927,1079.0,0.060291600148999404,-0.2356853998510006,-0.2356853998510006,0.3562686001489994,,,,
3.17226,927,1079.0,-0.2356853998510006,-0.6303213998510006,0.060291600148999404,0.9482226001489994,,,,
3.173339,927,1079.0,-0.33434439985100056,-0.5316623998510006,0.060291600148999404,0.7509046001489994,,,,
3.174418,927,1079.0,0.2576096001489994,0.060291600148999404,-0.03836739985100059,0.1589506001489994,,,,
3.175497,927,1079.0,0.6522456001489993,0.6522456001489993,-0.2356853998510006,-0.33434439985100056,,,,
3.176576,927,1079.0,0.7509046001489994,0.5535866001489994,-0.33434439985100056,-0.1370263998510006,,,,
3.177655,927,1079.0,0.2576096001489994,-0.03836739985100059,-0.03836739985100059,0.5535866001489994,,,,
3.178734,927,1079.0,-0.1370263998510006,-0.5316623998510006,0.1589506001489994,1.2441996001489994,,,,
3.179813,927,1079.0,-0.2356853998510006,-0.5316623998510006,0.2576096001489994,0.9482226001489994,,,,
3.180892,927,1079.0,0.1589506001489994,-0.03836739985100059,-0.03836739985100059,0.3562686001489994,,,,
3.181971,927,1079.0,0.5535866001489994,0.4549276001489994,-0.33434439985100056,-0.33434439985100056,,,,
3.18305,927,1079.0,0.5535866001489994,0.5535866001489994,-0.43300339985100056,-0.43300339985100056,,,,
3.184129,927,1079.0,0.2576096001489994,-0.03836739985100059,-0.2356853998510006,0.2576096001489994,,,,
3.185208,927,1079.0,-0.33434439985100056,-0.5316623998510006,-0.03836739985100059,0.8495636001489993,,,,
3.186287,927,1079.0,-0.33434439985100056,-0.6303213998510006,0.1589506001489994,0.9482226001489994,,,,
3.187366,927,1079.0,-0.03836739985100059,-0.03836739985100059,0.1589506001489994,0.5535866001489994,,,,
3.188445,927,1079.0,0.4549276001489994,0.4549276001489994,-0.1370263998510006,0.060291600148999404,,,,
3.189524,927,1079.0,0.6522456001489993,0.5535866001489994,-0.03836739985100059,0.1589506001489994,,,,
3.190603,927,1079.0,0.3562686001489994,0.2576096001489994,0.060291600148999404,0.7509046001489994,,,,
3.191682,927,1079.0,-0.03836739985100059,-0.2356853998510006,0.4549276001489994,1.4415176001489993,,,,
3.192761,927,1079.0,-0.2356853998510006,-0.2356853998510006,0.5535866001489994,1.7374946001489993,,,,
3.19384,927,1079.0,0.2576096001489994,0.060291600148999404,0.6522456001489993,1.4415176001489993,,,,
3.194919,927,1079.0,0.5535866001489994,0.7509046001489994,0.4549276001489994,1.0468816001489993,,,,
3.195998,927,1079.0,0.7509046001489994,0.8495636001489993,0.4549276001489994,0.8495636001489993,,,,
3.197077,927,1079.0,0.4549276001489994,0.5535866001489994,0.4549276001489994,1.2441996001489994,,,,
3.198156,927,1079.0,0.060291600148999404,-0.03836739985100059,0.5535866001489994,1.7374946001489993,,,,
3.199235,927,1079.0,-0.1370263998510006,-0.1370263998510006,0.7509046001489994,1.9348126001489994,,,,
3.200314,927,1079.0,0.060291600148999404,0.1589506001489994,0.5535866001489994,1.6388356001489994,,,,
3.201393,927,1079.0,0.4549276001489994,0.5535866001489994,0.5535866001489994,1.0468816001489993,,,,
3.202472,927,1079.0,0.5535866001489994,0.8495636001489993,0.3562686001489994,0.8495636001489993,,,,
3.203551,927,1079.0,0.4549276001489994,0.3562686001489994,0.4549276001489994,1.0468816001489993,,,,
3.20463,927,1079.0,-0.1370263998510006,-0.03836739985100059,0.4549276001489994,1.5401766001489994,,,,
3.205709,927,1079.0,-0.2356853998510006,-0.2356853998510006,0.6522456001489993,1.7374946001489993,,,,
3.206788,927,1079.0,-0.03836739985100059,0.1589506001489994,0.7509046001489994,1.7374946001489993,,,,
3.207867,927,1079.0,0.4549276001489994,0.5535866001489994,0.6522456001489993,1.5401766001489994,,,,
3.208946,927,1079.0,0.6522456001489993,0.8495636001489993,0.7509046001489994,1.5401766001489994,,,,
3.210025,927,1079.0,0.4549276001489994,0.6522456001489993,0.8495636001489993,1.7374946001489993,,,,
3.211104,927,1079.0,0.1589506001489994,0.2576096001489994,0.9482226001489994,2.2307896001489995,,,,
3.212183,927,1079.0,-0.03836739985100059,0.1589506001489994,1.0468816001489993,2.428107600148999,,,,
3.213262,927,1079.0,0.1589506001489994,0.3562686001489994,1.1455406001489994,2.428107600148999,,,,
3.214341,927,1079.0,0.5535866001489994,0.8495636001489993,1.1455406001489994,2.329448600148999,,,,
3.21542,927,1079.0,0.8495636001489993,1.0468816001489993,1.2441996001489994,2.1321306001489995,,,,
3.216499,927,1079.0,0.5535866001489994,0.8495636001489993,1.1455406001489994,2.329448600148999,,,,
3.217578,927,1079.0,0.2576096001489994,0.3562686001489994,1.1455406001489994,2.6254256001489993,,,,
3.218657,927,1079.0,-0.03836739985100059,0.1589506001489994,1.1455406001489994,2.6254256001489993,,,,
3.219736,927,1079.0,0.060291600148999404,0.3562686001489994,1.0468816001489993,2.329448600148999,,,,
3.220815,927,1079.0,0.4549276001489994,0.7509046001489994,1.0468816001489993,2.0334716001489994,,,,
3.221894,927,1079.0,0.6522456001489993,0.9482226001489994,0.9482226001489994,1.9348126001489994,,,,
3.222973,927,1079.0,0.4549276001489994,0.7509046001489994,1.0468816001489993,2.0334716001489994,,,,
3.224052,927,1079.0,0.060291600148999404,0.3562686001489994,1.0468816001489993,2.329448600148999,,,,
3.225131,927,1079.0,-0.1370263998510006,0.060291600148999404,1.0468816001489993,2.428107600148999,,,,
3.22621,927,1079.0,-0.03836739985100059,0.3562686001489994,1.0468816001489993,2.329448600148999,,,,
3.227289,927,1079.0,0.4549276001489994,0.7509046001489994,1.0468816001489993,2.1321306001489995,,,,
3.228368,927,1079.0,0.5535866001489994,1.0468816001489993,1.1455406001489994,2.2307896001489995,,,,
3.229447,927,1079.0,0.5535866001489994,0.8495636001489993,1.2441996001489994,2.6254256001489993,,,,
3.230526,927,1079.0,0.2576096001489994,0.4549276001489994,1.3428586001489993,2.9214026001489994,,,,
3.231605,927,1079.0,0.060291600148999404,0.3562686001489994,1.4415176001489993,3.0200616001489995,,,,
3.232684,927,1079.0,0.1589506001489994,0.4549276001489994,1.4415176001489993,2.9214026001489994,,,,
3.233763,927,1079.0,0.5535866001489994,0.9482226001489994,1.3428586001489993,2.7240846001489993,,,,
3.234842,927,1079.0,0.8495636001489993,1.2441996001489994,1.4415176001489993,2.6254256001489993,,,,
3.235921,927,1079.0,0.7509046001489994,1.0468816001489993,1.4415176001489993,2.9214026001489994,,,,
3.237,927,1079.0,0.3562686001489994,0.5535866001489994,1.5401766001489994,3.217379600148999,,,,
3.238079,927,1079.0,-0.03836739985100059,0.3562686001489994,1.4415176001489993,3.118720600148999,,,,
3.239158,927,1079.0,0.060291600148999404,0.4549276001489994,1.2441996001489994,2.7240846001489993,,,,
3.240237,927,1079.0,0.3562686001489994,0.8495636001489993,1.0468816001489993,2.2307896001489995,,,,
3.241316,927,1079.0,0.6522456001489993,1.1455406001489994,1.0468816001489993,2.0334716001489994,,,,
3.242395,927,1079.0,0.6522456001489993,0.8495636001489993,1.1455406001489994,2.329448600148999,,,,
3.243474,927,1079.0,0.1589506001489994,0.4549276001489994,1.2441996001489994,2.6254256001489993,,,,
3.244553,927,1079.0,-0.03836739985100059,-0.03836739985100059,1.2441996001489994,2.7240846001489993,,,,
3.245632,927,1079.0,-0.1370263998510006,0.2576096001489994,1.1455406001489994,2.428107600148999,,,,
3.246711,927,1079.0,0.3562686001489994,0.6522456001489993,0.9482226001489994,2.0334716001489994,,,,
3.24779,927,1079.0,0.6522456001489993,1.0468816001489993,0.9482226001489994,1.9348126001489994,,,,
3.248869,927,1079.0,0.6522456001489993,0.9482226001489994,1.1455406001489994,2.329448600148999,,,,
3.249948,927,1079.0,0.3562686001489994,0.5535866001489994,1.4415176001489993,2.9214026001489994,,,,
3.251027,927,1079.0,-0.03836739985100059,0.2576096001489994,1.4415176001489993,3.118720600148999,,,,
3.252106,927,1079.0,-0.03836739985100059,0.2576096001489994,1.4415176001489993,2.9214026001489994,,,,
3.253185,927,1079.0,0.3562686001489994,0.8495636001489993,1.1455406001489994,2.428107600148999,,,,
3.254264,927,1079.0,0.8495636001489993,1.1455406001489994,1.1455406001489994,2.1321306001489995,,,,
3.255343,927,1079.0,0.8495636001489993,1.1455406001489994,1.1455406001489994,2.329448600148999,,,,
3.256422,927,1079.0,0.5535866001489994,0.6522456001489993,1.3428586001489993,2.8227436001489994,,,,
3.257501,927,1079.0,-0.03836739985100059,0.1589506001489994,1.3428586001489993,3.0200616001489995,,,,
3.25858,927,1079.0,-0.03836739985100059,0.1589506001489994,1.2441996001489994,2.5267666001489992,,,,
3.259659,927,1079.0,0.2576096001489994,0.5535866001489994,0.8495636001489993,1.7374946001489993,,,,
3.260738,927,1079.0,0.6522456001489993,0.8495636001489993,0.6522456001489993,1.3428586001489993,,,,
3.261817,927,1079.0,0.6522456001489993,0.8495636001489993,0.6522456001489993,1.4415176001489993,,,,
3.262896,927,1079.0,0.2576096001489994,0.4549276001489994,0.8495636001489993,1.9348126001489994,,,,
3.263975,927,1079.0,-0.1370263998510006,-0.03836739985100059,1.0468816001489993,2.329448600148999,,,,
3.265054,927,1079.0,-0.2356853998510006,-0.1370263998510006,0.9482226001489994,2.1321306001489995,,,,
3.266133,927,1079.0,0.1589506001489994,0.2576096001489994,0.6522456001489993,1.4415176001489993,,,,
3.267212,927,1079.0,0.4549276001489994,0.8495636001489993,0.3562686001489994,0.9482226001489994,,,,
3.268291,927,1079.0,0.7509046001489994,0.8495636001489993,0.5535866001489994,1.1455406001489994,,,,
3.26937,927,1079.0,0.4549276001489994,0.5535866001489994,0.7509046001489994,1.8361536001489993,,,,
3.270449,927,1079.0,0.060291600148999404,0.060291600148999404,1.0468816001489993,2.5267666001489992,,,,
3.271528,927,1079.0,-0.1370263998510006,-0.1370263998510006,1.0468816001489993,2.428107600148999,,,,
3.272607,927,1079.0,0.1589506001489994,0.2576096001489994,0.7509046001489994,1.8361536001489993,,,,
3.273686,927,1079.0,0.6522456001489993,0.7509046001489994,0.5535866001489994,1.1455406001489994,,,,
3.274765,927,1079.0,0.7509046001489994,1.0468816001489993,0.4549276001489994,0.9482226001489994,,,,
3.275844,927,1079.0,0.6522456001489993,0.5535866001489994,0.5535866001489994,1.4415176001489993,,,,
3.276923,927,1079.0,0.060291600148999404,0.1589506001489994,0.7509046001489994,2.0334716001489994,,,,
3.278002,927,1079.0,-0.1370263998510006,-0.2356853998510006,0.7509046001489994,1.9348126001489994,,,,
3.279081,927,1079.0,-0.03836739985100059,0.060291600148999404,0.4549276001489994,1.2441996001489994,,,,
3.28016,927,1079.0,0.3562686001489994,0.4549276001489994,0.1589506001489994,0.4549276001489994,,,,
3.281239,927,1079.0,0.5535866001489994,0.7509046001489994,-0.03836739985100059,0.060291600148999404,,,,
3.282318,927,1079.0,0.3562686001489994,0.3562686001489994,0.060291600148999404,0.4549276001489994,,,,
3.283397,927,1079.0,-0.03836739985100059,-0.1370263998510006,0.1589506001489994,1.0468816001489993,,,,
3.284476,927,1079.0,-0.33434439985100056,-0.43300339985100056,0.2576096001489994,1.3428586001489993,,,,
3.285555,927,1079.0,-0.2356853998510006,-0.33434439985100056,0.2576096001489994,0.9482226001489994,,,,
3.286634,927,1079.0,0.2576096001489994,0.2576096001489994,-0.03836739985100059,0.2576096001489994,,,,
3.287713,927,1079.0,0.6522456001489993,0.5535866001489994,-0.1370263998510006,-0.03836739985100059,,,,
3.288792,927,1079.0,0.5535866001489994,0.4549276001489994,-0.1370263998510006,0.3562686001489994,,,,
3.289871,927,1079.0,0.1589506001489994,-0.03836739985100059,0.2576096001489994,1.0468816001489993,,,,
3.29095,927,1079.0,-0.2356853998510006,-0.33434439985100056,0.3562686001489994,1.4415176001489993,,,,
3.292029,927,1079.0,-0.03836739985100059,-0.2356853998510006,0.3562686001489994,1.2441996001489994,,,,
3.293108,927,1079.0,0.3562686001489994,0.2576096001489994,0.1589506001489994,0.5535866001489994,,,,
3.294187,927,1079.0,0.7509046001489994,0.6522456001489993,-0.1370263998510006,-0.03836739985100059,,,,
3.295266,927,1079.0,0.6522456001489993,0.4549276001489994,-0.1370263998510006,-0.03836739985100059,,,,
3.296345,927,1079.0,0.2576096001489994,-0.03836739985100059,-0.03836739985100059,0.5535866001489994,,,,
3.297424,927,1079.0,-0.1370263998510006,-0.43300339985100056,0.1589506001489994,0.9482226001489994,,,,
3.298503,927,1079.0,-0.2356853998510006,-0.5316623998510006,0.060291600148999404,0.7509046001489994,,,,
3.299582,927,1079.0,0.1589506001489994,-0.1370263998510006,-0.2356853998510006,-0.03836739985100059,,,,
3.300661,927,1079.0,0.4549276001489994,0.2576096001489994,-0.5316623998510006,-0.7289803998510006,,,,
3.30174,927,1079.0,0.4549276001489994,0.2576096001489994,-0.7289803998510006,-0.8276393998510005,,,,
3.302819,927,1079.0,0.060291600148999404,-0.1370263998510006,-0.5316623998510006,-0.33434439985100056,,,,
3.303898,927,1079.0,-0.33434439985100056,-0.6303213998510006,-0.33434439985100056,0.1589506001489994,,,,
3.304977,927,1079.0,-0.33434439985100056,-0.7289803998510006,-0.2356853998510006,0.2576096001489994,,,,
3.306056,927,1079.0,-0.03836739985100059,-0.2356853998510006,-0.33434439985100056,-0.1370263998510006,,,,
3.307135,927,1079.0,0.3562686001489994,0.060291600148999404,-0.5316623998510006,-0.6303213998510006,,,,
3.308214,927,1079.0,0.4549276001489994,0.2576096001489994,-0.6303213998510006,-0.7289803998510006,,,,
3.309293,927,1079.0,0.2576096001489994,-0.03836739985100059,-0.43300339985100056,-0.2356853998510006,,,,
3.310372,927,1079.0,-0.1370263998510006,-0.43300339985100056,-0.2356853998510006,0.3562686001489994,,,,
3.311451,927,1079.0,-0.1370263998510006,-0.43300339985100056,-0.03836739985100059,0.5535866001489994,,,,
3.31253,927,1079.0,0.060291600148999404,-0.1370263998510006,-0.1370263998510006,0.2576096001489994,,,,
3.313609,927,1079.0,0.4549276001489994,0.2576096001489994,-0.33434439985100056,-0.33434439985100056,,,,
3.314688,927,1079.0,0.5535866001489994,0.3562686001489994,-0.5316623998510006,-0.6303213998510006,,,,
3.315767,927,1079.0,0.3562686001489994,0.060291600148999404,-0.5316623998510006,-0.33434439985100056,,,,
3.316846,927,1079.0,-0.03836739985100059,-0.43300339985100056,-0.43300339985100056,-0.03836739985100059,,,,
3.317925,927,1079.0,-0.2356853998510006,-0.5316623998510006,-0.33434439985100056,0.1589506001489994,,,,
3.319004,927,1079.0,-0.03836739985100059,-0.43300339985100056,-0.43300339985100056,-0.2356853998510006,,,,
3.320083,927,1079.0,0.1589506001489994,-0.03836739985100059,-0.6303213998510006,-0.7289803998510006,,,,
3.321162,927,1079.0,0.3562686001489994,0.060291600148999404,-0.8276393998510005,-1.1236163998510005,,,,
3.322241,927,1079.0,0.1589506001489994,-0.1370263998510006,-0.9262983998510006,-1.0249573998510007,,,,
3.32332,927,1079.0,-0.1370263998510006,-0.5316623998510006,-0.7289803998510006,-0.5316623998510006,,,,
3.324399,927,1079.0,-0.33434439985100056,-0.6303213998510006,-0.5316623998510006,-0.2356853998510006,,,,
3.325478,927,1079.0,-0.1370263998510006,-0.43300339985100056,-0.43300339985100056,-0.2356853998510006,,,,
3.326557,927,1079.0,0.2576096001489994,-0.03836739985100059,-0.5316623998510006,-0.5316623998510006,,,,
3.327636,927,1079.0,0.3562686001489994,0.1589506001489994,-0.6303213998510006,-0.7289803998510006,,,,
3.328715,927,1079.0,0.3562686001489994,-0.03836739985100059,-0.6303213998510006,-0.5316623998510006,,,,
3.329794,927,1079.0,-0.03836739985100059,-0.2356853998510006,-0.43300339985100056,-0.1370263998510006,,,,
3.330873,927,1079.0,-0.1370263998510006,-0.43300339985100056,-0.2356853998510006,0.2576096001489994,,,,
3.331952,927,1079.0,-0.03836739985100059,-0.1370263998510006,-0.2356853998510006,0.2576096001489994,,,,
3.333031,927,1079.0,0.3562686001489994,0.060291600148999404,-0.2356853998510006,0.060291600148999404,,,,
3.33411,927,1079.0,0.4549276001489994,0.2576096001489994,-0.2356853998510006,-0.2356853998510006,,,,
3.335189,927,1079.0,0.3562686001489994,0.060291600148999404,-0.43300339985100056,-0.2356853998510006,,,,
3.336268,927,1079.0,0.060291600148999404,-0.2356853998510006,-0.33434439985100056,-0.03836739985100059,,,,
3.337347,927,1079.0,-0.1370263998510006,-0.43300339985100056,-0.43300339985100056,0.1589506001489994,,,,
3.338426,927,1079.0,-0.03836739985100059,-0.33434439985100056,-0.33434439985100056,-0.03836739985100059,,,,
3.339505,927,1079.0,0.1589506001489994,-0.03836739985100059,-0.43300339985100056,-0.33434439985100056,,,,
3.340584,927,1079.0,0.3562686001489994,0.060291600148999404,-0.43300339985100056,-0.5316623998510006,,,,
3.341663,927,1079.0,0.1589506001489994,-0.03836739985100059,-0.5316623998510006,-0.5316623998510006,,,,
3.342742,927,1079.0,-0.03836739985100059,-0.33434439985100056,-0.43300339985100056,-0.2356853998510006,,,,
3.343821,927,1079.0,-0.2356853998510006,-0.43300339985100056,-0.33434439985100056,0.060291600148999404,,,,
3.3449,927,1079.0,-0.1370263998510006,-0.2356853998510006,-0.33434439985100056,0.060291600148999404,,,,
3.345979,927,1079.0,0.1589506001489994,0.060291600148999404,-0.2356853998510006,-0.03836739985100059,,,,
3.347058,927,1079.0,0.3562686001489994,0.2576096001489994,-0.2356853998510006,0.060291600148999404,,,,
3.348137,927,1079.0,0.3562686001489994,0.1589506001489994,-0.03836739985100059,0.2576096001489994,,,,
3.349216,927,1079.0,0.1589506001489994,-0.03836739985100059,-0.03836739985100059,0.5535866001489994,,,,
3.350295,927,1079.0,0.060291600148999404,-0.2356853998510006,0.060291600148999404,0.7509046001489994,,,,
3.351374,927,1079.0,0.060291600148999404,-0.03836739985100059,0.1589506001489994,0.7509046001489994,,,,
3.352453,927,1079.0,0.3562686001489994,0.2576096001489994,0.2576096001489994,0.6522456001489993,,,,
3.353532,927,1079.0,0.5535866001489994,0.5535866001489994,0.1589506001489994,0.5535866001489994,,,,
3.354611,927,1079.0,0.5535866001489994,0.3562686001489994,0.2576096001489994,0.7509046001489994,,,,
3.35569,927,1079.0,0.2576096001489994,-0.03836739985100059,0.1589506001489994,0.8495636001489993,,,,
3.356769,927,1079.0,-0.03836739985100059,-0.2356853998510006,0.1589506001489994,0.9482226001489994,,,,
3.357848,927,1079.0,-0.03836739985100059,-0.03836739985100059,0.060291600148999404,0.6522456001489993,,,,
3.358927,927,1079.0,0.1589506001489994,0.2576096001489994,-0.03836739985100059,0.3562686001489994,,,,
3.360006,927,1079.0,0.4549276001489994,0.3562686001489994,0.060291600148999404,0.3562686001489994,,,,
3.361085,927,1079.0,0.2576096001489994,0.2576096001489994,0.060291600148999404,0.5535866001489994,,,,
3.362164,927,1079.0,0.060291600148999404,-0.1370263998510006,0.2576096001489994,0.9482226001489994,,,,
3.363243,927,1079.0,-0.1370263998510006,-0.2356853998510006,0.2576096001489994,1.0468816001489993,,,,
3.364322,927,1079.0,-0.03836739985100059,-0.03836739985100059,0.2576096001489994,0.9482226001489994,,,,
3.365401,927,1079.0,0.1589506001489994,0.3562686001489994,0.2576096001489994,0.7509046001489994,,,,
3.36648,927,1079.0,0.4549276001489994,0.6522456001489993,0.3562686001489994,0.8495636001489993,,,,
3.367559,927,1079.0,0.5535866001489994,0.5535866001489994,0.5535866001489994,1.2441996001489994,,,,
3.368638,927,1079.0,0.2576096001489994,0.2576096001489994,0.6522456001489993,1.7374946001489993,,,,
3.369717,927,1079.0,0.060291600148999404,0.060291600148999404,0.8495636001489993,1.9348126001489994,,,,
3.370796,927,1079.0,0.1589506001489994,0.1589506001489994,0.7509046001489994,1.9348126001489994,,,,
3.371875,927,1079.0,0.4549276001489994,0.5535866001489994,0.6522456001489993,1.6388356001489994,,,,
3.372954,927,1079.0,0.6522456001489993,0.8495636001489993,0.6522456001489993,1.4415176001489993,,,,
3.374033,927,1079.0,0.6522456001489993,0.7509046001489994,0.8495636001489993,1.7374946001489993,,,,
3.375112,927,1079.0,0.3562686001489994,0.4549276001489994,0.8495636001489993,2.1321306001489995,,,,
3.376191,927,1079.0,0.060291600148999404,0.1589506001489994,0.9482226001489994,2.2307896001489995,,,,
3.37727,927,1079.0,0.060291600148999404,0.060291600148999404,0.8495636001489993,1.9348126001489994,,,,
3.378349,927,1079.0,0.2576096001489994,0.4549276001489994,0.6522456001489993,1.4415176001489993,,,,
3.379428,927,1079.0,0.4549276001489994,0.7509046001489994,0.5535866001489994,1.1455406001489994,,,,
3.380507,927,1079.0,0.4549276001489994,0.7509046001489994,0.6522456001489993,1.4415176001489993,,,,
3.381586,927,1079.0,0.2576096001489994,0.2576096001489994,0.8495636001489993,1.9348126001489994,,,,
3.382665,927,1079.0,-0.1370263998510006,0.060291600148999404,0.9482226001489994,2.329448600148999,,,,
3.383744,927,1079.0,-0.03836739985100059,0.060291600148999404,0.9482226001489994,2.2307896001489995,,,,
3.384823,927,1079.0,0.1589506001489994,0.4549276001489994,0.8495636001489993,1.7374946001489993,,,,
3.385902,927,1079.0,0.5535866001489994,0.8495636001489993,0.7509046001489994,1.5401766001489994,,,,
3.386981,927,1079.0,0.6522456001489993,0.9482226001489994,0.8495636001489993,1.9348126001489994,,,,
3.38806,927,1079.0,0.4549276001489994,0.6522456001489993,1.1455406001489994,2.5267666001489992,,,,
3.389139,927,1079.0,0.1589506001489994,0.2576096001489994,1.4415176001489993,3.0200616001489995,,,,
3.390218,927,1079.0,0.060291600148999404,0.3562686001489994,1.4415176001489993,3.118720600148999,,,,
3.391297,927,1079.0,0.3562686001489994,0.6522456001489993,1.3428586001489993,2.7240846001489993,,,,
3.392376,927,1079.0,0.6522456001489993,1.0468816001489993,1.0468816001489993,2.2307896001489995,,,,
3.393455,927,1079.0,0.7509046001489994,1.1455406001489994,1.0468816001489993,2.1321306001489995,,,,
3.394534,927,1079.0,0.5535866001489994,0.8495636001489993,1.2441996001489994,2.6254256001489993,,,,
3.395613,927,1079.0,0.2576096001489994,0.3562686001489994,1.4415176001489993,3.0200616001489995,,,,
3.396692,927,1079.0,-0.03836739985100059,0.1589506001489994,1.4415176001489993,3.0200616001489995,,,,
3.397771,927,1079.0,0.1589506001489994,0.4549276001489994,1.2441996001489994,2.428107600148999,,,,
3.39885,927,1079.0,0.4549276001489994,0.7509046001489994,0.9482226001489994,1.8361536001489993,,,,
3.399929,927,1079.0,0.6522456001489993,0.9482226001489994,0.8495636001489993,1.6388356001489994,,,,
3.401008,927,1079.0,0.4549276001489994,0.7509046001489994,1.0468816001489993,2.1321306001489995,,,,
3.402087,927,1079.0,0.060291600148999404,0.3562686001489994,1.2441996001489994,2.8227436001489994,,,,
3.403166,927,1079.0,-0.03836739985100059,0.1589506001489994,1.4415176001489993,3.0200616001489995,,,,
3.404245,927,1079.0,0.060291600148999404,0.4549276001489994,1.2441996001489994,2.6254256001489993,,,,
3.405324,927,1079.0,0.4549276001489994,0.8495636001489993,1.0468816001489993,2.1321306001489995,,,,
3.406403,927,1079.0,0.6522456001489993,1.1455406001489994,1.0468816001489993,1.9348126001489994,,,,
3.407482,927,1079.0,0.6522456001489993,0.9482226001489994,1.2441996001489994,2.5267666001489992,,,,
3.408561,927,1079.0,0.3562686001489994,0.6522456001489993,1.4415176001489993,3.118720600148999,,,,
3.40964,927,1079.0,0.1589506001489994,0.3562686001489994,1.6388356001489994,3.5133566001489993,,,,
3.410719,927,1079.0,0.2576096001489994,0.5535866001489994,1.6388356001489994,3.316038600148999,,,,
3.411798,927,1079.0,0.5535866001489994,0.9482226001489994,1.3428586001489993,2.6254256001489993,,,,
3.412877,927,1079.0,0.7509046001489994,1.1455406001489994,1.1455406001489994,2.1321306001489995,,,,
3.413956,927,1079.0,0.6522456001489993,1.0468816001489993,1.1455406001489994,2.329448600148999,,,,
3.415035,927,1079.0,0.3562686001489994,0.6522456001489993,1.3428586001489993,2.8227436001489994,,,,
3.416114,927,1079.0,0.060291600148999404,0.3562686001489994,1.4415176001489993,3.118720600148999,,,,
3.417193,927,1079.0,0.060291600148999404,0.3562686001489994,1.3428586001489993,2.9214026001489994,,,,
3.418272,927,1079.0,0.2576096001489994,0.5535866001489994,1.0468816001489993,2.2307896001489995,,,,
3.419351,927,1079.0,0.5535866001489994,0.9482226001489994,0.8495636001489993,1.5401766001489994,,,,
3.42043,927,1079.0,0.4549276001489994,0.8495636001489993,0.7509046001489994,1.5401766001489994,,,,
3.421509,927,1079.0,0.2576096001489994,0.5535866001489994,0.8495636001489993,2.1321306001489995,,,,
3.422588,927,1079.0,-0.03836739985100059,0.1589506001489994,1.1455406001489994,2.7240846001489993,,,,
3.423667,927,1079.0,-0.03836739985100059,0.1589506001489994,1.1455406001489994,2.7240846001489993,,,,
3.424746,927,1079.0,0.2576096001489994,0.5535866001489994,1.1455406001489994,2.2307896001489995,,,,
3.425825,927,1079.0,0.5535866001489994,0.8495636001489993,0.9482226001489994,1.7374946001489993,,,,
3.426904,927,1079.0,0.6522456001489993,0.8495636001489993,0.8495636001489993,1.7374946001489993,,,,
3.427983,927,1079.0,0.4549276001489994,0.6522456001489993,1.0468816001489993,2.2307896001489995,,,,
3.429062,927,1079.0,0.1589506001489994,0.3562686001489994,1.2441996001489994,2.8227436001489994,,,,
3.430141,927,1079.0,0.1589506001489994,0.3562686001489994,1.3428586001489993,3.0200616001489995,,,,
3.43122,927,1079.0,0.3562686001489994,0.5535866001489994,1.2441996001489994,2.5267666001489992,,,,
3.432299,927,1079.0,0.5535866001489994,0.8495636001489993,0.9482226001489994,1.8361536001489993,,,,
3.433378,927,1079.0,0.6522456001489993,0.9482226001489994,0.7509046001489994,1.5401766001489994,,,,
3.434457,927,1079.0,0.4549276001489994,0.6522456001489993,0.7509046001489994,1.7374946001489993,,,,
3.435536,927,1079.0,0.1589506001489994,0.2576096001489994,0.8495636001489993,2.1321306001489995,,,,
3.436615,927,1079.0,0.060291600148999404,0.060291600148999404,0.9482226001489994,2.329448600148999,,,,
3.437694,927,1079.0,0.1589506001489994,0.2576096001489994,0.8495636001489993,1.8361536001489993,,,,
3.438773,927,1079.0,0.3562686001489994,0.5535866001489994,0.5535866001489994,1.1455406001489994,,,,
3.439852,927,1079.0,0.4549276001489994,0.5535866001489994,0.2576096001489994,0.7509046001489994,,,,
3.440931,927,1079.0,0.2576096001489994,0.3562686001489994,0.2576096001489994,0.9482226001489994,,,,
3.44201,927,1079.0,0.060291600148999404,0.1589506001489994,0.4549276001489994,1.3428586001489993,,,,
3.443089,927,1079.0,-0.1370263998510006,-0.03836739985100059,0.6522456001489993,1.6388356001489994,,,,
3.444168,927,1079.0,0.1589506001489994,0.060291600148999404,0.6522456001489993,1.6388356001489994,,,,
3.445247,927,1079.0,0.3562686001489994,0.4549276001489994,0.5535866001489994,1.2441996001489994,,,,
3.446326,927,1079.0,0.5535866001489994,0.5535866001489994,0.4549276001489994,0.9482226001489994,,,,
3.447405,927,1079.0,0.3562686001489994,0.4549276001489994,0.3562686001489994,1.0468816001489993,,,,
3.448484,927,1079.0,0.1589506001489994,0.2576096001489994,0.5535866001489994,1.3428586001489993,,,,
3.449563,927,1079.0,0.060291600148999404,0.1589506001489994,0.6522456001489993,1.7374946001489993,,,,
3.450642,927,1079.0,0.2576096001489994,0.2576096001489994,0.6522456001489993,1.6388356001489994,,,,
3.451721,927,1079.0,0.4549276001489994,0.3562686001489994,0.5535866001489994,1.2441996001489994,,,,
3.4528,927,1079.0,0.5535866001489994,0.5535866001489994,0.2576096001489994,0.8495636001489993,,,,
3.453879,927,1079.0,0.4549276001489994,0.3562686001489994,0.1589506001489994,0.7509046001489994,,,,
3.454958,927,1079.0,0.1589506001489994,0.060291600148999404,0.1589506001489994,0.7509046001489994,,,,
3.456037,927,1079.0,-0.03836739985100059,-0.1370263998510006,0.1589506001489994,0.8495636001489993,,,,
3.457116,927,1079.0,-0.03836739985100059,-0.1370263998510006,0.060291600148999404,0.7509046001489994,,,,
3.458195,927,1079.0,0.1589506001489994,0.060291600148999404,-0.03836739985100059,0.3562686001489994,,,,
3.459274,927,1079.0,0.2576096001489994,0.1589506001489994,-0.1370263998510006,0.060291600148999404,,,,
3.460353,927,1079.0,0.1589506001489994,0.060291600148999404,-0.2356853998510006,-0.03836739985100059,,,,
3.461432,927,1079.0,0.060291600148999404,-0.1370263998510006,-0.2356853998510006,0.1589506001489994,,,,
3.462511,927,1079.0,-0.03836739985100059,-0.33434439985100056,-0.1370263998510006,0.4549276001489994,,,,
3.46359,927,1079.0,-0.03836739985100059,-0.2356853998510006,-0.03836739985100059,0.4549276001489994,,,,
3.464669,927,1079.0,0.1589506001489994,0.060291600148999404,-0.03836739985100059,0.3562686001489994,,,,
3.465748,927,1079.0,0.3562686001489994,0.1589506001489994,-0.1370263998510006,0.2576096001489994,,,,
3.466827,927,1079.0,0.3562686001489994,0.1589506001489994,-0.1370263998510006,0.1589506001489994,,,,
3.467906,927,1079.0,0.1589506001489994,-0.03836739985100059,-0.1370263998510006,0.3562686001489994,,,,
3.468985,927,1079.0,0.060291600148999404,-0.1370263998510006,-0.03836739985100059,0.5535866001489994,,,,
3.470064,927,1079.0,0.1589506001489994,-0.03836739985100059,-0.03836739985100059,0.4549276001489994,,,,
3.471143,927,1079.0,0.2576096001489994,0.1589506001489994,-0.1370263998510006,0.2576096001489994,,,,
3.472222,927,1079.0,0.4549276001489994,0.1589506001489994,-0.1370263998510006,0.060291600148999404,,,,
3.473301,927,1079.0,0.3562686001489994,0.060291600148999404,-0.2356853998510006,-0.03836739985100059,,,,
3.47438,927,1079.0,0.060291600148999404,-0.1370263998510006,-0.33434439985100056,-0.03836739985100059,,,,
3.475459,927,1079.0,-0.03836739985100059,-0.33434439985100056,-0.43300339985100056,-0.1370263998510006,,,,
3.476538,927,1079.0,-0.03836739985100059,-0.33434439985100056,-0.5316623998510006,-0.2356853998510006,,,,
3.477617,927,1079.0,0.060291600148999404,-0.2356853998510006,-0.5316623998510006,-0.5316623998510006,,,,
3.478696,927,1079.0,0.1589506001489994,-0.03836739985100059,-0.6303213998510006,-0.6303213998510006,,,,
3.479775,927,1079.0,0.1589506001489994,-0.1370263998510006,-0.5316623998510006,-0.5316623998510006,,,,
3.480854,927,1079.0,-0.03836739985100059,-0.43300339985100056,-0.5316623998510006,-0.33434439985100056,,,,
3.481933,927,1079.0,-0.1370263998510006,-0.43300339985100056,-0.43300339985100056,-0.33434439985100056,,,,
3.483012,927,1079.0,-0.1370263998510006,-0.33434439985100056,-0.5316623998510006,-0.43300339985100056,,,,
3.484091,927,1079.0,0.060291600148999404,-0.1370263998510006,-0.5316623998510006,-0.43300339985100056,,,,
3.48517,927,1079.0,0.2576096001489994,0.060291600148999404,-0.5316623998510006,-0.43300339985100056,,,,
3.486249,927,1079.0,0.2576096001489994,0.060291600148999404,-0.43300339985100056,-0.2356853998510006,,,,
3.487328,927,1079.0,0.1589506001489994,-0.2356853998510006,-0.2356853998510006,0.060291600148999404,,,,
3.488407,927,1079.0,-0.03836739985100059,-0.33434439985100056,-0.2356853998510006,0.2576096001489994,,,,
3.489486,927,1079.0,0.1589506001489994,-0.2356853998510006,-0.33434439985100056,0.060291600148999404,,,,
3.490565,927,1079.0,0.2576096001489994,0.060291600148999404,-0.43300339985100056,-0.2356853998510006,,,,
3.491644,927,1079.0,0.3562686001489994,0.1589506001489994,-0.43300339985100056,-0.33434439985100056,,,,
3.492723,927,1079.0,0.3562686001489994,0.060291600148999404,-0.43300339985100056,-0.2356853998510006,,,,
3.493802,927,1079.0,0.1589506001489994,-0.2356853998510006,-0.33434439985100056,-0.03836739985100059,,,,
3.494881,927,1079.0,-0.03836739985100059,-0.5316623998510006,-0.43300339985100056,-0.1370263998510006,,,,
3.49596,927,1079.0,-0.1370263998510006,-0.43300339985100056,-0.6303213998510006,-0.43300339985100056,,,,
3.497039,927,1079.0,0.060291600148999404,-0.2356853998510006,-0.7289803998510006,-0.8276393998510005,,,,
3.498118,927,1079.0,0.1589506001489994,-0.03836739985100059,-0.7289803998510006,-0.9262983998510006,,,,
3.499197,927,1079.0,0.1589506001489994,-0.1370263998510006,-0.6303213998510006,-0.7289803998510006,,,,
3.500276,927,1079.0,-0.03836739985100059,-0.33434439985100056,-0.5316623998510006,-0.33434439985100056,,,,
3.501355,927,1079.0,-0.1370263998510006,-0.5316623998510006,-0.43300339985100056,-0.1370263998510006,,,,
3.502434,927,1079.0,-0.1370263998510006,-0.43300339985100056,-0.43300339985100056,-0.2356853998510006,,,,
3.503513,927,1079.0,0.060291600148999404,-0.1370263998510006,-0.5316623998510006,-0.43300339985100056,,,,
3.504592,927,1079.0,0.2576096001489994,0.060291600148999404,-0.5316623998510006,-0.5316623998510006,,,,
3.505671,927,1079.0,0.3562686001489994,0.1589506001489994,-0.43300339985100056,-0.2356853998510006,,,,
3.50675,927,1079.0,0.2576096001489994,-0.1370263998510006,-0.2356853998510006,0.2576096001489994,,,,
3.507829,927,1079.0,0.060291600148999404,-0.2356853998510006,0.060291600148999404,0.6522456001489993,,,,
3.508908,927,1079.0,0.060291600148999404,-0.2356853998510006,0.060291600148999404,0.6522456001489993,,,,
3.509987,927,1079.0,0.1589506001489994,-0.03836739985100059,-0.1370263998510006,0.1589506001489994,,,,
3.511066,927,1079.0,0.3562686001489994,0.2576096001489994,-0.33434439985100056,-0.2356853998510006,,,,
3.512145,927,1079.0,0.4549276001489994,0.3562686001489994,-0.33434439985100056,-0.1370263998510006,,,,
3.513224,927,1079.0,0.2576096001489994,0.060291600148999404,-0.1370263998510006,0.2576096001489994,,,,
3.514303,927,1079.0,-0.03836739985100059,-0.2356853998510006,-0.03836739985100059,0.5535866001489994,,,,
3.515382,927,1079.0,-0.1370263998510006,-0.33434439985100056,-0.03836739985100059,0.4549276001489994,,,,
3.516461,927,1079.0,-0.03836739985100059,-0.2356853998510006,-0.2356853998510006,-0.03836739985100059,,,,
3.51754,927,1079.0,0.1589506001489994,0.060291600148999404,-0.43300339985100056,-0.43300339985100056,,,,
3.518619,927,1079.0,0.2576096001489994,0.1589506001489994,-0.43300339985100056,-0.43300339985100056,,,,
3.519698,927,1079.0,0.1589506001489994,0.060291600148999404,-0.2356853998510006,0.060291600148999404,,,,
3.520777,927,1079.0,-0.03836739985100059,-0.2356853998510006,-0.03836739985100059,0.6522456001489993,,,,
3.521856,927,1079.0,-0.1370263998510006,-0.33434439985100056,0.1589506001489994,0.8495636001489993,,,,
3.522935,927,1079.0,-0.03836739985100059,-0.03836739985100059,0.060291600148999404,0.5535866001489994,,,,
3.524014,927,1079.0,0.2576096001489994,0.2576096001489994,-0.1370263998510006,0.2576096001489994,,,,
3.525093,927,1079.0,0.4549276001489994,0.5535866001489994,-0.03836739985100059,0.2576096001489994,,,,
3.526172,927,1079.0,0.4549276001489994,0.3562686001489994,0.1589506001489994,0.7509046001489994,,,,
3.527251,927,1079.0,0.1589506001489994,0.1589506001489994,0.4549276001489994,1.4415176001489993,,,,
3.52833,927,1079.0,0.060291600148999404,-0.03836739985100059,0.6522456001489993,1.7374946001489993,,,,
3.529409,927,1079.0,0.1589506001489994,0.060291600148999404,0.5535866001489994,1.4415176001489993,,,,
3.530488,927,1079.0,0.3562686001489994,0.3562686001489994,0.3562686001489994,0.8495636001489993,,,,
3.531567,927,1079.0,0.5535866001489994,0.6522456001489993,0.1589506001489994,0.5535866001489994,,,,
3.532646,927,1079.0,0.4549276001489994,0.5535866001489994,0.2576096001489994,0.8495636001489993,,,,
3.533725,927,1079.0,0.2576096001489994,0.1589506001489994,0.4549276001489994,1.4415176001489993,,,,
3.534804,927,1079.0,-0.03836739985100059,-0.03836739985100059,0.6522456001489993,1.6388356001489994,,,,
3.535883,927,1079.0,-0.03836739985100059,-0.03836739985100059,0.5535866001489994,1.4415176001489993,,,,
3.536962,927,1079.0,0.1589506001489994,0.2576096001489994,0.3562686001489994,0.8495636001489993,,,,
3.538041,927,1079.0,0.3562686001489994,0.4549276001489994,0.1589506001489994,0.4549276001489994,,,,
3.53912,927,1079.0,0.3562686001489994,0.4549276001489994,0.1589506001489994,0.7509046001489994,,,,
3.540199,927,1079.0,0.1589506001489994,0.2576096001489994,0.4549276001489994,1.3428586001489993,,,,
3.541278,927,1079.0,-0.03836739985100059,0.060291600148999404,0.7509046001489994,1.9348126001489994,,,,
3.542357,927,1079.0,0.060291600148999404,0.060291600148999404,0.8495636001489993,2.0334716001489994,,,,
3.543436,927,1079.0,0.2576096001489994,0.3562686001489994,0.7509046001489994,1.6388356001489994,,,,
3.544515,927,1079.0,0.4549276001489994,0.6522456001489993,0.5535866001489994,1.3428586001489993,,,,
3.545594,927,1079.0,0.5535866001489994,0.7509046001489994,0.6522456001489993,1.4415176001489993,,,,
3.546673,927,1079.0,0.3562686001489994,0.5535866001489994,0.9482226001489994,2.1321306001489995,,,,
3.547752,927,1079.0,0.2576096001489994,0.3562686001489994,1.2441996001489994,2.7240846001489993,,,,
3.548831,927,1079.0,0.1589506001489994,0.3562686001489994,1.2441996001489994,2.7240846001489993,,,,
3.54991,927,1079.0,0.2576096001489994,0.5535866001489994,1.1455406001489994,2.329448600148999,,,,
3.550989,927,1079.0,0.5535866001489994,0.8495636001489993,0.8495636001489993,1.7374946001489993,,,,
3.552068,927,1079.0,0.6522456001489993,0.8495636001489993,0.8495636001489993,1.6388356001489994,,,,
3.553147,927,1079.0,0.3562686001489994,0.6522456001489993,0.8495636001489993,2.0334716001489994,,,,
3.554226,927,1079.0,0.1589506001489994,0.3562686001489994,1.0468816001489993,2.428107600148999,,,,
3.555305,927,1079.0,0.060291600148999404,0.2576096001489994,1.1455406001489994,2.5267666001489992,,,,
3.556384,927,1079.0,0.060291600148999404,0.3562686001489994,1.0468816001489993,2.2307896001489995,,,,
3.557463,927,1079.0,0.3562686001489994,0.5535866001489994,0.7509046001489994,1.6388356001489994,,,,
3.558542,927,1079.0,0.4549276001489994,0.7509046001489994,0.7509046001489994,1.4415176001489993,,,,
3.559621,927,1079.0,0.3562686001489994,0.6522456001489993,0.7509046001489994,1.8361536001489993,,,,
3.5607,927,1079.0,0.1589506001489994,0.4549276001489994,1.0468816001489993,2.428107600148999,,,,
3.561779,927,1079.0,0.060291600148999404,0.2576096001489994,1.3428586001489993,2.8227436001489994,,,,
3.562858,927,1079.0,0.1589506001489994,0.4549276001489994,1.3428586001489993,2.7240846001489993,,,,
3.563937,927,1079.0,0.4549276001489994,0.7509046001489994,1.2441996001489994,2.428107600148999,,,,
3.565016,927,1079.0,0.5535866001489994,0.9482226001489994,1.1455406001489994,2.2307896001489995,,,,
3.566095,927,1079.0,0.5535866001489994,0.8495636001489993,1.1455406001489994,2.428107600148999,,,,
3.567174,927,1079.0,0.3562686001489994,0.7509046001489994,1.4415176001489993,2.9214026001489994,,,,
3.568253,927,1079.0,0.2576096001489994,0.6522456001489993,1.5401766001489994,3.217379600148999,,,,
3.569332,927,1079.0,0.2576096001489994,0.6522456001489993,1.5401766001489994,3.118720600148999,,,,
3.570411,927,1079.0,0.4549276001489994,0.8495636001489993,1.4415176001489993,2.7240846001489993,,,,
3.57149,927,1079.0,0.5535866001489994,0.8495636001489993,1.2441996001489994,2.428107600148999,,,,
3.572569,927,1079.0,0.4549276001489994,0.8495636001489993,1.1455406001489994,2.329448600148999,,,,
3.573648,927,1079.0,0.2576096001489994,0.6522456001489993,1.2441996001489994,2.5267666001489992,,,,
3.574727,927,1079.0,0.1589506001489994,0.4549276001489994,1.2441996001489994,2.7240846001489993,,,,
3.575806,927,1079.0,0.060291600148999404,0.4549276001489994,1.2441996001489994,2.6254256001489993,,,,
3.576885,927,1079.0,0.2576096001489994,0.5535866001489994,1.1455406001489994,2.329448600148999,,,,
3.577964,927,1079.0,0.3562686001489994,0.7509046001489994,0.9482226001489994,2.0334716001489994,,,,
3.579043,927,1079.0,0.3562686001489994,0.6522456001489993,1.0468816001489993,2.1321306001489995,,,,
3.580122,927,1079.0,0.2576096001489994,0.5535866001489994,1.0468816001489993,2.329448600148999,,,,
3.581201,927,1079.0,0.1589506001489994,0.4549276001489994,1.1455406001489994,2.6254256001489993,,,,
3.58228,927,1079.0,0.2576096001489994,0.4549276001489994,1.2441996001489994,2.8227436001489994,,,,
3.583359,927,1079.0,0.3562686001489994,0.6522456001489993,1.3428586001489993,2.7240846001489993,,,,
3.584438,927,1079.0,0.4549276001489994,0.8495636001489993,1.3428586001489993,2.5267666001489992,,,,
3.585517,927,1079.0,0.5535866001489994,0.8495636001489993,1.2441996001489994,2.5267666001489992,,,,
3.586596,927,1079.0,0.4549276001489994,0.7509046001489994,1.2441996001489994,2.7240846001489993,,,,
3.587675,927,1079.0,0.3562686001489994,0.6522456001489993,1.3428586001489993,2.9214026001489994,,,,
3.588754,927,1079.0,0.3562686001489994,0.5535866001489994,1.3428586001489993,2.9214026001489994,,,,
3.589833,927,1079.0,0.4549276001489994,0.7509046001489994,1.3428586001489993,2.7240846001489993,,,,
3.590912,927,1079.0,0.5535866001489994,0.7509046001489994,1.2441996001489994,2.5267666001489992,,,,
3.591991,927,1079.0,0.4549276001489994,0.7509046001489994,1.1455406001489994,2.2307896001489995,,,,
3.59307,927,1079.0,0.3562686001489994,0.5535866001489994,1.0468816001489993,2.2307896001489995,,,,
3.594149,927,1079.0,0.1589506001489994,0.4549276001489994,0.9482226001489994,2.1321306001489995,,,,
3.595228,927,1079.0,0.1589506001489994,0.3562686001489994,0.8495636001489993,2.0334716001489994,,,,
3.596307,927,1079.0,0.1589506001489994,0.4549276001489994,0.8495636001489993,1.8361536001489993,,,,
3.597386,927,1079.0,0.2576096001489994,0.5535866001489994,0.8495636001489993,1.7374946001489993,,,,
3.598465,927,1079.0,0.2576096001489994,0.5535866001489994,0.8495636001489993,1.7374946001489993,,,,
3.599544,927,1079.0,0.2576096001489994,0.4549276001489994,0.8495636001489993,1.8361536001489993,,,,
3.600623,927,1079.0,0.1589506001489994,0.2576096001489994,0.8495636001489993,1.9348126001489994,,,,
3.601702,927,1079.0,0.1589506001489994,0.3562686001489994,0.8495636001489993,1.9348126001489994,,,,
3.602781,927,1079.0,0.3562686001489994,0.5535866001489994,0.8495636001489993,1.9348126001489994,,,,
3.60386,927,1079.0,0.3562686001489994,0.5535866001489994,0.9482226001489994,1.9348126001489994,,,,
3.604939,927,1079.0,0.4549276001489994,0.6522456001489993,0.8495636001489993,2.0334716001489994,,,,
3.606018,927,1079.0,0.3562686001489994,0.5535866001489994,0.9482226001489994,2.1321306001489995,,,,
3.607097,927,1079.0,0.2576096001489994,0.4549276001489994,0.9482226001489994,2.1321306001489995,,,,
3.608176,927,1079.0,0.3562686001489994,0.3562686001489994,0.8495636001489993,1.9348126001489994,,,,
3.609255,927,1079.0,0.3562686001489994,0.5535866001489994,0.6522456001489993,1.6388356001489994,,,,
3.610334,927,1079.0,0.4549276001489994,0.5535866001489994,0.6522456001489993,1.5401766001489994,,,,
3.611413,927,1079.0,0.4549276001489994,0.4549276001489994,0.6522456001489993,1.5401766001489994,,,,
3.612492,927,1079.0,0.2576096001489994,0.2576096001489994,0.6522456001489993,1.5401766001489994,,,,
3.613571,927,1079.0,0.1589506001489994,0.1589506001489994,0.4549276001489994,1.3428586001489993,,,,
3.61465,927,1079.0,0.060291600148999404,0.1589506001489994,0.2576096001489994,1.0468816001489993,,,,
3.615729,927,1079.0,0.1589506001489994,0.2576096001489994,0.1589506001489994,0.7509046001489994,,,,
3.616808,927,1079.0,0.2576096001489994,0.2576096001489994,0.1589506001489994,0.6522456001489993,,,,
3.617887,927,1079.0,0.2576096001489994,0.1589506001489994,0.2576096001489994,0.8495636001489993,,,,
3.618966,927,1079.0,0.1589506001489994,0.060291600148999404,0.3562686001489994,1.0468816001489993,,,,
3.620045,927,1079.0,0.060291600148999404,-0.03836739985100059,0.3562686001489994,1.0468816001489993,,,,
3.621124,927,1079.0,0.060291600148999404,0.060291600148999404,0.2576096001489994,0.8495636001489993,,,,
3.622203,927,1079.0,0.1589506001489994,0.2576096001489994,0.1589506001489994,0.6522456001489993,,,,
3.623282,927,1079.0,0.3562686001489994,0.4549276001489994,0.1589506001489994,0.6522456001489993,,,,
3.624361,927,1079.0,0.3562686001489994,0.3562686001489994,0.2576096001489994,0.8495636001489993,,,,
3.62544,927,1079.0,0.3562686001489994,0.2576096001489994,0.4549276001489994,1.2441996001489994,,,,
3.626519,927,1079.0,0.2576096001489994,0.060291600148999404,0.4549276001489994,1.4415176001489993,,,,
3.627598,927,1079.0,0.1589506001489994,0.060291600148999404,0.3562686001489994,1.0468816001489993,,,,
3.628677,927,1079.0,0.2576096001489994,0.2576096001489994,0.060291600148999404,0.5535866001489994,,,,
3.629756,927,1079.0,0.3562686001489994,0.3562686001489994,-0.03836739985100059,0.2576096001489994,,,,
3.630835,927,1079.0,0.3562686001489994,0.2576096001489994,-0.1370263998510006,0.2576096001489994,,,,
3.631914,927,1079.0,0.2576096001489994,0.060291600148999404,-0.03836739985100059,0.5535866001489994,,,,
3.632993,927,1079.0,-0.03836739985100059,-0.1370263998510006,-0.03836739985100059,0.5535866001489994,,,,
3.634072,927,1079.0,-0.1370263998510006,-0.33434439985100056,-0.1370263998510006,0.2576096001489994,,,,
3.635151,927,1079.0,-0.03836739985100059,-0.1370263998510006,-0.33434439985100056,-0.1370263998510006,,,,
3.63623,927,1079.0,0.1589506001489994,-0.03836739985100059,-0.5316623998510006,-0.5316623998510006,,,,
3.637309,927,1079.0,0.1589506001489994,0.060291600148999404,-0.5316623998510006,-0.43300339985100056,,,,
3.638388,927,1079.0,0.1589506001489994,-0.1370263998510006,-0.33434439985100056,-0.03836739985100059,,,,
3.639467,927,1079.0,-0.03836739985100059,-0.33434439985100056,-0.1370263998510006,0.3562686001489994,,,,
3.640546,927,1079.0,-0.03836739985100059,-0.33434439985100056,-0.1370263998510006,0.2576096001489994,,,,
3.641625,927,1079.0,0.060291600148999404,-0.1370263998510006,-0.33434439985100056,-0.03836739985100059,,,,
3.642704,927,1079.0,0.2576096001489994,0.060291600148999404,-0.43300339985100056,-0.33434439985100056,,,,
3.643783,927,1079.0,0.3562686001489994,0.2576096001489994,-0.43300339985100056,-0.33434439985100056,,,,
3.644862,927,1079.0,0.2576096001489994,0.060291600148999404,-0.2356853998510006,0.1589506001489994,,,,
3.645941,927,1079.0,0.1589506001489994,-0.1370263998510006,-0.03836739985100059,0.5535866001489994,,,,
3.64702,927,1079.0,0.060291600148999404,-0.2356853998510006,-0.03836739985100059,0.5535866001489994,,,,
3.648099,927,1079.0,0.060291600148999404,-0.1370263998510006,-0.2356853998510006,0.1589506001489994,,,,
3.649178,927,1079.0,0.2576096001489994,0.060291600148999404,-0.5316623998510006,-0.5316623998510006,,,,
3.650257,927,1079.0,0.3562686001489994,0.1589506001489994,-0.6303213998510006,-0.6303213998510006,,,,
3.651336,927,1079.0,0.2576096001489994,-0.03836739985100059,-0.5316623998510006,-0.43300339985100056,,,,
3.652415,927,1079.0,-0.03836739985100059,-0.2356853998510006,-0.33434439985100056,-0.03836739985100059,,,,
3.653494,927,1079.0,-0.1370263998510006,-0.5316623998510006,-0.33434439985100056,-0.03836739985100059,,,,
3.654573,927,1079.0,-0.1370263998510006,-0.43300339985100056,-0.5316623998510006,-0.33434439985100056,,,,
3.655652,927,1079.0,0.060291600148999404,-0.33434439985100056,-0.7289803998510006,-0.9262983998510006,,,,
3.656731,927,1079.0,0.1589506001489994,-0.03836739985100059,-0.8276393998510005,-1.1236163998510005,,,,
3.65781,927,1079.0,0.2576096001489994,-0.1370263998510006,-0.7289803998510006,-0.8276393998510005,,,,
3.658889,927,1079.0,0.060291600148999404,-0.33434439985100056,-0.5316623998510006,-0.33434439985100056,,,,
3.659968,927,1079.0,-0.1370263998510006,-0.43300339985100056,-0.33434439985100056,0.060291600148999404,,,,
3.661047,927,1079.0,-0.03836739985100059,-0.43300339985100056,-0.33434439985100056,-0.03836739985100059,,,,
3.662126,927,1079.0,0.1589506001489994,-0.1370263998510006,-0.5316623998510006,-0.33434439985100056,,,,
3.663205,927,1079.0,0.4549276001489994,0.060291600148999404,-0.6303213998510006,-0.6303213998510006,,,,
3.664284,927,1079.0,0.3562686001489994,0.1589506001489994,-0.5316623998510006,-0.43300339985100056,,,,
3.665363,927,1079.0,0.2576096001489994,-0.03836739985100059,-0.2356853998510006,0.1589506001489994,,,,
3.666442,927,1079.0,0.060291600148999404,-0.2356853998510006,-0.1370263998510006,0.4549276001489994,,,,
3.667521,927,1079.0,0.060291600148999404,-0.33434439985100056,-0.1370263998510006,0.3562686001489994,,,,
3.6686,927,1079.0,0.1589506001489994,-0.1370263998510006,-0.33434439985100056,-0.1370263998510006,,,,
3.669679,927,1079.0,0.3562686001489994,0.060291600148999404,-0.5316623998510006,-0.5316623998510006,,,,
3.670758,927,1079.0,0.3562686001489994,0.060291600148999404,-0.6303213998510006,-0.6303213998510006,,,,
3.671837,927,1079.0,0.1589506001489994,-0.1370263998510006,-0.5316623998510006,-0.33434439985100056,,,,
3.672916,927,1079.0,-0.03836739985100059,-0.43300339985100056,-0.33434439985100056,0.060291600148999404,,,,
3.673995,927,1079.0,-0.1370263998510006,-0.43300339985100056,-0.33434439985100056,0.060291600148999404,,,,
3.675074,927,1079.0,-0.03836739985100059,-0.33434439985100056,-0.43300339985100056,-0.33434439985100056,,,,
3.676153,927,1079.0,0.1589506001489994,-0.1370263998510006,-0.6303213998510006,-0.7289803998510006,,,,
3.677232,927,1079.0,0.2576096001489994,0.060291600148999404,-0.6303213998510006,-0.7289803998510006,,,,
3.678311,927,1079.0,0.1589506001489994,-0.03836739985100059,-0.5316623998510006,-0.43300339985100056,,,,
3.67939,927,1079.0,0.060291600148999404,-0.2356853998510006,-0.2356853998510006,0.1589506001489994,,,,
3.680469,927,1079.0,-0.03836739985100059,-0.33434439985100056,-0.03836739985100059,0.4549276001489994,,,,
3.681548,927,1079.0,0.060291600148999404,-0.2356853998510006,-0.03836739985100059,0.4549276001489994,,,,
3.682627,927,1079.0,0.2576096001489994,0.060291600148999404,-0.1370263998510006,0.060291600148999404,,,,
3.683706,927,1079.0,0.3562686001489994,0.2576096001489994,-0.1370263998510006,0.060291600148999404,,,,
3.684785,927,1079.0,0.3562686001489994,0.2576096001489994,-0.03836739985100059,0.2576096001489994,,,,
3.685864,927,1079.0,0.2576096001489994,0.060291600148999404,0.060291600148999404,0.7509046001489994,,,,
3.686943,927,1079.0,0.060291600148999404,-0.03836739985100059,0.1589506001489994,0.8495636001489993,,,,
3.688022,927,1079.0,0.1589506001489994,-0.03836739985100059,0.1589506001489994,0.7509046001489994,,,,
3.689101,927,1079.0,0.2576096001489994,0.060291600148999404,0.060291600148999404,0.4549276001489994,,,,
3.69018,927,1079.0,0.3562686001489994,0.2576096001489994,-0.1370263998510006,0.060291600148999404,,,,
3.691259,927,1079.0,0.3562686001489994,0.1589506001489994,-0.1370263998510006,0.1589506001489994,,,,
3.692338,927,1079.0,0.1589506001489994,-0.03836739985100059,-0.03836739985100059,0.4549276001489994,,,,
3.693417,927,1079.0,-0.03836739985100059,-0.1370263998510006,0.060291600148999404,0.6522456001489993,,,,
3.694496,927,1079.0,-0.03836739985100059,-0.2356853998510006,0.060291600148999404,0.6522456001489993,,,,
3.695575,927,1079.0,0.060291600148999404,-0.03836739985100059,-0.03836739985100059,0.4549276001489994,,,,
3.696654,927,1079.0,0.2576096001489994,0.1589506001489994,-0.03836739985100059,0.3562686001489994,,,,
3.697733,927,1079.0,0.2576096001489994,0.1589506001489994,-0.03836739985100059,0.4549276001489994,,,,
3.698812,927,1079.0,0.1589506001489994,0.060291600148999404,0.1589506001489994,0.7509046001489994,,,,
3.699891,927,1079.0,0.060291600148999404,0.060291600148999404,0.3562686001489994,1.1455406001489994,,,,
3.70097,927,1079.0,0.1589506001489994,0.060291600148999404,0.4549276001489994,1.3428586001489993,,,,
3.702049,927,1079.0,0.2576096001489994,0.2576096001489994,0.5535866001489994,1.2441996001489994,,,,
3.703128,927,1079.0,0.3562686001489994,0.4549276001489994,0.5535866001489994,1.1455406001489994,,,,
3.704207,927,1079.0,0.4549276001489994,0.5535866001489994,0.5535866001489994,1.2441996001489994,,,,
3.705286,927,1079.0,0.3562686001489994,0.4549276001489994,0.6522456001489993,1.5401766001489994,,,,
3.706365,927,1079.0,0.2576096001489994,0.3562686001489994,0.6522456001489993,1.7374946001489993,,,,
3.707444,927,1079.0,0.2576096001489994,0.2576096001489994,0.7509046001489994,1.7374946001489993,,,,
3.708523,927,1079.0,0.2576096001489994,0.3562686001489994,0.7509046001489994,1.6388356001489994,,,,
3.709602,927,1079.0,0.3562686001489994,0.4549276001489994,0.6522456001489993,1.5401766001489994,,,,
3.710681,927,1079.0,0.3562686001489994,0.4549276001489994,0.5535866001489994,1.3428586001489993,,,,
3.71176,927,1079.0,0.2576096001489994,0.3562686001489994,0.5535866001489994,1.3428586001489993,,,,
3.712839,927,1079.0,0.060291600148999404,0.2576096001489994,0.5535866001489994,1.4415176001489993,,,,
3.713918,927,1079.0,0.060291600148999404,0.1589506001489994,0.5535866001489994,1.4415176001489993,,,,
3.714997,927,1079.0,0.060291600148999404,0.2576096001489994,0.6522456001489993,1.5401766001489994,,,,
3.716076,927,1079.0,0.2576096001489994,0.3562686001489994,0.6522456001489993,1.5401766001489994,,,,
3.717155,927,1079.0,0.3562686001489994,0.4549276001489994,0.7509046001489994,1.6388356001489994,,,,
3.718234,927,1079.0,0.2576096001489994,0.4549276001489994,0.7509046001489994,1.7374946001489993,,,,
3.719313,927,1079.0,0.2576096001489994,0.3562686001489994,0.8495636001489993,1.9348126001489994,,,,
3.720392,927,1079.0,0.2576096001489994,0.4549276001489994,0.9482226001489994,2.1321306001489995,,,,
3.721471,927,1079.0,0.3562686001489994,0.5535866001489994,1.0468816001489993,2.2307896001489995,,,,
3.72255,927,1079.0,0.4549276001489994,0.6522456001489993,1.0468816001489993,2.329448600148999,,,,
3.723629,927,1079.0,0.5535866001489994,0.7509046001489994,1.2441996001489994,2.428107600148999,,,,
3.724708,927,1079.0,0.5535866001489994,0.7509046001489994,1.2441996001489994,2.6254256001489993,,,,
3.725787,927,1079.0,0.3562686001489994,0.6522456001489993,1.1455406001489994,2.5267666001489992,,,,
3.726866,927,1079.0,0.3562686001489994,0.6522456001489993,1.1455406001489994,2.5267666001489992,,,,
3.727945,927,1079.0,0.4549276001489994,0.6522456001489993,1.1455406001489994,2.428107600148999,,,,
3.729024,927,1079.0,0.4549276001489994,0.7509046001489994,1.2441996001489994,2.428107600148999,,,,
3.730103,927,1079.0,0.4549276001489994,0.6522456001489993,1.1455406001489994,2.428107600148999,,,,
3.731182,927,1079.0,0.3562686001489994,0.5535866001489994,1.1455406001489994,2.428107600148999,,,,
3.732261,927,1079.0,0.1589506001489994,0.4549276001489994,1.0468816001489993,2.2307896001489995,,,,
3.73334,927,1079.0,0.1589506001489994,0.4549276001489994,0.9482226001489994,2.1321306001489995,,,,
3.734419,927,1079.0,0.1589506001489994,0.5535866001489994,0.9482226001489994,2.0334716001489994,,,,
3.735498,927,1079.0,0.3562686001489994,0.6522456001489993,1.0468816001489993,2.2307896001489995,,,,
3.736577,927,1079.0,0.3562686001489994,0.6522456001489993,1.2441996001489994,2.428107600148999,,,,
3.737656,927,1079.0,0.3562686001489994,0.5535866001489994,1.2441996001489994,2.6254256001489993,,,,
3.738735,927,1079.0,0.2576096001489994,0.5535866001489994,1.2441996001489994,2.6254256001489993,,,,
3.739814,927,1079.0,0.2576096001489994,0.5535866001489994,1.2441996001489994,2.6254256001489993,,,,
3.740893,927,1079.0,0.3562686001489994,0.7509046001489994,1.2441996001489994,2.5267666001489992,,,,
3.741972,927,1079.0,0.4549276001489994,0.8495636001489993,1.3428586001489993,2.6254256001489993,,,,
3.743051,927,1079.0,0.5535866001489994,0.9482226001489994,1.4415176001489993,2.9214026001489994,,,,
3.74413,927,1079.0,0.5535866001489994,0.7509046001489994,1.5401766001489994,3.217379600148999,,,,
3.745209,927,1079.0,0.3562686001489994,0.6522456001489993,1.5401766001489994,3.217379600148999,,,,
3.746288,927,1079.0,0.3562686001489994,0.6522456001489993,1.3428586001489993,2.8227436001489994,,,,
3.747367,927,1079.0,0.3562686001489994,0.7509046001489994,1.2441996001489994,2.5267666001489992,,,,
3.748446,927,1079.0,0.4549276001489994,0.8495636001489993,1.2441996001489994,2.428107600148999,,,,
3.749525,927,1079.0,0.4549276001489994,0.7509046001489994,1.1455406001489994,2.5267666001489992,,,,
3.750604,927,1079.0,0.3562686001489994,0.6522456001489993,1.2441996001489994,2.7240846001489993,,,,
3.751683,927,1079.0,0.2576096001489994,0.4549276001489994,1.2441996001489994,2.5267666001489992,,,,
3.752762,927,1079.0,0.1589506001489994,0.4549276001489994,1.0468816001489993,2.428107600148999,,,,
3.753841,927,1079.0,0.1589506001489994,0.4549276001489994,0.9482226001489994,2.0334716001489994,,,,
3.75492,927,1079.0,0.3562686001489994,0.5535866001489994,0.9482226001489994,1.9348126001489994,,,,
3.755999,927,1079.0,0.3562686001489994,0.6522456001489993,1.0468816001489993,2.1321306001489995,,,,
3.757078,927,1079.0,0.3562686001489994,0.5535866001489994,1.1455406001489994,2.5267666001489992,,,,
3.758157,927,1079.0,0.1589506001489994,0.4549276001489994,1.2441996001489994,2.7240846001489993,,,,
3.759236,927,1079.0,0.1589506001489994,0.4549276001489994,1.2441996001489994,2.5267666001489992,,,,
3.760315,927,1079.0,0.2576096001489994,0.5535866001489994,1.1455406001489994,2.329448600148999,,,,
3.761394,927,1079.0,0.4549276001489994,0.7509046001489994,1.0468816001489993,2.1321306001489995,,,,
3.762473,927,1079.0,0.5535866001489994,0.8495636001489993,1.1455406001489994,2.329448600148999,,,,
3.763552,927,1079.0,0.5535866001489994,0.7509046001489994,1.3428586001489993,2.7240846001489993,,,,
3.764631,927,1079.0,0.3562686001489994,0.5535866001489994,1.4415176001489993,2.9214026001489994,,,,
3.76571,927,1079.0,0.2576096001489994,0.4549276001489994,1.3428586001489993,2.7240846001489993,,,,
3.766789,927,1079.0,0.3562686001489994,0.5535866001489994,1.0468816001489993,2.329448600148999,,,,
3.767868,927,1079.0,0.4549276001489994,0.6522456001489993,0.8495636001489993,1.8361536001489993,,,,
3.768947,927,1079.0,0.5535866001489994,0.7509046001489994,0.8495636001489993,1.6388356001489994,,,,
3.770026,927,1079.0,0.3562686001489994,0.6522456001489993,0.8495636001489993,1.8361536001489993,,,,
3.771105,927,1079.0,0.2576096001489994,0.3562686001489994,0.9482226001489994,2.1321306001489995,,,,
3.772184,927,1079.0,0.060291600148999404,0.1589506001489994,0.8495636001489993,2.0334716001489994,,,,
3.773263,927,1079.0,0.060291600148999404,0.1589506001489994,0.6522456001489993,1.5401766001489994,,,,
3.774342,927,1079.0,0.1589506001489994,0.3562686001489994,0.5535866001489994,1.1455406001489994,,,,
3.775421,927,1079.0,0.3562686001489994,0.5535866001489994,0.4549276001489994,1.0468816001489993,,,,
3.7765,927,1079.0,0.3562686001489994,0.4549276001489994,0.6522456001489993,1.3428586001489993,,,,
3.777579,927,1079.0,0.2576096001489994,0.3562686001489994,0.7509046001489994,1.7374946001489993,,,,
3.778658,927,1079.0,0.1589506001489994,0.1589506001489994,0.8495636001489993,2.0334716001489994,,,,
3.779737,927,1079.0,0.1589506001489994,0.1589506001489994,0.7509046001489994,1.7374946001489993,,,,
3.780816,927,1079.0,0.2576096001489994,0.4549276001489994,0.6522456001489993,1.4415176001489993,,,,
3.781895,927,1079.0,0.4549276001489994,0.6522456001489993,0.4549276001489994,1.2441996001489994,,,,
3.782974,927,1079.0,0.4549276001489994,0.6522456001489993,0.6522456001489993,1.4415176001489993,,,,
3.784053,927,1079.0,0.3562686001489994,0.4549276001489994,0.7509046001489994,1.8361536001489993,,,,
3.785132,927,1079.0,0.2576096001489994,0.1589506001489994,0.7509046001489994,1.9348126001489994,,,,
3.786211,927,1079.0,0.1589506001489994,0.1589506001489994,0.6522456001489993,1.6388356001489994,,,,
3.78729,927,1079.0,0.2576096001489994,0.2576096001489994,0.4549276001489994,1.0468816001489993,,,,
3.788369,927,1079.0,0.3562686001489994,0.4549276001489994,0.1589506001489994,0.6522456001489993,,,,
3.789448,927,1079.0,0.3562686001489994,0.4549276001489994,0.1589506001489994,0.5535866001489994,,,,
3.790527,927,1079.0,0.2576096001489994,0.1589506001489994,0.2576096001489994,0.8495636001489993,,,,
3.791606,927,1079.0,0.060291600148999404,-0.03836739985100059,0.2576096001489994,0.9482226001489994,,,,
3.792685,927,1079.0,-0.03836739985100059,-0.2356853998510006,0.1589506001489994,0.8495636001489993,,,,
3.793764,927,1079.0,-0.03836739985100059,-0.03836739985100059,0.060291600148999404,0.4549276001489994,,,,
3.794843,927,1079.0,0.1589506001489994,0.1589506001489994,-0.1370263998510006,0.060291600148999404,,,,
3.795922,927,1079.0,0.2576096001489994,0.2576096001489994,-0.1370263998510006,0.060291600148999404,,,,
3.797001,927,1079.0,0.1589506001489994,0.1589506001489994,-0.03836739985100059,0.3562686001489994,,,,
3.79808,927,1079.0,0.060291600148999404,-0.03836739985100059,0.1589506001489994,0.7509046001489994,,,,
3.799159,927,1079.0,-0.03836739985100059,-0.1370263998510006,0.2576096001489994,0.9482226001489994,,,,
3.800238,927,1079.0,0.1589506001489994,-0.03836739985100059,0.1589506001489994,0.6522456001489993,,,,
3.801317,927,1079.0,0.2576096001489994,0.2576096001489994,-0.03836739985100059,0.3562686001489994,,,,
3.802396,927,1079.0,0.4549276001489994,0.3562686001489994,-0.03836739985100059,0.2576096001489994,,,,
3.803475,927,1079.0,0.3562686001489994,0.2576096001489994,-0.03836739985100059,0.4549276001489994,,,,
3.804554,927,1079.0,0.2576096001489994,0.060291600148999404,0.060291600148999404,0.6522456001489993,,,,
3.805633,927,1079.0,0.060291600148999404,-0.1370263998510006,0.060291600148999404,0.7509046001489994,,,,
3.806712,927,1079.0,0.060291600148999404,-0.1370263998510006,-0.03836739985100059,0.4549276001489994,,,,
3.807791,927,1079.0,0.1589506001489994,-0.03836739985100059,-0.2356853998510006,-0.03836739985100059,,,,
3.80887,927,1079.0,0.2576096001489994,0.060291600148999404,-0.43300339985100056,-0.33434439985100056,,,,
3.809949,927,1079.0,0.2576096001489994,0.060291600148999404,-0.43300339985100056,-0.43300339985100056,,,,
3.811028,927,1079.0,0.060291600148999404,-0.2356853998510006,-0.43300339985100056,-0.2356853998510006,,,,
3.812107,927,1079.0,-0.03836739985100059,-0.43300339985100056,-0.33434439985100056,-0.03836739985100059,,,,
3.813186,927,1079.0,-0.1370263998510006,-0.33434439985100056,-0.43300339985100056,-0.1370263998510006,,,,
3.814265,927,1079.0,0.060291600148999404,-0.2356853998510006,-0.5316623998510006,-0.43300339985100056,,,,
3.815344,927,1079.0,0.1589506001489994,-0.03836739985100059,-0.5316623998510006,-0.6303213998510006,,,,
3.816423,927,1079.0,0.2576096001489994,-0.03836739985100059,-0.6303213998510006,-0.5316623998510006,,,,
3.817502,927,1079.0,0.060291600148999404,-0.1370263998510006,-0.5316623998510006,-0.2356853998510006,,,,
3.818581,927,1079.0,-0.03836739985100059,-0.2356853998510006,-0.33434439985100056,0.060291600148999404,,,,
3.81966,927,1079.0,-0.03836739985100059,-0.2356853998510006,-0.2356853998510006,0.1589506001489994,,,,
3.820739,927,1079.0,0.1589506001489994,-0.2356853998510006,-0.2356853998510006,0.060291600148999404,,,,
3.821818,927,1079.0,0.3562686001489994,0.060291600148999404,-0.33434439985100056,-0.1370263998510006,,,,
3.822897,927,1079.0,0.3562686001489994,0.060291600148999404,-0.33434439985100056,-0.2356853998510006,,,,
3.823976,927,1079.0,0.2576096001489994,-0.03836739985100059,-0.43300339985100056,-0.1370263998510006,,,,
3.825055,927,1079.0,0.1589506001489994,-0.1370263998510006,-0.33434439985100056,-0.03836739985100059,,,,
3.826134,927,1079.0,0.060291600148999404,-0.2356853998510006,-0.33434439985100056,-0.03836739985100059,,,,
3.827213,927,1079.0,0.060291600148999404,-0.2356853998510006,-0.43300339985100056,-0.1370263998510006,,,,
3.828292,927,1079.0,0.1589506001489994,-0.1370263998510006,-0.5316623998510006,-0.43300339985100056,,,,
3.829371,927,1079.0,0.1589506001489994,-0.1370263998510006,-0.6303213998510006,-0.6303213998510006,,,,
3.83045,927,1079.0,0.060291600148999404,-0.2356853998510006,-0.7289803998510006,-0.7289803998510006,,,,
3.831529,927,1079.0,-0.03836739985100059,-0.33434439985100056,-0.7289803998510006,-0.6303213998510006,,,,
3.832608,927,1079.0,-0.1370263998510006,-0.43300339985100056,-0.7289803998510006,-0.5316623998510006,,,,
3.833687,927,1079.0,-0.03836739985100059,-0.33434439985100056,-0.5316623998510006,-0.43300339985100056,,,,
3.834766,927,1079.0,0.060291600148999404,-0.2356853998510006,-0.5316623998510006,-0.5316623998510006,,,,
3.835845,927,1079.0,0.1589506001489994,-0.1370263998510006,-0.6303213998510006,-0.5316623998510006,,,,
3.836924,927,1079.0,0.1589506001489994,-0.1370263998510006,-0.6303213998510006,-0.43300339985100056,,,,
3.838003,927,1079.0,0.060291600148999404,-0.2356853998510006,-0.5316623998510006,-0.2356853998510006,,,,
3.839082,927,1079.0,0.060291600148999404,-0.2356853998510006,-0.43300339985100056,-0.1370263998510006,,,,
3.840161,927,1079.0,0.1589506001489994,-0.1370263998510006,-0.2356853998510006,0.060291600148999404,,,,
3.84124,927,1079.0,0.2576096001489994,-0.03836739985100059,-0.1370263998510006,0.1589506001489994,,,,
3.842319,927,1079.0,0.3562686001489994,0.060291600148999404,-0.1370263998510006,0.1589506001489994,,,,
3.843398,927,1079.0,0.2576096001489994,-0.03836739985100059,-0.2356853998510006,0.060291600148999404,,,,
3.844477,927,1079.0,0.1589506001489994,-0.03836739985100059,-0.2356853998510006,0.060291600148999404,,,,
3.845556,927,1079.0,0.1589506001489994,-0.1370263998510006,-0.33434439985100056,0.060291600148999404,,,,
3.846635,927,1079.0,0.1589506001489994,-0.03836739985100059,-0.2356853998510006,0.060291600148999404,,,,
3.847714,927,1079.0,0.1589506001489994,-0.03836739985100059,-0.2356853998510006,0.060291600148999404,,,,
3.848793,927,1079.0,0.1589506001489994,-0.03836739985100059,-0.2356853998510006,-0.03836739985100059,,,,
3.849872,927,1079.0,0.1589506001489994,-0.1370263998510006,-0.33434439985100056,-0.1370263998510006,,,,
3.850951,927,1079.0,0.060291600148999404,-0.2356853998510006,-0.43300339985100056,-0.2356853998510006,,,,
3.85203,927,1079.0,-0.03836739985100059,-0.2356853998510006,-0.43300339985100056,-0.33434439985100056,,,,
3.853109,927,1079.0,-0.03836739985100059,-0.1370263998510006,-0.33434439985100056,-0.1370263998510006,,,,
3.854188,927,1079.0,0.060291600148999404,-0.03836739985100059,-0.2356853998510006,0.060291600148999404,,,,
3.855267,927,1079.0,0.1589506001489994,-0.03836739985100059,-0.1370263998510006,0.2576096001489994,,,,
3.856346,927,1079.0,0.1589506001489994,-0.03836739985100059,-0.03836739985100059,0.3562686001489994,,,,
3.857425,927,1079.0,0.1589506001489994,-0.03836739985100059,-0.03836739985100059,0.4549276001489994,,,,
3.858504,927,1079.0,0.1589506001489994,0.060291600148999404,-0.03836739985100059,0.4549276001489994,,,,
3.859583,927,1079.0,0.2576096001489994,0.1589506001489994,0.060291600148999404,0.4549276001489994,,,,
3.860662,927,1079.0,0.2576096001489994,0.2576096001489994,0.1589506001489994,0.7509046001489994,,,,
3.861741,927,1079.0,0.3562686001489994,0.2576096001489994,0.3562686001489994,1.0468816001489993,,,,
3.86282,927,1079.0,0.3562686001489994,0.1589506001489994,0.3562686001489994,1.1455406001489994,,,,
3.863899,927,1079.0,0.2576096001489994,0.1589506001489994,0.2576096001489994,1.0468816001489993,,,,
3.864978,927,1079.0,0.1589506001489994,0.1589506001489994,0.2576096001489994,0.8495636001489993,,,,
3.866057,927,1079.0,0.2576096001489994,0.2576096001489994,0.1589506001489994,0.6522456001489993,,,,
3.867136,927,1079.0,0.2576096001489994,0.2576096001489994,0.1589506001489994,0.7509046001489994,,,,
3.868215,927,1079.0,0.2576096001489994,0.2576096001489994,0.2576096001489994,0.9482226001489994,,,,
3.869294,927,1079.0,0.1589506001489994,0.1589506001489994,0.2576096001489994,0.9482226001489994,,,,
3.870373,927,1079.0,0.060291600148999404,0.060291600148999404,0.2576096001489994,0.9482226001489994,,,,
3.871452,927,1079.0,-0.03836739985100059,0.060291600148999404,0.1589506001489994,0.6522456001489993,,,,
3.872531,927,1079.0,0.060291600148999404,0.1589506001489994,0.1589506001489994,0.6522456001489993,,,,
3.87361,927,1079.0,0.1589506001489994,0.2576096001489994,0.2576096001489994,0.8495636001489993,,,,
3.874689,927,1079.0,0.2576096001489994,0.2576096001489994,0.3562686001489994,1.1455406001489994,,,,
3.875768,927,1079.0,0.2576096001489994,0.2576096001489994,0.5535866001489994,1.4415176001489993,,,,
3.876847,927,1079.0,0.1589506001489994,0.2576096001489994,0.6522456001489993,1.6388356001489994,,,,
3.877926,927,1079.0,0.1589506001489994,0.2576096001489994,0.6522456001489993,1.6388356001489994,,,,
3.879005,927,1079.0,0.2576096001489994,0.4549276001489994,0.6522456001489993,1.4415176001489993,,,,
3.880084,927,1079.0,0.3562686001489994,0.6522456001489993,0.7509046001489994,1.5401766001489994,,,,
3.881163,927,1079.0,0.4549276001489994,0.6522456001489993,0.8495636001489993,1.8361536001489993,,,,
3.882242,927,1079.0,0.4549276001489994,0.5535866001489994,1.0468816001489993,2.2307896001489995,,,,
3.883321,927,1079.0,0.3562686001489994,0.4549276001489994,1.0468816001489993,2.329448600148999,,,,
3.8844,927,1079.0,0.2576096001489994,0.3562686001489994,0.9482226001489994,2.1321306001489995,,,,
3.885479,927,1079.0,0.3562686001489994,0.4549276001489994,0.8495636001489993,1.8361536001489993,,,,
3.886558,927,1079.0,0.3562686001489994,0.5535866001489994,0.7509046001489994,1.5401766001489994,,,,
3.887637,927,1079.0,0.4549276001489994,0.5535866001489994,0.7509046001489994,1.6388356001489994,,,,
3.888716,927,1079.0,0.3562686001489994,0.4549276001489994,0.8495636001489993,1.8361536001489993,,,,
3.889795,927,1079.0,0.1589506001489994,0.2576096001489994,0.9482226001489994,2.1321306001489995,,,,
3.890874,927,1079.0,0.060291600148999404,0.2576096001489994,0.8495636001489993,2.0334716001489994,,,,
3.891953,927,1079.0,0.060291600148999404,0.2576096001489994,0.7509046001489994,1.7374946001489993,,,,
3.893032,927,1079.0,0.2576096001489994,0.5535866001489994,0.7509046001489994,1.6388356001489994,,,,
3.894111,927,1079.0,0.3562686001489994,0.6522456001489993,0.8495636001489993,1.7374946001489993,,,,
3.89519,927,1079.0,0.3562686001489994,0.6522456001489993,1.0468816001489993,2.2307896001489995,,,,
3.896269,927,1079.0,0.2576096001489994,0.4549276001489994,1.2441996001489994,2.5267666001489992,,,,
3.897348,927,1079.0,0.2576096001489994,0.3562686001489994,1.2441996001489994,2.7240846001489993,,,,
3.898427,927,1079.0,0.2576096001489994,0.4549276001489994,1.2441996001489994,2.5267666001489992,,,,
3.899506,927,1079.0,0.4549276001489994,0.7509046001489994,1.1455406001489994,2.329448600148999,,,,
3.900585,927,1079.0,0.5535866001489994,0.8495636001489993,1.2441996001489994,2.428107600148999,,,,
3.901664,927,1079.0,0.5535866001489994,0.8495636001489993,1.3428586001489993,2.7240846001489993,,,,
3.902743,927,1079.0,0.4549276001489994,0.6522456001489993,1.4415176001489993,3.0200616001489995,,,,
3.903822,927,1079.0,0.3562686001489994,0.5535866001489994,1.4415176001489993,3.0200616001489995,,,,
3.904901,927,1079.0,0.2576096001489994,0.5535866001489994,1.3428586001489993,2.7240846001489993,,,,
3.90598,927,1079.0,0.3562686001489994,0.7509046001489994,1.1455406001489994,2.329448600148999,,,,
3.907059,927,1079.0,0.4549276001489994,0.8495636001489993,1.0468816001489993,2.2307896001489995,,,,
3.908138,927,1079.0,0.4549276001489994,0.8495636001489993,1.0468816001489993,2.2307896001489995,,,,
3.909217,927,1079.0,0.2576096001489994,0.5535866001489994,1.2441996001489994,2.5267666001489992,,,,
3.910296,927,1079.0,0.1589506001489994,0.3562686001489994,1.2441996001489994,2.6254256001489993,,,,
3.911375,927,1079.0,0.060291600148999404,0.3562686001489994,1.2441996001489994,2.5267666001489992,,,,
3.912454,927,1079.0,0.1589506001489994,0.5535866001489994,1.1455406001489994,2.329448600148999,,,,
3.913533,927,1079.0,0.3562686001489994,0.7509046001489994,1.0468816001489993,2.1321306001489995,,,,
3.914612,927,1079.0,0.4549276001489994,0.7509046001489994,1.0468816001489993,2.2307896001489995,,,,
3.915691,927,1079.0,0.4549276001489994,0.6522456001489993,1.2441996001489994,2.6254256001489993,,,,
3.91677,927,1079.0,0.2576096001489994,0.5535866001489994,1.4415176001489993,2.9214026001489994,,,,
3.917849,927,1079.0,0.2576096001489994,0.4549276001489994,1.4415176001489993,3.0200616001489995,,,,
3.918928,927,1079.0,0.3562686001489994,0.6522456001489993,1.3428586001489993,2.8227436001489994,,,,
3.920007,927,1079.0,0.5535866001489994,0.8495636001489993,1.3428586001489993,2.7240846001489993,,,,
3.921086,927,1079.0,0.6522456001489993,1.0468816001489993,1.2441996001489994,2.5267666001489992,,,,
3.922165,927,1079.0,0.5535866001489994,0.8495636001489993,1.3428586001489993,2.7240846001489993,,,,
3.923244,927,1079.0,0.3562686001489994,0.7509046001489994,1.4415176001489993,2.9214026001489994,,,,
3.924323,927,1079.0,0.2576096001489994,0.5535866001489994,1.4415176001489993,2.9214026001489994,,,,
3.925402,927,1079.0,0.2576096001489994,0.5535866001489994,1.3428586001489993,2.6254256001489993,,,,
3.926481,927,1079.0,0.3562686001489994,0.6522456001489993,1.0468816001489993,2.2307896001489995,,,,
3.92756,927,1079.0,0.4549276001489994,0.7509046001489994,0.9482226001489994,1.9348126001489994,,,,
3.928639,927,1079.0,0.3562686001489994,0.6522456001489993,0.9482226001489994,2.0334716001489994,,,,
3.929718,927,1079.0,0.1589506001489994,0.4549276001489994,0.9482226001489994,2.1321306001489995,,,,
3.930797,927,1079.0,0.060291600148999404,0.2576096001489994,1.0468816001489993,2.329448600148999,,,,
3.931876,927,1079.0,0.060291600148999404,0.3562686001489994,1.0468816001489993,2.2307896001489995,,,,
3.932955,927,1079.0,0.2576096001489994,0.5535866001489994,0.9482226001489994,2.0334716001489994,,,,
3.934034,927,1079.0,0.3562686001489994,0.6522456001489993,0.8495636001489993,1.8361536001489993,,,,
3.935113,927,1079.0,0.3562686001489994,0.6522456001489993,0.8495636001489993,1.9348126001489994,,,,
3.936192,927,1079.0,0.2576096001489994,0.5535866001489994,0.9482226001489994,2.1321306001489995,,,,
3.937271,927,1079.0,0.2576096001489994,0.4549276001489994,1.1455406001489994,2.428107600148999,,,,
3.93835,927,1079.0,0.2576096001489994,0.4549276001489994,1.1455406001489994,2.5267666001489992,,,,
3.939429,927,1079.0,0.3562686001489994,0.5535866001489994,1.1455406001489994,2.329448600148999,,,,
3.940508,927,1079.0,0.4549276001489994,0.7509046001489994,1.0468816001489993,2.1321306001489995,,,,
3.941587,927,1079.0,0.5535866001489994,0.7509046001489994,0.8495636001489993,1.9348126001489994,,,,
3.942666,927,1079.0,0.3562686001489994,0.6522456001489993,0.8495636001489993,1.9348126001489994,,,,
3.943745,927,1079.0,0.2576096001489994,0.4549276001489994,0.8495636001489993,2.0334716001489994,,,,
3.944824,927,1079.0,0.1589506001489994,0.3562686001489994,0.9482226001489994,1.9348126001489994,,,,
3.945903,927,1079.0,0.2576096001489994,0.3562686001489994,0.7509046001489994,1.7374946001489993,,,,
3.946982,927,1079.0,0.2576096001489994,0.4549276001489994,0.6522456001489993,1.3428586001489993,,,,
3.948061,927,1079.0,0.2576096001489994,0.3562686001489994,0.4549276001489994,1.1455406001489994,,,,
3.94914,927,1079.0,0.2576096001489994,0.2576096001489994,0.3562686001489994,1.0468816001489993,,,,
3.950219,927,1079.0,0.060291600148999404,0.060291600148999404,0.3562686001489994,1.1455406001489994,,,,
3.951298,927,1079.0,0.060291600148999404,0.1589506001489994,0.4549276001489994,1.2441996001489994,,,,
3.952377,927,1079.0,0.1589506001489994,0.1589506001489994,0.4549276001489994,1.2441996001489994,,,,
3.953456,927,1079.0,0.2576096001489994,0.2576096001489994,0.4549276001489994,1.1455406001489994,,,,
3.954535,927,1079.0,0.2576096001489994,0.3562686001489994,0.3562686001489994,0.9482226001489994,,,,
3.955614,927,1079.0,0.2576096001489994,0.2576096001489994,0.3562686001489994,1.0468816001489993,,,,
3.956693,927,1079.0,0.2576096001489994,0.2576096001489994,0.3562686001489994,1.2441996001489994,,,,
3.957772,927,1079.0,0.2576096001489994,0.1589506001489994,0.4549276001489994,1.3428586001489993,,,,
3.958851,927,1079.0,0.2576096001489994,0.2576096001489994,0.5535866001489994,1.4415176001489993,,,,
3.95993,927,1079.0,0.3562686001489994,0.3562686001489994,0.5535866001489994,1.3428586001489993,,,,
3.961009,927,1079.0,0.3562686001489994,0.4549276001489994,0.4549276001489994,1.0468816001489993,,,,
3.962088,927,1079.0,0.2576096001489994,0.2576096001489994,0.2576096001489994,0.8495636001489993,,,,
3.963167,927,1079.0,0.2576096001489994,0.1589506001489994,0.2576096001489994,0.8495636001489993,,,,
3.964246,927,1079.0,0.1589506001489994,0.060291600148999404,0.1589506001489994,0.8495636001489993,,,,
3.965325,927,1079.0,0.1589506001489994,0.060291600148999404,0.1589506001489994,0.7509046001489994,,,,
3.966404,927,1079.0,0.1589506001489994,0.060291600148999404,0.060291600148999404,0.6522456001489993,,,,
3.967483,927,1079.0,0.1589506001489994,0.060291600148999404,-0.03836739985100059,0.3562686001489994,,,,
3.968562,927,1079.0,0.1589506001489994,-0.03836739985100059,-0.1370263998510006,0.060291600148999404,,,,
3.969641,927,1079.0,0.060291600148999404,-0.03836739985100059,-0.33434439985100056,-0.03836739985100059,,,,
3.97072,927,1079.0,-0.03836739985100059,-0.1370263998510006,-0.2356853998510006,0.060291600148999404,,,,
3.971799,927,1079.0,0.060291600148999404,-0.1370263998510006,-0.1370263998510006,0.1589506001489994,,,,
3.972878,927,1079.0,0.060291600148999404,-0.03836739985100059,-0.1370263998510006,0.2576096001489994,,,,
3.973957,927,1079.0,0.1589506001489994,-0.03836739985100059,-0.03836739985100059,0.2576096001489994,,,,
3.975036,927,1079.0,0.1589506001489994,-0.03836739985100059,-0.1370263998510006,0.2576096001489994,,,,
3.976115,927,1079.0,0.1589506001489994,-0.03836739985100059,-0.1370263998510006,0.1589506001489994,,,,
3.977194,927,1079.0,0.1589506001489994,-0.03836739985100059,-0.2356853998510006,0.1589506001489994,,,,
3.978273,927,1079.0,0.2576096001489994,0.060291600148999404,-0.1370263998510006,0.3562686001489994,,,,
3.979352,927,1079.0,0.2576096001489994,0.060291600148999404,-0.03836739985100059,0.4549276001489994,,,,
3.980431,927,1079.0,0.2576096001489994,0.060291600148999404,-0.03836739985100059,0.4549276001489994,,,,
3.98151,927,1079.0,0.2576096001489994,-0.03836739985100059,-0.1370263998510006,0.2576096001489994,,,,
3.982589,927,1079.0,0.1589506001489994,-0.1370263998510006,-0.2356853998510006,0.060291600148999404,,,,
3.983668,927,1079.0,0.1589506001489994,-0.1370263998510006,-0.33434439985100056,-0.1370263998510006,,,,
3.984747,927,1079.0,0.1589506001489994,-0.1370263998510006,-0.43300339985100056,-0.2356853998510006,,,,
3.985826,927,1079.0,0.1589506001489994,-0.1370263998510006,-0.43300339985100056,-0.2356853998510006,,,,
3.986905,927,1079.0,0.1589506001489994,-0.1370263998510006,-0.43300339985100056,-0.2356853998510006,,,,
3.987984,927,1079.0,0.060291600148999404,-0.2356853998510006,-0.43300339985100056,-0.33434439985100056,,,,
3.989063,927,1079.0,-0.03836739985100059,-0.33434439985100056,-0.6303213998510006,-0.5316623998510006,,,,
3.990142,927,1079.0,-0.03836739985100059,-0.33434439985100056,-0.7289803998510006,-0.6303213998510006,,,,
3.991221,927,1079.0,-0.03836739985100059,-0.2356853998510006,-0.7289803998510006,-0.6303213998510006,,,,
3.9923,927,1079.0,0.060291600148999404,-0.2356853998510006,-0.6303213998510006,-0.43300339985100056,,,,
3.993379,927,1079.0,0.1589506001489994,-0.1370263998510006,-0.43300339985100056,-0.2356853998510006,,,,
3.994458,927,1079.0,0.1589506001489994,-0.2356853998510006,-0.43300339985100056,-0.03836739985100059,,,,
3.995537,927,1079.0,0.060291600148999404,-0.2356853998510006,-0.43300339985100056,-0.03836739985100059,,,,
3.996616,927,1079.0,0.060291600148999404,-0.2356853998510006,-0.43300339985100056,-0.2356853998510006,,,,
3.997695,927,1079.0,0.1589506001489994,-0.1370263998510006,-0.43300339985100056,-0.2356853998510006,,,,
3.998774,927,1079.0,0.2576096001489994,-0.03836739985100059,-0.33434439985100056,-0.03836739985100059,,,,
3.999853,927,1079.0,0.3562686001489994,0.060291600148999404,-0.2356853998510006,0.060291600148999404,,,,
4.000932,927,1079.0,0.2576096001489994,-0.03836739985100059,-0.2356853998510006,0.1589506001489994,,,,
4.002011,927,1079.0,0.1589506001489994,-0.1370263998510006,-0.2356853998510006,0.060291600148999404,,,,
4.00309,927,1079.0,0.060291600148999404,-0.2356853998510006,-0.43300339985100056,-0.2356853998510006,,,,
4.004169,927,1079.0,0.060291600148999404,-0.2356853998510006,-0.5316623998510006,-0.43300339985100056,,,,
4.005248,927,1079.0,0.1589506001489994,-0.1370263998510006,-0.6303213998510006,-0.5316623998510006,,,,
4.006327,927,1079.0,0.1589506001489994,-0.03836739985100059,-0.5316623998510006,-0.5316623998510006,,,,
4.007406,927,1079.0,0.060291600148999404,-0.2356853998510006,-0.5316623998510006,-0.33434439985100056,,,,
4.008485,927,1079.0,-0.03836739985100059,-0.43300339985100056,-0.5316623998510006,-0.33434439985100056,,,,
4.009564,927,1079.0,-0.1370263998510006,-0.43300339985100056,-0.5316623998510006,-0.43300339985100056,,,,
4.010643,927,1079.0,-0.03836739985100059,-0.2356853998510006,-0.6303213998510006,-0.5316623998510006,,,,
4.011722,927,1079.0,0.060291600148999404,-0.1370263998510006,-0.5316623998510006,-0.5316623998510006,,,,
4.012801,927,1079.0,0.1589506001489994,-0.03836739985100059,-0.5316623998510006,-0.33434439985100056,,,,
4.01388,927,1079.0,0.1589506001489994,-0.1370263998510006,-0.33434439985100056,-0.03836739985100059,,,,
4.014959,927,1079.0,0.060291600148999404,-0.1370263998510006,-0.1370263998510006,0.2576096001489994,,,,
4.016038,927,1079.0,0.060291600148999404,-0.2356853998510006,-0.1370263998510006,0.2576096001489994,,,,
4.017117,927,1079.0,0.1589506001489994,-0.1370263998510006,-0.1370263998510006,0.1589506001489994,,,,
4.018196,927,1079.0,0.2576096001489994,0.1589506001489994,-0.1370263998510006,0.1589506001489994,,,,
4.019275,927,1079.0,0.3562686001489994,0.2576096001489994,-0.1370263998510006,0.1589506001489994,,,,
4.020354,927,1079.0,0.3562686001489994,0.1589506001489994,-0.03836739985100059,0.4549276001489994,,,,
4.021433,927,1079.0,0.2576096001489994,-0.03836739985100059,0.060291600148999404,0.5535866001489994,,,,
4.022512,927,1079.0,0.060291600148999404,-0.1370263998510006,0.060291600148999404,0.5535866001489994,,,,
4.023591,927,1079.0,0.060291600148999404,-0.1370263998510006,-0.03836739985100059,0.3562686001489994,,,,
4.02467,927,1079.0,0.1589506001489994,0.060291600148999404,-0.2356853998510006,0.060291600148999404,,,,
4.025749,927,1079.0,0.2576096001489994,0.1589506001489994,-0.33434439985100056,-0.03836739985100059,,,,
4.026828,927,1079.0,0.2576096001489994,0.060291600148999404,-0.2356853998510006,0.1589506001489994,,,,
4.027907,927,1079.0,0.060291600148999404,-0.1370263998510006,-0.1370263998510006,0.2576096001489994,,,,
4.028986,927,1079.0,-0.03836739985100059,-0.2356853998510006,-0.03836739985100059,0.4549276001489994,,,,
4.030065,927,1079.0,-0.03836739985100059,-0.1370263998510006,-0.03836739985100059,0.4549276001489994,,,,
4.031144,927,1079.0,0.060291600148999404,-0.03836739985100059,-0.03836739985100059,0.2576096001489994,,,,
4.032223,927,1079.0,0.2576096001489994,0.1589506001489994,-0.1370263998510006,0.2576096001489994,,,,
4.033302,927,1079.0,0.2576096001489994,0.2576096001489994,0.060291600148999404,0.4549276001489994,,,,
4.034381,927,1079.0,0.2576096001489994,0.1589506001489994,0.2576096001489994,0.8495636001489993,,,,
4.03546,927,1079.0,0.1589506001489994,0.060291600148999404,0.3562686001489994,1.2441996001489994,,,,
4.036539,927,1079.0,0.1589506001489994,0.060291600148999404,0.4549276001489994,1.3428586001489993,,,,
4.037618,927,1079.0,0.2576096001489994,0.2576096001489994,0.4549276001489994,1.2441996001489994,,,,
4.038697,927,1079.0,0.4549276001489994,0.4549276001489994,0.4549276001489994,1.1455406001489994,,,,
4.039776,927,1079.0,0.4549276001489994,0.5535866001489994,0.3562686001489994,1.0468816001489993,,,,
4.040855,927,1079.0,0.3562686001489994,0.3562686001489994,0.4549276001489994,1.3428586001489993,,,,
4.041934,927,1079.0,0.2576096001489994,0.2576096001489994,0.5535866001489994,1.5401766001489994,,,,
4.043013,927,1079.0,0.1589506001489994,0.1589506001489994,0.5535866001489994,1.5401766001489994,,,,
4.044092,927,1079.0,0.1589506001489994,0.2576096001489994,0.5535866001489994,1.2441996001489994,,,,
4.045171,927,1079.0,0.2576096001489994,0.3562686001489994,0.3562686001489994,0.9482226001489994,,,,
4.04625,927,1079.0,0.3562686001489994,0.4549276001489994,0.2576096001489994,0.8495636001489993,,,,
4.047329,927,1079.0,0.2576096001489994,0.3562686001489994,0.3562686001489994,1.0468816001489993,,,,
4.048408,927,1079.0,0.060291600148999404,0.1589506001489994,0.4549276001489994,1.3428586001489993,,,,
4.049487,927,1079.0,0.060291600148999404,0.060291600148999404,0.5535866001489994,1.6388356001489994,,,,
4.050566,927,1079.0,0.060291600148999404,0.1589506001489994,0.6522456001489993,1.6388356001489994,,,,
4.051645,927,1079.0,0.2576096001489994,0.3562686001489994,0.6522456001489993,1.4415176001489993,,,,
4.052724,927,1079.0,0.3562686001489994,0.5535866001489994,0.6522456001489993,1.4415176001489993,,,,
4.053803,927,1079.0,0.3562686001489994,0.5535866001489994,0.6522456001489993,1.5401766001489994,,,,
4.054882,927,1079.0,0.3562686001489994,0.4549276001489994,0.8495636001489993,2.0334716001489994,,,,
4.055961,927,1079.0,0.2576096001489994,0.3562686001489994,0.9482226001489994,2.428107600148999,,,,
4.05704,927,1079.0,0.2576096001489994,0.4549276001489994,1.1455406001489994,2.5267666001489992,,,,
4.058119,927,1079.0,0.4549276001489994,0.6522456001489993,1.1455406001489994,2.428107600148999,,,,
4.059198,927,1079.0,0.5535866001489994,0.7509046001489994,1.0468816001489993,2.1321306001489995,,,,
4.060277,927,1079.0,0.4549276001489994,0.7509046001489994,0.9482226001489994,2.0334716001489994,,,,
4.061356,927,1079.0,0.3562686001489994,0.6522456001489993,0.9482226001489994,2.2307896001489995,,,,
4.062435,927,1079.0,0.2576096001489994,0.4549276001489994,1.1455406001489994,2.428107600148999,,,,
4.063514,927,1079.0,0.1589506001489994,0.3562686001489994,1.1455406001489994,2.428107600148999,,,,
4.064593,927,1079.0,0.2576096001489994,0.4549276001489994,1.0468816001489993,2.2307896001489995,,,,
4.065672,927,1079.0,0.2576096001489994,0.5535866001489994,0.9482226001489994,1.9348126001489994,,,,
4.066751,927,1079.0,0.3562686001489994,0.6522456001489993,0.8495636001489993,1.7374946001489993,,,,
4.06783,927,1079.0,0.2576096001489994,0.4549276001489994,0.8495636001489993,1.8361536001489993,,,,
4.068909,927,1079.0,0.1589506001489994,0.3562686001489994,0.9482226001489994,2.2307896001489995,,,,
4.069988,927,1079.0,0.1589506001489994,0.3562686001489994,1.1455406001489994,2.428107600148999,,,,
4.071067,927,1079.0,0.2576096001489994,0.4549276001489994,1.2441996001489994,2.5267666001489992,,,,
4.072146,927,1079.0,0.2576096001489994,0.6522456001489993,1.1455406001489994,2.329448600148999,,,,
4.073225,927,1079.0,0.4549276001489994,0.7509046001489994,1.1455406001489994,2.329448600148999,,,,
4.074304,927,1079.0,0.4549276001489994,0.7509046001489994,1.1455406001489994,2.428107600148999,,,,
4.075383,927,1079.0,0.3562686001489994,0.6522456001489993,1.2441996001489994,2.7240846001489993,,,,
4.076462,927,1079.0,0.3562686001489994,0.6522456001489993,1.4415176001489993,3.0200616001489995,,,,
4.077541,927,1079.0,0.4549276001489994,0.7509046001489994,1.5401766001489994,3.118720600148999,,,,
4.07862,927,1079.0,0.5535866001489994,0.8495636001489993,1.4415176001489993,2.9214026001489994,,,,
4.079699,927,1079.0,0.5535866001489994,0.9482226001489994,1.3428586001489993,2.6254256001489993,,,,
4.080778,927,1079.0,0.5535866001489994,0.7509046001489994,1.2441996001489994,2.5267666001489992,,,,
4.081857,927,1079.0,0.3562686001489994,0.7509046001489994,1.2441996001489994,2.5267666001489992,,,,
4.082936,927,1079.0,0.2576096001489994,0.5535866001489994,1.2441996001489994,2.7240846001489993,,,,
4.084015,927,1079.0,0.3562686001489994,0.5535866001489994,1.3428586001489993,2.7240846001489993,,,,
4.085094,927,1079.0,0.3562686001489994,0.5535866001489994,1.2441996001489994,2.5267666001489992,,,,
4.086173,927,1079.0,0.3562686001489994,0.5535866001489994,1.0468816001489993,2.329448600148999,,,,
4.087252,927,1079.0,0.2576096001489994,0.5535866001489994,0.9482226001489994,2.0334716001489994,,,,
4.088331,927,1079.0,0.2576096001489994,0.5535866001489994,0.9482226001489994,2.0334716001489994,,,,
4.08941,927,1079.0,0.2576096001489994,0.4549276001489994,1.0468816001489993,2.329448600148999,,,,
4.090489,927,1079.0,0.2576096001489994,0.5535866001489994,1.2441996001489994,2.5267666001489992,,,,
4.091568,927,1079.0,0.3562686001489994,0.5535866001489994,1.2441996001489994,2.6254256001489993,,,,
4.092647,927,1079.0,0.3562686001489994,0.6522456001489993,1.2441996001489994,2.5267666001489992,,,,
4.093726,927,1079.0,0.3562686001489994,0.6522456001489993,1.2441996001489994,2.5267666001489992,,,,
4.094805,927,1079.0,0.3562686001489994,0.6522456001489993,1.1455406001489994,2.428107600148999,,,,
4.095884,927,1079.0,0.3562686001489994,0.7509046001489994,1.2441996001489994,2.6254256001489993,,,,
4.096963,927,1079.0,0.4549276001489994,0.7509046001489994,1.3428586001489993,2.8227436001489994,,,,
4.098042,927,1079.0,0.4549276001489994,0.7509046001489994,1.4415176001489993,2.9214026001489994,,,,
4.099121,927,1079.0,0.4549276001489994,0.7509046001489994,1.3428586001489993,2.6254256001489993,,,,
4.1002,927,1079.0,0.4549276001489994,0.6522456001489993,1.2441996001489994,2.428107600148999,,,,
4.101279,927,1079.0,0.3562686001489994,0.6522456001489993,1.1455406001489994,2.2307896001489995,,,,
4.102358,927,1079.0,0.2576096001489994,0.5535866001489994,0.9482226001489994,2.0334716001489994,,,,
4.103437,927,1079.0,0.2576096001489994,0.5535866001489994,0.9482226001489994,2.1321306001489995,,,,
4.104516,927,1079.0,0.3562686001489994,0.4549276001489994,0.9482226001489994,2.1321306001489995,,,,
4.105595,927,1079.0,0.2576096001489994,0.3562686001489994,0.9482226001489994,2.0334716001489994,,,,
4.106674,927,1079.0,0.1589506001489994,0.3562686001489994,0.7509046001489994,1.7374946001489993,,,,
4.107753,927,1079.0,0.1589506001489994,0.3562686001489994,0.6522456001489993,1.5401766001489994,,,,
4.108832,927,1079.0,0.1589506001489994,0.3562686001489994,0.6522456001489993,1.5401766001489994,,,,
4.109911,927,1079.0,0.2576096001489994,0.4549276001489994,0.6522456001489993,1.6388356001489994,,,,
4.11099,927,1079.0,0.2576096001489994,0.4549276001489994,0.7509046001489994,1.8361536001489993,,,,
4.112069,927,1079.0,0.2576096001489994,0.4549276001489994,0.8495636001489993,1.9348126001489994,,,,
4.113148,927,1079.0,0.2576096001489994,0.4549276001489994,0.8495636001489993,2.0334716001489994,,,,
4.114227,927,1079.0,0.2576096001489994,0.3562686001489994,0.7509046001489994,1.8361536001489993,,,,
4.115306,927,1079.0,0.3562686001489994,0.4549276001489994,0.7509046001489994,1.7374946001489993,,,,
4.116385,927,1079.0,0.3562686001489994,0.5535866001489994,0.7509046001489994,1.7374946001489993,,,,
4.117464,927,1079.0,0.4549276001489994,0.6522456001489993,0.8495636001489993,1.8361536001489993,,,,
4.118543,927,1079.0,0.4549276001489994,0.5535866001489994,0.7509046001489994,1.8361536001489993,,,,
4.119622,927,1079.0,0.3562686001489994,0.3562686001489994,0.7509046001489994,1.7374946001489993,,,,
4.120701,927,1079.0,0.2576096001489994,0.2576096001489994,0.6522456001489993,1.5401766001489994,,,,
4.12178,927,1079.0,0.2576096001489994,0.2576096001489994,0.4549276001489994,1.2441996001489994,,,,
4.122859,927,1079.0,0.2576096001489994,0.2576096001489994,0.3562686001489994,0.9482226001489994,,,,
4.123938,927,1079.0,0.2576096001489994,0.2576096001489994,0.2576096001489994,0.9482226001489994,,,,
4.125017,927,1079.0,0.2576096001489994,0.2576096001489994,0.2576096001489994,0.9482226001489994,,,,
4.126096,927,1079.0,0.1589506001489994,0.1589506001489994,0.2576096001489994,0.9482226001489994,,,,
4.127175,927,1079.0,0.060291600148999404,-0.03836739985100059,0.1589506001489994,0.8495636001489993,,,,
4.128254,927,1079.0,0.060291600148999404,0.060291600148999404,0.1589506001489994,0.6522456001489993,,,,
4.129333,927,1079.0,0.060291600148999404,0.1589506001489994,0.060291600148999404,0.6522456001489993,,,,
4.130412,927,1079.0,0.1589506001489994,0.2576096001489994,0.060291600148999404,0.5535866001489994,,,,
4.131491,927,1079.0,0.2576096001489994,0.2576096001489994,0.1589506001489994,0.7509046001489994,,,,
4.13257,927,1079.0,0.2576096001489994,0.1589506001489994,0.2576096001489994,0.9482226001489994,,,,
4.133649,927,1079.0,0.1589506001489994,0.1589506001489994,0.2576096001489994,1.0468816001489993,,,,
4.134728,927,1079.0,0.1589506001489994,0.060291600148999404,0.2576096001489994,0.9482226001489994,,,,
4.135807,927,1079.0,0.2576096001489994,0.1589506001489994,0.1589506001489994,0.8495636001489993,,,,
4.136886,927,1079.0,0.3562686001489994,0.2576096001489994,0.1589506001489994,0.6522456001489993,,,,
4.137965,927,1079.0,0.3562686001489994,0.2576096001489994,0.1589506001489994,0.5535866001489994,,,,
4.139044,927,1079.0,0.3562686001489994,0.1589506001489994,0.060291600148999404,0.7509046001489994,,,,
4.140123,927,1079.0,0.1589506001489994,0.060291600148999404,0.060291600148999404,0.6522456001489993,,,,
4.141202,927,1079.0,0.1589506001489994,-0.1370263998510006,0.060291600148999404,0.5535866001489994,,,,
4.142281,927,1079.0,0.060291600148999404,-0.03836739985100059,-0.1370263998510006,0.1589506001489994,,,,
4.14336,927,1079.0,0.1589506001489994,-0.03836739985100059,-0.33434439985100056,-0.1370263998510006,,,,
4.144439,927,1079.0,0.2576096001489994,-0.03836739985100059,-0.43300339985100056,-0.2356853998510006,,,,
4.145518,927,1079.0,0.1589506001489994,-0.03836739985100059,-0.43300339985100056,-0.2356853998510006,,,,
4.146597,927,1079.0,-0.03836739985100059,-0.2356853998510006,-0.33434439985100056,-0.03836739985100059,,,,
4.147676,927,1079.0,-0.03836739985100059,-0.33434439985100056,-0.33434439985100056,0.060291600148999404,,,,
4.148755,927,1079.0,-0.03836739985100059,-0.33434439985100056,-0.33434439985100056,-0.03836739985100059,,,,
4.149834,927,1079.0,0.060291600148999404,-0.1370263998510006,-0.43300339985100056,-0.2356853998510006,,,,
4.150913,927,1079.0,0.2576096001489994,-0.03836739985100059,-0.43300339985100056,-0.33434439985100056,,,,
4.151992,927,1079.0,0.2576096001489994,-0.03836739985100059,-0.33434439985100056,-0.1370263998510006,,,,
4.153071,927,1079.0,0.1589506001489994,-0.03836739985100059,-0.2356853998510006,0.060291600148999404,,,,
4.15415,927,1079.0,0.060291600148999404,-0.1370263998510006,-0.1370263998510006,0.2576096001489994,,,,
4.155229,927,1079.0,0.1589506001489994,-0.1370263998510006,-0.1370263998510006,0.3562686001489994,,,,
4.156308,927,1079.0,0.2576096001489994,-0.03836739985100059,-0.2356853998510006,0.060291600148999404,,,,
4.157387,927,1079.0,0.3562686001489994,0.060291600148999404,-0.33434439985100056,-0.1370263998510006,,,,
4.158466,927,1079.0,0.2576096001489994,0.060291600148999404,-0.43300339985100056,-0.2356853998510006,,,,
4.159545,927,1079.0,0.2576096001489994,-0.1370263998510006,-0.33434439985100056,-0.03836739985100059,,,,
4.160624,927,1079.0,0.060291600148999404,-0.2356853998510006,-0.33434439985100056,0.060291600148999404,,,,
4.161703,927,1079.0,-0.03836739985100059,-0.33434439985100056,-0.43300339985100056,-0.1370263998510006,,,,
4.162782,927,1079.0,0.060291600148999404,-0.2356853998510006,-0.5316623998510006,-0.33434439985100056,,,,
4.163861,927,1079.0,0.1589506001489994,-0.2356853998510006,-0.6303213998510006,-0.7289803998510006,,,,
4.16494,927,1079.0,0.1589506001489994,-0.1370263998510006,-0.7289803998510006,-0.8276393998510005,,,,
4.166019,927,1079.0,0.060291600148999404,-0.2356853998510006,-0.7289803998510006,-0.7289803998510006,,,,
4.167098,927,1079.0,-0.03836739985100059,-0.43300339985100056,-0.5316623998510006,-0.43300339985100056,,,,
4.168177,927,1079.0,-0.1370263998510006,-0.43300339985100056,-0.43300339985100056,-0.2356853998510006,,,,
4.169256,927,1079.0,-0.03836739985100059,-0.33434439985100056,-0.43300339985100056,-0.33434439985100056,,,,
4.170335,927,1079.0,0.060291600148999404,-0.1370263998510006,-0.5316623998510006,-0.5316623998510006,,,,
4.171414,927,1079.0,0.2576096001489994,-0.03836739985100059,-0.5316623998510006,-0.5316623998510006,,,,
4.172493,927,1079.0,0.1589506001489994,-0.03836739985100059,-0.5316623998510006,-0.33434439985100056,,,,
4.173572,927,1079.0,0.1589506001489994,-0.1370263998510006,-0.33434439985100056,-0.03836739985100059,,,,
4.174651,927,1079.0,0.060291600148999404,-0.2356853998510006,-0.1370263998510006,0.3562686001489994,,,,
4.17573,927,1079.0,0.2576096001489994,-0.1370263998510006,-0.1370263998510006,0.3562686001489994,,,,
4.176809,927,1079.0,0.2576096001489994,-0.03836739985100059,-0.1370263998510006,0.060291600148999404,,,,
4.177888,927,1079.0,0.2576096001489994,0.060291600148999404,-0.33434439985100056,-0.2356853998510006,,,,
4.178967,927,1079.0,0.2576096001489994,0.060291600148999404,-0.33434439985100056,-0.2356853998510006,,,,
4.180046,927,1079.0,0.1589506001489994,-0.03836739985100059,-0.33434439985100056,-0.1370263998510006,,,,
4.181125,927,1079.0,0.060291600148999404,-0.2356853998510006,-0.2356853998510006,0.060291600148999404,,,,
4.182204,927,1079.0,0.060291600148999404,-0.2356853998510006,-0.2356853998510006,0.060291600148999404,,,,
4.183283,927,1079.0,0.060291600148999404,-0.2356853998510006,-0.33434439985100056,-0.2356853998510006,,,,
4.184362,927,1079.0,0.1589506001489994,-0.1370263998510006,-0.5316623998510006,-0.5316623998510006,,,,
4.185441,927,1079.0,0.060291600148999404,-0.1370263998510006,-0.6303213998510006,-0.6303213998510006,,,,
4.18652,927,1079.0,0.060291600148999404,-0.2356853998510006,-0.5316623998510006,-0.33434439985100056,,,,
4.187599,927,1079.0,-0.03836739985100059,-0.2356853998510006,-0.33434439985100056,0.060291600148999404,,,,
4.188678,927,1079.0,-0.03836739985100059,-0.2356853998510006,-0.2356853998510006,0.2576096001489994,,,,
4.189757,927,1079.0,0.060291600148999404,-0.1370263998510006,-0.1370263998510006,0.2576096001489994,,,,
4.190836,927,1079.0,0.1589506001489994,0.060291600148999404,-0.1370263998510006,0.060291600148999404,,,,
4.191915,927,1079.0,0.2576096001489994,0.060291600148999404,-0.2356853998510006,0.060291600148999404,,,,
4.192994,927,1079.0,0.2576096001489994,0.060291600148999404,-0.1370263998510006,0.2576096001489994,,,,
4.194073,927,1079.0,0.2576096001489994,0.060291600148999404,0.060291600148999404,0.6522456001489993,,,,
4.195152,927,1079.0,0.1589506001489994,0.060291600148999404,0.2576096001489994,0.9482226001489994,,,,
4.196231,927,1079.0,0.2576096001489994,0.060291600148999404,0.2576096001489994,0.9482226001489994,,,,
4.19731,927,1079.0,0.2576096001489994,0.1589506001489994,0.1589506001489994,0.7509046001489994,,,,
4.198389,927,1079.0,0.3562686001489994,0.2576096001489994,0.060291600148999404,0.4549276001489994,,,,
4.199468,927,1079.0,0.2576096001489994,0.1589506001489994,-0.03836739985100059,0.4549276001489994,,,,
4.200547,927,1079.0,0.1589506001489994,0.060291600148999404,0.060291600148999404,0.6522456001489993,,,,
4.201626,927,1079.0,0.060291600148999404,0.060291600148999404,0.060291600148999404,0.7509046001489994,,,,
4.202705,927,1079.0,0.060291600148999404,-0.03836739985100059,0.1589506001489994,0.8495636001489993,,,,
4.203784,927,1079.0,0.1589506001489994,0.060291600148999404,0.060291600148999404,0.6522456001489993,,,,
4.204863,927,1079.0,0.1589506001489994,0.060291600148999404,0.060291600148999404,0.3562686001489994,,,,
4.205942,927,1079.0,0.1589506001489994,0.1589506001489994,-0.03836739985100059,0.4549276001489994,,,,
4.207021,927,1079.0,0.1589506001489994,0.1589506001489994,0.1589506001489994,0.7509046001489994,,,,
4.2081,927,1079.0,0.1589506001489994,0.060291600148999404,0.2576096001489994,1.0468816001489993,,,,
4.209179,927,1079.0,0.1589506001489994,0.1589506001489994,0.4549276001489994,1.2441996001489994,,,,
4.210258,927,1079.0,0.1589506001489994,0.2576096001489994,0.5535866001489994,1.3428586001489993,,,,
4.211337,927,1079.0,0.2576096001489994,0.2576096001489994,0.5535866001489994,1.2441996001489994,,,,
4.212416,927,1079.0,0.3562686001489994,0.3562686001489994,0.4549276001489994,1.2441996001489994,,,,
4.213495,927,1079.0,0.2576096001489994,0.4549276001489994,0.5535866001489994,1.4415176001489993,,,,
4.214574,927,1079.0,0.3562686001489994,0.4549276001489994,0.7509046001489994,1.7374946001489993,,,,
4.215653,927,1079.0,0.3562686001489994,0.4549276001489994,0.8495636001489993,2.0334716001489994,,,,
4.216732,927,1079.0,0.3562686001489994,0.4549276001489994,0.8495636001489993,1.9348126001489994,,,,
4.217811,927,1079.0,0.3562686001489994,0.4549276001489994,0.7509046001489994,1.7374946001489993,,,,
4.21889,927,1079.0,0.3562686001489994,0.4549276001489994,0.6522456001489993,1.5401766001489994,,,,
4.219969,927,1079.0,0.2576096001489994,0.4549276001489994,0.7509046001489994,1.4415176001489993,,,,
4.221048,927,1079.0,0.2576096001489994,0.3562686001489994,0.6522456001489993,1.5401766001489994,,,,
4.222127,927,1079.0,0.2576096001489994,0.3562686001489994,0.7509046001489994,1.6388356001489994,,,,
4.223206,927,1079.0,0.2576096001489994,0.3562686001489994,0.7509046001489994,1.7374946001489993,,,,
4.224285,927,1079.0,0.1589506001489994,0.2576096001489994,0.6522456001489993,1.5401766001489994,,,,
4.225364,927,1079.0,0.1589506001489994,0.2576096001489994,0.6522456001489993,1.5401766001489994,,,,
4.226443,927,1079.0,0.1589506001489994,0.3562686001489994,0.6522456001489993,1.5401766001489994,,,,
4.227522,927,1079.0,0.1589506001489994,0.3562686001489994,0.7509046001489994,1.7374946001489993,,,,
4.228601,927,1079.0,0.2576096001489994,0.4549276001489994,0.8495636001489993,2.0334716001489994,,,,
4.22968,927,1079.0,0.2576096001489994,0.5535866001489994,1.0468816001489993,2.2307896001489995,,,,
4.230759,927,1079.0,0.3562686001489994,0.5535866001489994,1.0468816001489993,2.428107600148999,,,,
4.231838,927,1079.0,0.3562686001489994,0.5535866001489994,1.1455406001489994,2.428107600148999,,,,
4.232917,927,1079.0,0.3562686001489994,0.5535866001489994,1.1455406001489994,2.428107600148999,,,,
4.233996,927,1079.0,0.4549276001489994,0.6522456001489993,1.2441996001489994,2.5267666001489992,,,,
4.235075,927,1079.0,0.4549276001489994,0.7509046001489994,1.2441996001489994,2.5267666001489992,,,,
4.236154,927,1079.0,0.4549276001489994,0.7509046001489994,1.3428586001489993,2.7240846001489993,,,,
4.237233,927,1079.0,0.4549276001489994,0.6522456001489993,1.3428586001489993,2.7240846001489993,,,,
4.238312,927,1079.0,0.3562686001489994,0.6522456001489993,1.2441996001489994,2.6254256001489993,,,,
4.239391,927,1079.0,0.3562686001489994,0.5535866001489994,1.1455406001489994,2.428107600148999,,,,
4.24047,927,1079.0,0.2576096001489994,0.6522456001489993,1.0468816001489993,2.2307896001489995,,,,
4.241549,927,1079.0,0.3562686001489994,0.6522456001489993,1.0468816001489993,2.2307896001489995,,,,
4.242628,927,1079.0,0.2576096001489994,0.6522456001489993,1.0468816001489993,2.2307896001489995,,,,
4.243707,927,1079.0,0.2576096001489994,0.5535866001489994,1.0468816001489993,2.2307896001489995,,,,
4.244786,927,1079.0,0.2576096001489994,0.4549276001489994,1.0468816001489993,2.329448600148999,,,,
4.245865,927,1079.0,0.2576096001489994,0.4549276001489994,1.0468816001489993,2.428107600148999,,,,
4.246944,927,1079.0,0.2576096001489994,0.5535866001489994,1.1455406001489994,2.329448600148999,,,,
4.248023,927,1079.0,0.2576096001489994,0.6522456001489993,1.1455406001489994,2.329448600148999,,,,
4.249102,927,1079.0,0.3562686001489994,0.7509046001489994,1.1455406001489994,2.428107600148999,,,,
4.250181,927,1079.0,0.3562686001489994,0.7509046001489994,1.3428586001489993,2.7240846001489993,,,,
4.25126,927,1079.0,0.3562686001489994,0.6522456001489993,1.4415176001489993,2.8227436001489994,,,,
4.252339,927,1079.0,0.3562686001489994,0.6522456001489993,1.4415176001489993,2.9214026001489994,,,,
4.253418,927,1079.0,0.4549276001489994,0.7509046001489994,1.4415176001489993,2.9214026001489994,,,,
4.254497,927,1079.0,0.4549276001489994,0.8495636001489993,1.3428586001489993,2.7240846001489993,,,,
4.255576,927,1079.0,0.5535866001489994,0.8495636001489993,1.3428586001489993,2.7240846001489993,,,,
4.256655,927,1079.0,0.4549276001489994,0.8495636001489993,1.2441996001489994,2.7240846001489993,,,,
4.257734,927,1079.0,0.3562686001489994,0.7509046001489994,1.3428586001489993,2.8227436001489994,,,,
4.258813,927,1079.0,0.2576096001489994,0.6522456001489993,1.2441996001489994,2.7240846001489993,,,,
4.259892,927,1079.0,0.2576096001489994,0.5535866001489994,1.2441996001489994,2.6254256001489993,,,,
4.260971,927,1079.0,0.2576096001489994,0.5535866001489994,1.0468816001489993,2.2307896001489995,,,,
4.26205,927,1079.0,0.3562686001489994,0.6522456001489993,0.9482226001489994,2.1321306001489995,,,,
4.263129,927,1079.0,0.3562686001489994,0.5535866001489994,0.9482226001489994,2.0334716001489994,,,,
4.264208,927,1079.0,0.2576096001489994,0.4549276001489994,0.9482226001489994,2.1321306001489995,,,,
4.265287,927,1079.0,0.1589506001489994,0.4549276001489994,1.0468816001489993,2.329448600148999,,,,
4.266366,927,1079.0,0.1589506001489994,0.4549276001489994,1.0468816001489993,2.329448600148999,,,,
4.267445,927,1079.0,0.2576096001489994,0.4549276001489994,1.0468816001489993,2.2307896001489995,,,,
4.268524,927,1079.0,0.3562686001489994,0.6522456001489993,0.9482226001489994,2.1321306001489995,,,,
4.269603,927,1079.0,0.4549276001489994,0.6522456001489993,1.0468816001489993,2.1321306001489995,,,,
4.270682,927,1079.0,0.4549276001489994,0.6522456001489993,1.0468816001489993,2.2307896001489995,,,,
4.271761,927,1079.0,0.3562686001489994,0.5535866001489994,1.1455406001489994,2.5267666001489992,,,,
4.27284,927,1079.0,0.3562686001489994,0.5535866001489994,1.2441996001489994,2.7240846001489993,,,,
4.273919,927,1079.0,0.4549276001489994,0.5535866001489994,1.2441996001489994,2.6254256001489993,,,,
4.274998,927,1079.0,0.4549276001489994,0.6522456001489993,1.1455406001489994,2.2307896001489995,,,,
4.276077,927,1079.0,0.4549276001489994,0.7509046001489994,0.9482226001489994,2.0334716001489994,,,,
4.277156,927,1079.0,0.4549276001489994,0.6522456001489993,0.9482226001489994,2.0334716001489994,,,,
4.278235,927,1079.0,0.3562686001489994,0.4549276001489994,0.9482226001489994,2.0334716001489994,,,,
4.279314,927,1079.0,0.2576096001489994,0.3562686001489994,0.9482226001489994,2.0334716001489994,,,,
4.280393,927,1079.0,0.1589506001489994,0.3562686001489994,0.7509046001489994,1.8361536001489993,,,,
4.281472,927,1079.0,0.2576096001489994,0.3562686001489994,0.6522456001489993,1.4415176001489993,,,,
4.282551,927,1079.0,0.2576096001489994,0.4549276001489994,0.4549276001489994,1.1455406001489994,,,,
4.28363,927,1079.0,0.2576096001489994,0.3562686001489994,0.3562686001489994,1.0468816001489993,,,,
4.284709,927,1079.0,0.1589506001489994,0.2576096001489994,0.4549276001489994,1.3428586001489993,,,,
4.285788,927,1079.0,0.060291600148999404,0.2576096001489994,0.6522456001489993,1.5401766001489994,,,,
4.286867,927,1079.0,0.1589506001489994,0.1589506001489994,0.6522456001489993,1.6388356001489994,,,,
4.287946,927,1079.0,0.1589506001489994,0.2576096001489994,0.5535866001489994,1.4415176001489993,,,,
4.289025,927,1079.0,0.2576096001489994,0.3562686001489994,0.4549276001489994,1.2441996001489994,,,,
4.290104,927,1079.0,0.3562686001489994,0.4549276001489994,0.4549276001489994,1.1455406001489994,,,,
4.291183,927,1079.0,0.2576096001489994,0.3562686001489994,0.5535866001489994,1.3428586001489993,,,,
4.292262,927,1079.0,0.2576096001489994,0.3562686001489994,0.6522456001489993,1.6388356001489994,,,,
4.293341,927,1079.0,0.2576096001489994,0.2576096001489994,0.7509046001489994,1.8361536001489993,,,,
4.29442,927,1079.0,0.2576096001489994,0.2576096001489994,0.6522456001489993,1.6388356001489994,,,,
4.295499,927,1079.0,0.3562686001489994,0.3562686001489994,0.4549276001489994,1.1455406001489994,,,,
4.296578,927,1079.0,0.3562686001489994,0.3562686001489994,0.2576096001489994,0.8495636001489993,,,,
4.297657,927,1079.0,0.2576096001489994,0.2576096001489994,0.2576096001489994,0.8495636001489993,,,,
4.298736,927,1079.0,0.2576096001489994,0.1589506001489994,0.1589506001489994,0.9482226001489994,,,,
4.299815,927,1079.0,0.060291600148999404,0.060291600148999404,0.2576096001489994,0.9482226001489994,,,,
4.300894,927,1079.0,0.060291600148999404,-0.03836739985100059,0.1589506001489994,0.7509046001489994,,,,
4.301973,927,1079.0,0.1589506001489994,-0.03836739985100059,-0.03836739985100059,0.4549276001489994,,,,
4.303052,927,1079.0,0.1589506001489994,0.060291600148999404,-0.2356853998510006,0.060291600148999404,,,,
4.304131,927,1079.0,0.1589506001489994,0.060291600148999404,-0.2356853998510006,0.060291600148999404,,,,
4.30521,927,1079.0,0.060291600148999404,-0.03836739985100059,-0.1370263998510006,0.3562686001489994,,,,
4.306289,927,1079.0,0.060291600148999404,-0.1370263998510006,-0.03836739985100059,0.5535866001489994,,,,
4.307368,927,1079.0,0.060291600148999404,-0.03836739985100059,0.060291600148999404,0.5535866001489994,,,,
4.308447,927,1079.0,0.1589506001489994,-0.03836739985100059,-0.03836739985100059,0.4549276001489994,,,,
4.309526,927,1079.0,0.2576096001489994,0.060291600148999404,-0.1370263998510006,0.2576096001489994,,,,
4.310605,927,1079.0,0.2576096001489994,0.1589506001489994,-0.1370263998510006,0.1589506001489994,,,,
4.311684,927,1079.0,0.2576096001489994,0.1589506001489994,-0.03836739985100059,0.3562686001489994,,,,
4.312763,927,1079.0,0.2576096001489994,0.060291600148999404,0.060291600148999404,0.6522456001489993,,,,
4.313842,927,1079.0,0.2576096001489994,-0.03836739985100059,0.1589506001489994,0.7509046001489994,,,,
4.314921,927,1079.0,0.2576096001489994,-0.03836739985100059,0.060291600148999404,0.5535866001489994,,,,
4.316,927,1079.0,0.2576096001489994,0.060291600148999404,-0.1370263998510006,0.1589506001489994,,,,
4.317079,927,1079.0,0.2576096001489994,0.060291600148999404,-0.33434439985100056,-0.1370263998510006,,,,
4.318158,927,1079.0,0.1589506001489994,-0.03836739985100059,-0.33434439985100056,-0.2356853998510006,,,,
4.319237,927,1079.0,0.060291600148999404,-0.1370263998510006,-0.33434439985100056,-0.1370263998510006,,,,
4.320316,927,1079.0,0.060291600148999404,-0.2356853998510006,-0.33434439985100056,-0.03836739985100059,,,,
4.321395,927,1079.0,-0.03836739985100059,-0.33434439985100056,-0.33434439985100056,-0.1370263998510006,,,,
4.322474,927,1079.0,0.060291600148999404,-0.33434439985100056,-0.5316623998510006,-0.43300339985100056,,,,
4.323553,927,1079.0,0.060291600148999404,-0.2356853998510006,-0.7289803998510006,-0.6303213998510006,,,,
4.324632,927,1079.0,0.060291600148999404,-0.2356853998510006,-0.6303213998510006,-0.6303213998510006,,,,
4.325711,927,1079.0,0.060291600148999404,-0.2356853998510006,-0.5316623998510006,-0.43300339985100056,,,,
4.32679,927,1079.0,0.060291600148999404,-0.2356853998510006,-0.43300339985100056,-0.1370263998510006,,,,
4.327869,927,1079.0,0.060291600148999404,-0.2356853998510006,-0.33434439985100056,-0.03836739985100059,,,,
4.328948,927,1079.0,0.1589506001489994,-0.2356853998510006,-0.43300339985100056,-0.03836739985100059,,,,
4.330027,927,1079.0,0.2576096001489994,-0.03836739985100059,-0.43300339985100056,-0.2356853998510006,,,,
4.331106,927,1079.0,0.2576096001489994,-0.03836739985100059,-0.43300339985100056,-0.1370263998510006,,,,
4.332185,927,1079.0,0.2576096001489994,-0.03836739985100059,-0.33434439985100056,-0.03836739985100059,,,,
4.333264,927,1079.0,0.2576096001489994,-0.03836739985100059,-0.2356853998510006,0.1589506001489994,,,,
4.334343,927,1079.0,0.1589506001489994,-0.1370263998510006,-0.2356853998510006,0.1589506001489994,,,,
4.335422,927,1079.0,0.1589506001489994,-0.1370263998510006,-0.33434439985100056,0.060291600148999404,,,,
4.336501,927,1079.0,0.1589506001489994,-0.1370263998510006,-0.43300339985100056,-0.2356853998510006,,,,
4.33758,927,1079.0,0.1589506001489994,-0.1370263998510006,-0.5316623998510006,-0.5316623998510006,,,,
4.338659,927,1079.0,0.1589506001489994,-0.1370263998510006,-0.6303213998510006,-0.5316623998510006,,,,
4.339738,927,1079.0,0.060291600148999404,-0.2356853998510006,-0.5316623998510006,-0.43300339985100056,,,,
4.340817,927,1079.0,0.060291600148999404,-0.33434439985100056,-0.5316623998510006,-0.43300339985100056,,,,
4.341896,927,1079.0,-0.03836739985100059,-0.33434439985100056,-0.5316623998510006,-0.5316623998510006,,,,
4.342975,927,1079.0,-0.03836739985100059,-0.33434439985100056,-0.6303213998510006,-0.5316623998510006,,,,
4.344054,927,1079.0,0.060291600148999404,-0.2356853998510006,-0.6303213998510006,-0.6303213998510006,,,,
4.345133,927,1079.0,0.060291600148999404,-0.2356853998510006,-0.5316623998510006,-0.5316623998510006,,,,
4.346212,927,1079.0,0.060291600148999404,-0.1370263998510006,-0.5316623998510006,-0.43300339985100056,,,,
4.347291,927,1079.0,0.060291600148999404,-0.1370263998510006,-0.43300339985100056,-0.1370263998510006,,,,
4.34837,927,1079.0,0.1589506001489994,-0.1370263998510006,-0.2356853998510006,0.060291600148999404,,,,
4.349449,927,1079.0,0.1589506001489994,-0.1370263998510006,-0.2356853998510006,0.1589506001489994,,,,
4.350528,927,1079.0,0.1589506001489994,-0.1370263998510006,-0.2356853998510006,0.1589506001489994,,,,
4.351607,927,1079.0,0.2576096001489994,0.060291600148999404,-0.2356853998510006,0.1589506001489994,,,,
4.352686,927,1079.0,0.3562686001489994,0.060291600148999404,-0.1370263998510006,0.2576096001489994,,,,
4.353765,927,1079.0,0.2576096001489994,0.060291600148999404,-0.1370263998510006,0.2576096001489994,,,,
4.354844,927,1079.0,0.1589506001489994,-0.03836739985100059,-0.1370263998510006,0.2576096001489994,,,,
4.355923,927,1079.0,0.1589506001489994,-0.03836739985100059,-0.1370263998510006,0.2576096001489994,,,,
4.357002,927,1079.0,0.1589506001489994,-0.1370263998510006,-0.2356853998510006,0.1589506001489994,,,,
4.358081,927,1079.0,0.1589506001489994,-0.1370263998510006,-0.33434439985100056,0.060291600148999404,,,,
4.35916,927,1079.0,0.060291600148999404,-0.03836739985100059,-0.33434439985100056,-0.1370263998510006,,,,
4.360239,927,1079.0,0.060291600148999404,-0.1370263998510006,-0.33434439985100056,-0.1370263998510006,,,,
4.361318,927,1079.0,0.060291600148999404,-0.1370263998510006,-0.33434439985100056,-0.03836739985100059,,,,
4.362397,927,1079.0,-0.03836739985100059,-0.1370263998510006,-0.2356853998510006,0.060291600148999404,,,,
4.363476,927,1079.0,0.060291600148999404,-0.1370263998510006,-0.1370263998510006,0.2576096001489994,,,,
4.364555,927,1079.0,0.060291600148999404,-0.03836739985100059,-0.1370263998510006,0.2576096001489994,,,,
4.365634,927,1079.0,0.060291600148999404,0.060291600148999404,-0.1370263998510006,0.2576096001489994,,,,
4.366713,927,1079.0,0.2576096001489994,0.060291600148999404,-0.03836739985100059,0.3562686001489994,,,,
4.367792,927,1079.0,0.2576096001489994,0.1589506001489994,0.060291600148999404,0.4549276001489994,,,,
4.368871,927,1079.0,0.2576096001489994,0.1589506001489994,0.1589506001489994,0.8495636001489993,,,,
4.36995,927,1079.0,0.2576096001489994,0.060291600148999404,0.2576096001489994,1.0468816001489993,,,,
4.371029,927,1079.0,0.2576096001489994,0.1589506001489994,0.3562686001489994,1.1455406001489994,,,,
4.372108,927,1079.0,0.3562686001489994,0.2576096001489994,0.3562686001489994,1.0468816001489993,,,,
4.373187,927,1079.0,0.3562686001489994,0.3562686001489994,0.2576096001489994,0.9482226001489994,,,,
4.374266,927,1079.0,0.3562686001489994,0.2576096001489994,0.2576096001489994,0.9482226001489994,,,,
4.375345,927,1079.0,0.2576096001489994,0.2576096001489994,0.3562686001489994,1.0468816001489993,,,,
4.376424,927,1079.0,0.2576096001489994,0.1589506001489994,0.4549276001489994,1.2441996001489994,,,,
4.377503,927,1079.0,0.2576096001489994,0.1589506001489994,0.4549276001489994,1.2441996001489994,,,,
4.378582,927,1079.0,0.1589506001489994,0.1589506001489994,0.3562686001489994,1.0468816001489993,,,,
4.379661,927,1079.0,0.1589506001489994,0.1589506001489994,0.2576096001489994,0.8495636001489993,,,,
4.38074,927,1079.0,0.1589506001489994,0.2576096001489994,0.1589506001489994,0.7509046001489994,,,,
4.381819,927,1079.0,0.1589506001489994,0.1589506001489994,0.2576096001489994,0.8495636001489993,,,,
4.382898,927,1079.0,0.1589506001489994,0.1589506001489994,0.3562686001489994,1.2441996001489994,,,,
4.383977,927,1079.0,0.1589506001489994,0.1589506001489994,0.4549276001489994,1.4415176001489993,,,,
4.385056,927,1079.0,0.1589506001489994,0.1589506001489994,0.5535866001489994,1.4415176001489993,,,,
4.386135,927,1079.0,0.2576096001489994,0.3562686001489994,0.5535866001489994,1.3428586001489993,,,,
4.387214,927,1079.0,0.3562686001489994,0.4549276001489994,0.5535866001489994,1.4415176001489993,,,,
4.388293,927,1079.0,0.3562686001489994,0.5535866001489994,0.6522456001489993,1.5401766001489994,,,,
4.389372,927,1079.0,0.3562686001489994,0.4549276001489994,0.7509046001489994,1.8361536001489993,,,,
4.390451,927,1079.0,0.3562686001489994,0.4549276001489994,1.0468816001489993,2.2307896001489995,,,,
4.39153,927,1079.0,0.2576096001489994,0.5535866001489994,1.0468816001489993,2.329448600148999,,,,
4.392609,927,1079.0,0.3562686001489994,0.5535866001489994,0.9482226001489994,2.1321306001489995,,,,
4.393688,927,1079.0,0.3562686001489994,0.5535866001489994,0.8495636001489993,1.9348126001489994,,,,
4.394767,927,1079.0,0.4549276001489994,0.5535866001489994,0.8495636001489993,1.9348126001489994,,,,
4.395846,927,1079.0,0.3562686001489994,0.5535866001489994,0.9482226001489994,2.0334716001489994,,,,
4.396925,927,1079.0,0.2576096001489994,0.4549276001489994,0.9482226001489994,2.2307896001489995,,,,
4.398004,927,1079.0,0.2576096001489994,0.3562686001489994,0.9482226001489994,2.2307896001489995,,,,
4.399083,927,1079.0,0.1589506001489994,0.3562686001489994,0.9482226001489994,2.0334716001489994,,,,
4.400162,927,1079.0,0.2576096001489994,0.4549276001489994,0.7509046001489994,1.7374946001489993,,,,
4.401241,927,1079.0,0.2576096001489994,0.4549276001489994,0.6522456001489993,1.6388356001489994,,,,
4.40232,927,1079.0,0.2576096001489994,0.4549276001489994,0.7509046001489994,1.8361536001489993,,,,
4.403399,927,1079.0,0.2576096001489994,0.4549276001489994,1.0468816001489993,2.2307896001489995,,,,
4.404478,927,1079.0,0.2576096001489994,0.3562686001489994,1.0468816001489993,2.428107600148999,,,,
4.405557,927,1079.0,0.2576096001489994,0.4549276001489994,1.1455406001489994,2.5267666001489992,,,,
4.406636,927,1079.0,0.2576096001489994,0.5535866001489994,1.1455406001489994,2.428107600148999,,,,
4.407715,927,1079.0,0.3562686001489994,0.6522456001489993,1.0468816001489993,2.329448600148999,,,,
4.408794,927,1079.0,0.4549276001489994,0.7509046001489994,1.1455406001489994,2.329448600148999,,,,
4.409873,927,1079.0,0.4549276001489994,0.6522456001489993,1.3428586001489993,2.7240846001489993,,,,
4.410952,927,1079.0,0.4549276001489994,0.7509046001489994,1.4415176001489993,3.0200616001489995,,,,
4.412031,927,1079.0,0.4549276001489994,0.6522456001489993,1.5401766001489994,3.118720600148999,,,,
4.41311,927,1079.0,0.4549276001489994,0.6522456001489993,1.3428586001489993,2.8227436001489994,,,,
4.414189,927,1079.0,0.4549276001489994,0.7509046001489994,1.2441996001489994,2.5267666001489992,,,,
4.415268,927,1079.0,0.4549276001489994,0.7509046001489994,1.1455406001489994,2.329448600148999,,,,
4.416347,927,1079.0,0.4549276001489994,0.6522456001489993,1.1455406001489994,2.428107600148999,,,,
4.417426,927,1079.0,0.3562686001489994,0.6522456001489993,1.2441996001489994,2.6254256001489993,,,,
4.418505,927,1079.0,0.2576096001489994,0.5535866001489994,1.2441996001489994,2.6254256001489993,,,,
4.419584,927,1079.0,0.2576096001489994,0.4549276001489994,1.1455406001489994,2.428107600148999,,,,
4.420663,927,1079.0,0.2576096001489994,0.5535866001489994,1.0468816001489993,2.1321306001489995,,,,
4.421742,927,1079.0,0.2576096001489994,0.6522456001489993,0.9482226001489994,1.9348126001489994,,,,
4.422821,927,1079.0,0.3562686001489994,0.6522456001489993,1.0468816001489993,2.1321306001489995,,,,
4.4239,927,1079.0,0.3562686001489994,0.5535866001489994,1.1455406001489994,2.5267666001489992,,,,
4.424979,927,1079.0,0.2576096001489994,0.4549276001489994,1.3428586001489993,2.7240846001489993,,,,
4.426058,927,1079.0,0.2576096001489994,0.5535866001489994,1.3428586001489993,2.7240846001489993,,,,
4.427137,927,1079.0,0.3562686001489994,0.6522456001489993,1.3428586001489993,2.5267666001489992,,,,
4.428216,927,1079.0,0.4549276001489994,0.7509046001489994,1.2441996001489994,2.428107600148999,,,,
4.429295,927,1079.0,0.4549276001489994,0.8495636001489993,1.2441996001489994,2.5267666001489992,,,,
4.430374,927,1079.0,0.4549276001489994,0.8495636001489993,1.4415176001489993,2.8227436001489994,,,,
4.431453,927,1079.0,0.4549276001489994,0.6522456001489993,1.4415176001489993,3.0200616001489995,,,,
4.432532,927,1079.0,0.3562686001489994,0.6522456001489993,1.4415176001489993,2.9214026001489994,,,,
4.433611,927,1079.0,0.3562686001489994,0.6522456001489993,1.3428586001489993,2.6254256001489993,,,,
4.43469,927,1079.0,0.3562686001489994,0.6522456001489993,1.1455406001489994,2.329448600148999,,,,
4.435769,927,1079.0,0.3562686001489994,0.6522456001489993,0.9482226001489994,2.1321306001489995,,,,
4.436848,927,1079.0,0.3562686001489994,0.6522456001489993,0.9482226001489994,2.1321306001489995,,,,
4.437927,927,1079.0,0.2576096001489994,0.4549276001489994,1.0468816001489993,2.2307896001489995,,,,
4.439006,927,1079.0,0.1589506001489994,0.4549276001489994,1.0468816001489993,2.2307896001489995,,,,
4.440085,927,1079.0,0.1589506001489994,0.3562686001489994,0.9482226001489994,2.0334716001489994,,,,
4.441164,927,1079.0,0.2576096001489994,0.3562686001489994,0.8495636001489993,1.7374946001489993,,,,
4.442243,927,1079.0,0.2576096001489994,0.4549276001489994,0.7509046001489994,1.6388356001489994,,,,
4.443322,927,1079.0,0.3562686001489994,0.4549276001489994,0.7509046001489994,1.7374946001489993,,,,
4.444401,927,1079.0,0.2576096001489994,0.4549276001489994,0.8495636001489993,2.0334716001489994,,,,
4.44548,927,1079.0,0.2576096001489994,0.4549276001489994,1.0468816001489993,2.2307896001489995,,,,
4.446559,927,1079.0,0.2576096001489994,0.4549276001489994,0.9482226001489994,2.2307896001489995,,,,
4.447638,927,1079.0,0.2576096001489994,0.5535866001489994,0.9482226001489994,2.0334716001489994,,,,
4.448717,927,1079.0,0.4549276001489994,0.5535866001489994,0.9482226001489994,1.9348126001489994,,,,
4.449796,927,1079.0,0.4549276001489994,0.6522456001489993,0.8495636001489993,2.0334716001489994,,,,
4.450875,927,1079.0,0.4549276001489994,0.5535866001489994,0.9482226001489994,2.1321306001489995,,,,
4.451954,927,1079.0,0.4549276001489994,0.4549276001489994,0.9482226001489994,2.1321306001489995,,,,
4.453033,927,1079.0,0.3562686001489994,0.4549276001489994,0.9482226001489994,2.0334716001489994,,,,
4.454112,927,1079.0,0.2576096001489994,0.4549276001489994,0.7509046001489994,1.7374946001489993,,,,
4.455191,927,1079.0,0.3562686001489994,0.4549276001489994,0.6522456001489993,1.4415176001489993,,,,
4.45627,927,1079.0,0.3562686001489994,0.3562686001489994,0.4549276001489994,1.2441996001489994,,,,
4.457349,927,1079.0,0.2576096001489994,0.3562686001489994,0.4549276001489994,1.1455406001489994,,,,
4.458428,927,1079.0,0.1589506001489994,0.2576096001489994,0.4549276001489994,1.2441996001489994,,,,
4.459507,927,1079.0,0.060291600148999404,0.1589506001489994,0.4549276001489994,1.2441996001489994,,,,
4.460586,927,1079.0,0.060291600148999404,0.060291600148999404,0.3562686001489994,1.0468816001489993,,,,
4.461665,927,1079.0,0.1589506001489994,0.1589506001489994,0.3562686001489994,0.9482226001489994,,,,
4.462744,927,1079.0,0.1589506001489994,0.1589506001489994,0.2576096001489994,0.8495636001489993,,,,
4.463823,927,1079.0,0.2576096001489994,0.2576096001489994,0.2576096001489994,0.8495636001489993,,,,
4.464902,927,1079.0,0.1589506001489994,0.2576096001489994,0.2576096001489994,0.9482226001489994,,,,
4.465981,927,1079.0,0.1589506001489994,0.1589506001489994,0.3562686001489994,1.1455406001489994,,,,
4.46706,927,1079.0,0.2576096001489994,0.1589506001489994,0.4549276001489994,1.2441996001489994,,,,
4.468139,927,1079.0,0.2576096001489994,0.1589506001489994,0.3562686001489994,1.1455406001489994,,,,
4.469218,927,1079.0,0.2576096001489994,0.2576096001489994,0.3562686001489994,1.0468816001489993,,,,
4.470297,927,1079.0,0.3562686001489994,0.3562686001489994,0.2576096001489994,1.0468816001489993,,,,
4.471376,927,1079.0,0.3562686001489994,0.2576096001489994,0.2576096001489994,0.8495636001489993,,,,
4.472455,927,1079.0,0.2576096001489994,0.2576096001489994,0.2576096001489994,0.9482226001489994,,,,
4.473534,927,1079.0,0.2576096001489994,0.060291600148999404,0.1589506001489994,0.8495636001489993,,,,
4.474613,927,1079.0,0.1589506001489994,0.060291600148999404,0.1589506001489994,0.7509046001489994,,,,
4.475692,927,1079.0,0.1589506001489994,-0.03836739985100059,-0.03836739985100059,0.4549276001489994,,,,
4.476771,927,1079.0,0.1589506001489994,-0.03836739985100059,-0.1370263998510006,0.1589506001489994,,,,
4.47785,927,1079.0,0.1589506001489994,-0.03836739985100059,-0.2356853998510006,0.060291600148999404,,,,
4.478929,927,1079.0,0.060291600148999404,-0.03836739985100059,-0.2356853998510006,-0.03836739985100059,,,,
4.480008,927,1079.0,0.060291600148999404,-0.1370263998510006,-0.33434439985100056,0.060291600148999404,,,,
4.481087,927,1079.0,0.060291600148999404,-0.1370263998510006,-0.2356853998510006,0.060291600148999404,,,,
4.482166,927,1079.0,0.060291600148999404,-0.1370263998510006,-0.2356853998510006,0.060291600148999404,,,,
4.483245,927,1079.0,0.060291600148999404,-0.1370263998510006,-0.2356853998510006,-0.03836739985100059,,,,
4.484324,927,1079.0,0.1589506001489994,-0.1370263998510006,-0.2356853998510006,-0.03836739985100059,,,,
4.485403,927,1079.0,0.1589506001489994,-0.03836739985100059,-0.2356853998510006,0.060291600148999404,,,,
4.486482,927,1079.0,0.1589506001489994,-0.03836739985100059,-0.1370263998510006,0.1589506001489994,,,,
4.487561,927,1079.0,0.1589506001489994,-0.1370263998510006,-0.1370263998510006,0.3562686001489994,,,,
4.48864,927,1079.0,0.2576096001489994,-0.03836739985100059,-0.03836739985100059,0.4549276001489994,,,,
4.489719,927,1079.0,0.2576096001489994,-0.03836739985100059,-0.1370263998510006,0.3562686001489994,,,,
4.490798,927,1079.0,0.2576096001489994,-0.03836739985100059,-0.2356853998510006,0.1589506001489994,,,,
4.491877,927,1079.0,0.2576096001489994,-0.03836739985100059,-0.33434439985100056,-0.03836739985100059,,,,
4.492956,927,1079.0,0.2576096001489994,-0.03836739985100059,-0.33434439985100056,-0.03836739985100059,,,,
4.494035,927,1079.0,0.1589506001489994,-0.1370263998510006,-0.33434439985100056,-0.03836739985100059,,,,
4.495114,927,1079.0,0.060291600148999404,-0.2356853998510006,-0.33434439985100056,-0.03836739985100059,,,,
4.496193,927,1079.0,0.060291600148999404,-0.2356853998510006,-0.43300339985100056,-0.2356853998510006,,,,
4.497272,927,1079.0,0.060291600148999404,-0.2356853998510006,-0.6303213998510006,-0.5316623998510006,,,,
4.498351,927,1079.0,0.060291600148999404,-0.2356853998510006,-0.7289803998510006,-0.7289803998510006,,,,
4.49943,927,1079.0,-0.03836739985100059,-0.2356853998510006,-0.8276393998510005,-0.7289803998510006,,,,
4.500509,927,1079.0,0.060291600148999404,-0.33434439985100056,-0.6303213998510006,-0.5316623998510006,,,,
4.501588,927,1079.0,-0.03836739985100059,-0.33434439985100056,-0.5316623998510006,-0.33434439985100056,,,,
4.502667,927,1079.0,0.060291600148999404,-0.33434439985100056,-0.5316623998510006,-0.2356853998510006,,,,
4.503746,927,1079.0,0.060291600148999404,-0.2356853998510006,-0.5316623998510006,-0.2356853998510006,,,,
4.504825,927,1079.0,0.1589506001489994,-0.1370263998510006,-0.5316623998510006,-0.43300339985100056,,,,
4.505904,927,1079.0,0.1589506001489994,-0.1370263998510006,-0.5316623998510006,-0.33434439985100056,,,,
4.506983,927,1079.0,0.1589506001489994,-0.1370263998510006,-0.43300339985100056,-0.2356853998510006,,,,
4.508062,927,1079.0,0.1589506001489994,-0.03836739985100059,-0.2356853998510006,0.060291600148999404,,,,
4.509141,927,1079.0,0.2576096001489994,-0.03836739985100059,-0.1370263998510006,0.2576096001489994,,,,
4.51022,927,1079.0,0.1589506001489994,-0.03836739985100059,-0.2356853998510006,0.1589506001489994,,,,
4.511299,927,1079.0,0.2576096001489994,-0.1370263998510006,-0.33434439985100056,-0.1370263998510006,,,,
4.512378,927,1079.0,0.2576096001489994,-0.03836739985100059,-0.5316623998510006,-0.33434439985100056,,,,
4.513457,927,1079.0,0.2576096001489994,-0.03836739985100059,-0.5316623998510006,-0.33434439985100056,,,,
4.514536,927,1079.0,0.060291600148999404,-0.1370263998510006,-0.43300339985100056,-0.2356853998510006,,,,
4.515615,927,1079.0,0.060291600148999404,-0.2356853998510006,-0.43300339985100056,-0.1370263998510006,,,,
4.516694,927,1079.0,-0.03836739985100059,-0.33434439985100056,-0.43300339985100056,-0.2356853998510006,,,,
4.517773,927,1079.0,-0.03836739985100059,-0.2356853998510006,-0.5316623998510006,-0.43300339985100056,,,,
4.518852,927,1079.0,0.060291600148999404,-0.2356853998510006,-0.6303213998510006,-0.6303213998510006,,,,
4.519931,927,1079.0,0.060291600148999404,-0.2356853998510006,-0.6303213998510006,-0.6303213998510006,,,,
4.52101,927,1079.0,0.060291600148999404,-0.1370263998510006,-0.43300339985100056,-0.33434439985100056,,,,
4.522089,927,1079.0,0.060291600148999404,-0.2356853998510006,-0.33434439985100056,-0.03836739985100059,,,,
4.523168,927,1079.0,0.060291600148999404,-0.2356853998510006,-0.2356853998510006,0.1589506001489994,,,,
4.524247,927,1079.0,0.1589506001489994,-0.1370263998510006,-0.1370263998510006,0.1589506001489994,,,,
4.525326,927,1079.0,0.1589506001489994,-0.03836739985100059,-0.2356853998510006,0.060291600148999404,,,,
4.526405,927,1079.0,0.2576096001489994,0.060291600148999404,-0.2356853998510006,0.060291600148999404,,,,
4.527484,927,1079.0,0.2576096001489994,0.1589506001489994,-0.1370263998510006,0.2576096001489994,,,,
4.528563,927,1079.0,0.2576096001489994,0.060291600148999404,0.060291600148999404,0.6522456001489993,,,,
4.529642,927,1079.0,0.2576096001489994,0.060291600148999404,0.1589506001489994,0.8495636001489993,,,,
4.530721,927,1079.0,0.1589506001489994,-0.03836739985100059,0.1589506001489994,0.7509046001489994,,,,
4.5318,927,1079.0,0.2576096001489994,0.060291600148999404,-0.03836739985100059,0.4549276001489994,,,,
4.532879,927,1079.0,0.2576096001489994,0.1589506001489994,-0.1370263998510006,0.2576096001489994,,,,
4.533958,927,1079.0,0.2576096001489994,0.1589506001489994,-0.1370263998510006,0.2576096001489994,,,,
4.535037,927,1079.0,0.1589506001489994,0.060291600148999404,-0.03836739985100059,0.3562686001489994,,,,
4.536116,927,1079.0,0.060291600148999404,-0.03836739985100059,-0.03836739985100059,0.5535866001489994,,,,
4.537195,927,1079.0,0.060291600148999404,-0.1370263998510006,-0.03836739985100059,0.5535866001489994,,,,
4.538274,927,1079.0,-0.03836739985100059,-0.03836739985100059,-0.1370263998510006,0.2576096001489994,,,,
4.539353,927,1079.0,0.060291600148999404,0.060291600148999404,-0.1370263998510006,0.1589506001489994,,,,
4.540432,927,1079.0,0.1589506001489994,0.1589506001489994,-0.03836739985100059,0.2576096001489994,,,,
4.541511,927,1079.0,0.1589506001489994,0.1589506001489994,0.060291600148999404,0.5535866001489994,,,,
4.54259,927,1079.0,0.1589506001489994,0.060291600148999404,0.2576096001489994,0.9482226001489994,,,,
4.543669,927,1079.0,0.1589506001489994,0.060291600148999404,0.3562686001489994,1.1455406001489994,,,,
4.544748,927,1079.0,0.1589506001489994,0.1589506001489994,0.3562686001489994,1.1455406001489994,,,,
4.545827,927,1079.0,0.2576096001489994,0.2576096001489994,0.3562686001489994,1.0468816001489993,,,,
4.546906,927,1079.0,0.3562686001489994,0.3562686001489994,0.3562686001489994,1.0468816001489993,,,,
4.547985,927,1079.0,0.3562686001489994,0.4549276001489994,0.4549276001489994,1.3428586001489993,,,,
4.549064,927,1079.0,0.3562686001489994,0.4549276001489994,0.6522456001489993,1.6388356001489994,,,,
4.550143,927,1079.0,0.2576096001489994,0.2576096001489994,0.6522456001489993,1.7374946001489993,,,,
4.551222,927,1079.0,0.2576096001489994,0.2576096001489994,0.6522456001489993,1.6388356001489994,,,,
4.552301,927,1079.0,0.2576096001489994,0.2576096001489994,0.5535866001489994,1.4415176001489993,,,,
4.55338,927,1079.0,0.2576096001489994,0.4549276001489994,0.4549276001489994,1.2441996001489994,,,,
4.554459,927,1079.0,0.3562686001489994,0.4549276001489994,0.4549276001489994,1.1455406001489994,,,,
4.555538,927,1079.0,0.2576096001489994,0.3562686001489994,0.4549276001489994,1.3428586001489993,,,,
4.556617,927,1079.0,0.1589506001489994,0.2576096001489994,0.5535866001489994,1.5401766001489994,,,,
4.557696,927,1079.0,0.1589506001489994,0.1589506001489994,0.5535866001489994,1.5401766001489994,,,,
4.558775,927,1079.0,0.060291600148999404,0.1589506001489994,0.5535866001489994,1.3428586001489993,,,,
4.559854,927,1079.0,0.1589506001489994,0.3562686001489994,0.5535866001489994,1.3428586001489993,,,,
4.560933,927,1079.0,0.2576096001489994,0.4549276001489994,0.5535866001489994,1.3428586001489993,,,,
4.562012,927,1079.0,0.2576096001489994,0.4549276001489994,0.7509046001489994,1.6388356001489994,,,,
4.563091,927,1079.0,0.2576096001489994,0.4549276001489994,0.8495636001489993,2.0334716001489994,,,,
4.56417,927,1079.0,0.2576096001489994,0.3562686001489994,0.9482226001489994,2.2307896001489995,,,,
4.565249,927,1079.0,0.2576096001489994,0.4549276001489994,1.0468816001489993,2.2307896001489995,,,,
4.566328,927,1079.0,0.3562686001489994,0.5535866001489994,1.0468816001489993,2.2307896001489995,,,,
4.567407,927,1079.0,0.4549276001489994,0.7509046001489994,1.0468816001489993,2.2307896001489995,,,,
4.568486,927,1079.0,0.5535866001489994,0.7509046001489994,1.1455406001489994,2.329448600148999,,,,
4.569565,927,1079.0,0.4549276001489994,0.6522456001489993,1.1455406001489994,2.5267666001489992,,,,
4.570644,927,1079.0,0.3562686001489994,0.5535866001489994,1.2441996001489994,2.6254256001489993,,,,
4.571723,927,1079.0,0.2576096001489994,0.5535866001489994,1.2441996001489994,2.5267666001489992,,,,
4.572802,927,1079.0,0.3562686001489994,0.5535866001489994,1.0468816001489993,2.329448600148999,,,,
4.573881,927,1079.0,0.3562686001489994,0.6522456001489993,0.9482226001489994,2.1321306001489995,,,,
4.57496,927,1079.0,0.3562686001489994,0.6522456001489993,0.9482226001489994,2.0334716001489994,,,,
4.576039,927,1079.0,0.2576096001489994,0.5535866001489994,0.9482226001489994,2.1321306001489995,,,,
4.577118,927,1079.0,0.2576096001489994,0.4549276001489994,1.0468816001489993,2.2307896001489995,,,,
4.578197,927,1079.0,0.1589506001489994,0.3562686001489994,1.0468816001489993,2.329448600148999,,,,
4.579276,927,1079.0,0.1589506001489994,0.4549276001489994,1.0468816001489993,2.2307896001489995,,,,
4.580355,927,1079.0,0.2576096001489994,0.5535866001489994,1.0468816001489993,2.2307896001489995,,,,
4.581434,927,1079.0,0.3562686001489994,0.6522456001489993,1.0468816001489993,2.2307896001489995,,,,
4.582513,927,1079.0,0.3562686001489994,0.6522456001489993,1.1455406001489994,2.329448600148999,,,,
4.583592,927,1079.0,0.3562686001489994,0.6522456001489993,1.2441996001489994,2.6254256001489993,,,,
4.584671,927,1079.0,0.3562686001489994,0.6522456001489993,1.3428586001489993,2.8227436001489994,,,,
4.58575,927,1079.0,0.3562686001489994,0.6522456001489993,1.4415176001489993,2.9214026001489994,,,,
4.586829,927,1079.0,0.4549276001489994,0.7509046001489994,1.4415176001489993,2.9214026001489994,,,,
4.587908,927,1079.0,0.5535866001489994,0.8495636001489993,1.4415176001489993,2.8227436001489994,,,,
4.588987,927,1079.0,0.4549276001489994,0.8495636001489993,1.3428586001489993,2.7240846001489993,,,,
4.590066,927,1079.0,0.4549276001489994,0.7509046001489994,1.3428586001489993,2.7240846001489993,,,,
4.591145,927,1079.0,0.3562686001489994,0.6522456001489993,1.3428586001489993,2.7240846001489993,,,,
4.592224,927,1079.0,0.3562686001489994,0.6522456001489993,1.3428586001489993,2.7240846001489993,,,,
4.593303,927,1079.0,0.2576096001489994,0.5535866001489994,1.2441996001489994,2.5267666001489992,,,,
4.594382,927,1079.0,0.3562686001489994,0.5535866001489994,1.1455406001489994,2.329448600148999,,,,
4.595461,927,1079.0,0.2576096001489994,0.6522456001489993,1.0468816001489993,2.1321306001489995,,,,
4.59654,927,1079.0,0.2576096001489994,0.5535866001489994,1.0468816001489993,2.1321306001489995,,,,
4.597619,927,1079.0,0.2576096001489994,0.4549276001489994,0.9482226001489994,2.2307896001489995,,,,
4.598698,927,1079.0,0.2576096001489994,0.4549276001489994,1.0468816001489993,2.329448600148999,,,,
4.599777,927,1079.0,0.2576096001489994,0.5535866001489994,1.1455406001489994,2.428107600148999,,,,
4.600856,927,1079.0,0.2576096001489994,0.5535866001489994,1.1455406001489994,2.329448600148999,,,,
4.601935,927,1079.0,0.3562686001489994,0.6522456001489993,1.0468816001489993,2.2307896001489995,,,,
4.603014,927,1079.0,0.3562686001489994,0.6522456001489993,1.0468816001489993,2.329448600148999,,,,
4.604093,927,1079.0,0.3562686001489994,0.6522456001489993,1.1455406001489994,2.428107600148999,,,,
4.605172,927,1079.0,0.3562686001489994,0.6522456001489993,1.2441996001489994,2.6254256001489993,,,,
4.606251,927,1079.0,0.4549276001489994,0.6522456001489993,1.3428586001489993,2.7240846001489993,,,,
4.60733,927,1079.0,0.4549276001489994,0.6522456001489993,1.3428586001489993,2.7240846001489993,,,,
4.608409,927,1079.0,0.4549276001489994,0.7509046001489994,1.2441996001489994,2.5267666001489992,,,,
4.609488,927,1079.0,0.4549276001489994,0.7509046001489994,1.0468816001489993,2.2307896001489995,,,,
4.610567,927,1079.0,0.3562686001489994,0.6522456001489993,1.0468816001489993,2.1321306001489995,,,,
4.611646,927,1079.0,0.3562686001489994,0.5535866001489994,1.0468816001489993,2.2307896001489995,,,,
4.612725,927,1079.0,0.2576096001489994,0.4549276001489994,0.9482226001489994,2.2307896001489995,,,,
4.613804,927,1079.0,0.2576096001489994,0.4549276001489994,0.9482226001489994,2.1321306001489995,,,,
4.614883,927,1079.0,0.2576096001489994,0.4549276001489994,0.8495636001489993,1.7374946001489993,,,,
4.615962,927,1079.0,0.2576096001489994,0.3562686001489994,0.6522456001489993,1.5401766001489994,,,,
4.617041,927,1079.0,0.1589506001489994,0.3562686001489994,0.5535866001489994,1.3428586001489993,,,,
4.61812,927,1079.0,0.1589506001489994,0.3562686001489994,0.5535866001489994,1.4415176001489993,,,,
4.619199,927,1079.0,0.1589506001489994,0.2576096001489994,0.7509046001489994,1.6388356001489994,,,,
4.620278,927,1079.0,0.2576096001489994,0.2576096001489994,0.7509046001489994,1.7374946001489993,,,,
4.621357,927,1079.0,0.2576096001489994,0.2576096001489994,0.8495636001489993,1.7374946001489993,,,,
4.622436,927,1079.0,0.2576096001489994,0.3562686001489994,0.6522456001489993,1.6388356001489994,,,,
4.623515,927,1079.0,0.3562686001489994,0.4549276001489994,0.6522456001489993,1.5401766001489994,,,,
4.624594,927,1079.0,0.3562686001489994,0.4549276001489994,0.6522456001489993,1.5401766001489994,,,,
4.625673,927,1079.0,0.3562686001489994,0.4549276001489994,0.7509046001489994,1.7374946001489993,,,,
4.626752,927,1079.0,0.3562686001489994,0.4549276001489994,0.8495636001489993,2.0334716001489994,,,,
4.627831,927,1079.0,0.3562686001489994,0.4549276001489994,0.8495636001489993,1.8361536001489993,,,,
4.62891,927,1079.0,0.3562686001489994,0.3562686001489994,0.6522456001489993,1.5401766001489994,,,,
4.629989,927,1079.0,0.3562686001489994,0.3562686001489994,0.4549276001489994,1.2441996001489994,,,,
4.631068,927,1079.0,0.2576096001489994,0.3562686001489994,0.3562686001489994,1.0468816001489993,,,,
4.632147,927,1079.0,0.2576096001489994,0.2576096001489994,0.3562686001489994,1.0468816001489993,,,,
4.633226,927,1079.0,0.2576096001489994,0.2576096001489994,0.3562686001489994,1.0468816001489993,,,,
4.634305,927,1079.0,0.1589506001489994,0.060291600148999404,0.2576096001489994,1.0468816001489993,,,,
4.635384,927,1079.0,0.1589506001489994,-0.03836739985100059,0.1589506001489994,0.8495636001489993,,,,
4.636463,927,1079.0,0.060291600148999404,0.060291600148999404,-0.03836739985100059,0.4549276001489994,,,,
4.637542,927,1079.0,0.060291600148999404,0.060291600148999404,-0.03836739985100059,0.2576096001489994,,,,
4.638621,927,1079.0,0.1589506001489994,0.1589506001489994,-0.03836739985100059,0.3562686001489994,,,,
4.6397,927,1079.0,0.1589506001489994,0.060291600148999404,0.1589506001489994,0.6522456001489993,,,,
4.640779,927,1079.0,0.1589506001489994,0.060291600148999404,0.1589506001489994,0.8495636001489993,,,,
4.641858,927,1079.0,0.1589506001489994,0.060291600148999404,0.1589506001489994,0.8495636001489993,,,,
4.642937,927,1079.0,0.1589506001489994,0.060291600148999404,0.060291600148999404,0.6522456001489993,,,,
4.644016,927,1079.0,0.2576096001489994,0.1589506001489994,0.060291600148999404,0.4549276001489994,,,,
4.645095,927,1079.0,0.2576096001489994,0.2576096001489994,0.060291600148999404,0.5535866001489994,,,,
4.646174,927,1079.0,0.3562686001489994,0.2576096001489994,0.1589506001489994,0.7509046001489994,,,,
4.647253,927,1079.0,0.2576096001489994,0.1589506001489994,0.2576096001489994,0.8495636001489993,,,,
4.648332,927,1079.0,0.2576096001489994,0.060291600148999404,0.1589506001489994,0.7509046001489994,,,,
4.649411,927,1079.0,0.1589506001489994,-0.03836739985100059,0.060291600148999404,0.5535866001489994,,,,
4.65049,927,1079.0,0.1589506001489994,-0.03836739985100059,-0.1370263998510006,0.2576096001489994,,,,
4.651569,927,1079.0,0.1589506001489994,0.060291600148999404,-0.2356853998510006,-0.03836739985100059,,,,
4.652648,927,1079.0,0.1589506001489994,-0.03836739985100059,-0.2356853998510006,-0.03836739985100059,,,,
4.653727,927,1079.0,0.1589506001489994,-0.1370263998510006,-0.33434439985100056,0.060291600148999404,,,,
4.654806,927,1079.0,0.060291600148999404,-0.2356853998510006,-0.33434439985100056,0.060291600148999404,,,,
4.655885,927,1079.0,-0.03836739985100059,-0.2356853998510006,-0.33434439985100056,-0.1370263998510006,,,,
4.656964,927,1079.0,-0.03836739985100059,-0.2356853998510006,-0.43300339985100056,-0.43300339985100056,,,,
4.658043,927,1079.0,0.060291600148999404,-0.1370263998510006,-0.5316623998510006,-0.43300339985100056,,,,
4.659122,927,1079.0,0.060291600148999404,-0.1370263998510006,-0.5316623998510006,-0.43300339985100056,,,,
4.660201,927,1079.0,0.060291600148999404,-0.1370263998510006,-0.33434439985100056,-0.1370263998510006,,,,
4.66128,927,1079.0,0.060291600148999404,-0.1370263998510006,-0.2356853998510006,0.060291600148999404,,,,
4.662359,927,1079.0,0.060291600148999404,-0.1370263998510006,-0.2356853998510006,0.060291600148999404,,,,
4.663438,927,1079.0,0.060291600148999404,-0.1370263998510006,-0.2356853998510006,-0.03836739985100059,,,,
4.664517,927,1079.0,0.1589506001489994,-0.03836739985100059,-0.33434439985100056,-0.1370263998510006,,,,
4.665596,927,1079.0,0.2576096001489994,0.060291600148999404,-0.33434439985100056,-0.03836739985100059,,,,
4.666675,927,1079.0,0.2576096001489994,0.060291600148999404,-0.2356853998510006,0.060291600148999404,,,,
4.667754,927,1079.0,0.2576096001489994,-0.03836739985100059,-0.2356853998510006,0.1589506001489994,,,,
4.668833,927,1079.0,0.1589506001489994,-0.1370263998510006,-0.2356853998510006,0.2576096001489994,,,,
4.669912,927,1079.0,0.1589506001489994,-0.2356853998510006,-0.33434439985100056,-0.03836739985100059,,,,
4.670991,927,1079.0,0.060291600148999404,-0.1370263998510006,-0.43300339985100056,-0.33434439985100056,,,,
4.67207,927,1079.0,0.1589506001489994,-0.1370263998510006,-0.6303213998510006,-0.5316623998510006,,,,
4.673149,927,1079.0,0.1589506001489994,-0.1370263998510006,-0.5316623998510006,-0.6303213998510006,,,,
4.674228,927,1079.0,0.060291600148999404,-0.2356853998510006,-0.6303213998510006,-0.43300339985100056,,,,
4.675307,927,1079.0,-0.03836739985100059,-0.33434439985100056,-0.5316623998510006,-0.43300339985100056,,,,
4.676386,927,1079.0,-0.1370263998510006,-0.43300339985100056,-0.6303213998510006,-0.43300339985100056,,,,
4.677465,927,1079.0,-0.03836739985100059,-0.33434439985100056,-0.5316623998510006,-0.5316623998510006,,,,
4.678544,927,1079.0,0.060291600148999404,-0.2356853998510006,-0.5316623998510006,-0.6303213998510006,,,,
4.679623,927,1079.0,0.1589506001489994,-0.1370263998510006,-0.5316623998510006,-0.5316623998510006,,,,
4.680702,927,1079.0,0.1589506001489994,-0.1370263998510006,-0.43300339985100056,-0.2356853998510006,,,,
4.681781,927,1079.0,0.060291600148999404,-0.1370263998510006,-0.33434439985100056,-0.03836739985100059,,,,
4.68286,927,1079.0,0.060291600148999404,-0.2356853998510006,-0.33434439985100056,0.1589506001489994,,,,
4.683939,927,1079.0,0.060291600148999404,-0.1370263998510006,-0.2356853998510006,0.060291600148999404,,,,
4.685018,927,1079.0,0.1589506001489994,0.060291600148999404,-0.2356853998510006,0.060291600148999404,,,,
4.686097,927,1079.0,0.2576096001489994,0.060291600148999404,-0.2356853998510006,0.060291600148999404,,,,
4.687176,927,1079.0,0.2576096001489994,0.060291600148999404,-0.2356853998510006,0.060291600148999404,,,,
4.688255,927,1079.0,0.1589506001489994,-0.03836739985100059,-0.2356853998510006,0.1589506001489994,,,,
4.689334,927,1079.0,0.1589506001489994,-0.1370263998510006,-0.2356853998510006,0.2576096001489994,,,,
4.690413,927,1079.0,0.060291600148999404,-0.1370263998510006,-0.2356853998510006,0.060291600148999404,,,,
4.691492,927,1079.0,0.060291600148999404,-0.1370263998510006,-0.33434439985100056,-0.1370263998510006,,,,
4.692571,927,1079.0,0.1589506001489994,-0.03836739985100059,-0.43300339985100056,-0.2356853998510006,,,,
4.69365,927,1079.0,0.1589506001489994,-0.1370263998510006,-0.43300339985100056,-0.33434439985100056,,,,
4.694729,927,1079.0,0.060291600148999404,-0.1370263998510006,-0.43300339985100056,-0.2356853998510006,,,,
4.695808,927,1079.0,-0.03836739985100059,-0.33434439985100056,-0.33434439985100056,-0.03836739985100059,,,,
4.696887,927,1079.0,-0.03836739985100059,-0.33434439985100056,-0.2356853998510006,0.060291600148999404,,,,
4.697966,927,1079.0,0.060291600148999404,-0.2356853998510006,-0.2356853998510006,0.060291600148999404,,,,
4.699045,927,1079.0,0.1589506001489994,-0.03836739985100059,-0.2356853998510006,0.060291600148999404,,,,
4.700124,927,1079.0,0.2576096001489994,-0.03836739985100059,-0.2356853998510006,0.060291600148999404,,,,
4.701203,927,1079.0,0.1589506001489994,0.060291600148999404,-0.1370263998510006,0.3562686001489994,,,,
4.702282,927,1079.0,0.1589506001489994,-0.03836739985100059,-0.03836739985100059,0.5535866001489994,,,,
4.703361,927,1079.0,0.1589506001489994,-0.03836739985100059,0.1589506001489994,0.8495636001489993,,,,
4.70444,927,1079.0,0.2576096001489994,0.060291600148999404,0.2576096001489994,0.9482226001489994,,,,
4.705519,927,1079.0,0.3562686001489994,0.1589506001489994,0.2576096001489994,0.8495636001489993,,,,
4.706598,927,1079.0,0.3562686001489994,0.2576096001489994,0.1589506001489994,0.7509046001489994,,,,
4.707677,927,1079.0,0.2576096001489994,0.2576096001489994,0.1589506001489994,0.7509046001489994,,,,
4.708756,927,1079.0,0.2576096001489994,0.2576096001489994,0.1589506001489994,0.8495636001489993,,,,
4.709835,927,1079.0,0.1589506001489994,0.1589506001489994,0.2576096001489994,0.9482226001489994,,,,
4.710914,927,1079.0,0.1589506001489994,0.060291600148999404,0.2576096001489994,0.9482226001489994,,,,
4.711993,927,1079.0,0.1589506001489994,0.1589506001489994,0.1589506001489994,0.7509046001489994,,,,
4.713072,927,1079.0,0.2576096001489994,0.060291600148999404,0.1589506001489994,0.6522456001489993,,,,
4.714151,927,1079.0,0.1589506001489994,0.1589506001489994,0.060291600148999404,0.5535866001489994,,,,
4.71523,927,1079.0,0.1589506001489994,0.060291600148999404,0.060291600148999404,0.6522456001489993,,,,
4.716309,927,1079.0,0.1589506001489994,0.060291600148999404,0.2576096001489994,0.9482226001489994,,,,
4.717388,927,1079.0,0.060291600148999404,0.060291600148999404,0.3562686001489994,1.0468816001489993,,,,
4.718467,927,1079.0,0.1589506001489994,0.1589506001489994,0.4549276001489994,1.2441996001489994,,,,
4.719546,927,1079.0,0.2576096001489994,0.2576096001489994,0.4549276001489994,1.1455406001489994,,,,
4.720625,927,1079.0,0.2576096001489994,0.3562686001489994,0.4549276001489994,1.1455406001489994,,,,
4.721704,927,1079.0,0.2576096001489994,0.3562686001489994,0.5535866001489994,1.3428586001489993,,,,
4.722783,927,1079.0,0.2576096001489994,0.3562686001489994,0.6522456001489993,1.5401766001489994,,,,
4.723862,927,1079.0,0.3562686001489994,0.3562686001489994,0.8495636001489993,1.9348126001489994,,,,
4.724941,927,1079.0,0.3562686001489994,0.4549276001489994,0.9482226001489994,2.1321306001489995,,,,
4.72602,927,1079.0,0.4549276001489994,0.5535866001489994,0.9482226001489994,1.9348126001489994,,,,
4.727099,927,1079.0,0.4549276001489994,0.4549276001489994,0.7509046001489994,1.7374946001489993,,,,
4.728178,927,1079.0,0.3562686001489994,0.5535866001489994,0.7509046001489994,1.6388356001489994,,,,
4.729257,927,1079.0,0.3562686001489994,0.4549276001489994,0.7509046001489994,1.7374946001489993,,,,
4.730336,927,1079.0,0.2576096001489994,0.3562686001489994,0.8495636001489993,1.9348126001489994,,,,
4.731415,927,1079.0,0.2576096001489994,0.3562686001489994,0.8495636001489993,1.8361536001489993,,,,
4.732494,927,1079.0,0.2576096001489994,0.3562686001489994,0.8495636001489993,1.7374946001489993,,,,
4.733573,927,1079.0,0.2576096001489994,0.3562686001489994,0.7509046001489994,1.6388356001489994,,,,
4.734652,927,1079.0,0.2576096001489994,0.3562686001489994,0.6522456001489993,1.4415176001489993,,,,
4.735731,927,1079.0,0.2576096001489994,0.3562686001489994,0.6522456001489993,1.6388356001489994,,,,
4.73681,927,1079.0,0.2576096001489994,0.4549276001489994,0.8495636001489993,1.8361536001489993,,,,
4.737889,927,1079.0,0.2576096001489994,0.4549276001489994,0.9482226001489994,2.1321306001489995,,,,
4.738968,927,1079.0,0.2576096001489994,0.4549276001489994,1.0468816001489993,2.329448600148999,,,,
4.740047,927,1079.0,0.2576096001489994,0.5535866001489994,1.0468816001489993,2.2307896001489995,,,,
4.741126,927,1079.0,0.3562686001489994,0.5535866001489994,1.0468816001489993,2.2307896001489995,,,,
4.742205,927,1079.0,0.3562686001489994,0.6522456001489993,1.0468816001489993,2.2307896001489995,,,,
4.743284,927,1079.0,0.3562686001489994,0.6522456001489993,1.2441996001489994,2.5267666001489992,,,,
4.744363,927,1079.0,0.4549276001489994,0.7509046001489994,1.3428586001489993,2.8227436001489994,,,,
4.745442,927,1079.0,0.4549276001489994,0.6522456001489993,1.4415176001489993,2.8227436001489994,,,,
4.746521,927,1079.0,0.3562686001489994,0.6522456001489993,1.3428586001489993,2.7240846001489993,,,,
4.7476,927,1079.0,0.4549276001489994,0.6522456001489993,1.2441996001489994,2.5267666001489992,,,,
4.748679,927,1079.0,0.4549276001489994,0.6522456001489993,1.1455406001489994,2.329448600148999,,,,
4.749758,927,1079.0,0.3562686001489994,0.6522456001489993,1.0468816001489993,2.329448600148999,,,,
4.750837,927,1079.0,0.3562686001489994,0.6522456001489993,1.1455406001489994,2.428107600148999,,,,
4.751916,927,1079.0,0.3562686001489994,0.5535866001489994,1.1455406001489994,2.428107600148999,,,,
4.752995,927,1079.0,0.2576096001489994,0.4549276001489994,1.1455406001489994,2.428107600148999,,,,
4.754074,927,1079.0,0.2576096001489994,0.4549276001489994,0.9482226001489994,2.2307896001489995,,,,
4.755153,927,1079.0,0.2576096001489994,0.5535866001489994,0.9482226001489994,2.0334716001489994,,,,
4.756232,927,1079.0,0.2576096001489994,0.5535866001489994,1.0468816001489993,2.1321306001489995,,,,
4.757311,927,1079.0,0.3562686001489994,0.6522456001489993,1.0468816001489993,2.329448600148999,,,,
4.75839,927,1079.0,0.3562686001489994,0.6522456001489993,1.2441996001489994,2.6254256001489993,,,,
4.759469,927,1079.0,0.3562686001489994,0.6522456001489993,1.3428586001489993,2.7240846001489993,,,,
4.760548,927,1079.0,0.3562686001489994,0.5535866001489994,1.3428586001489993,2.7240846001489993,,,,
4.761627,927,1079.0,0.3562686001489994,0.6522456001489993,1.2441996001489994,2.6254256001489993,,,,
4.762706,927,1079.0,0.4549276001489994,0.7509046001489994,1.2441996001489994,2.6254256001489993,,,,
4.763785,927,1079.0,0.4549276001489994,0.8495636001489993,1.3428586001489993,2.7240846001489993,,,,
4.764864,927,1079.0,0.5535866001489994,0.8495636001489993,1.4415176001489993,2.9214026001489994,,,,
4.765943,927,1079.0,0.4549276001489994,0.7509046001489994,1.4415176001489993,2.9214026001489994,,,,
4.767022,927,1079.0,0.3562686001489994,0.6522456001489993,1.3428586001489993,2.8227436001489994,,,,
4.768101,927,1079.0,0.3562686001489994,0.6522456001489993,1.2441996001489994,2.5267666001489992,,,,
4.76918,927,1079.0,0.4549276001489994,0.6522456001489993,1.0468816001489993,2.329448600148999,,,,
4.770259,927,1079.0,0.3562686001489994,0.6522456001489993,1.0468816001489993,2.2307896001489995,,,,
4.771338,927,1079.0,0.3562686001489994,0.6522456001489993,1.0468816001489993,2.2307896001489995,,,,
4.772417,927,1079.0,0.2576096001489994,0.4549276001489994,1.0468816001489993,2.329448600148999,,,,
4.773496,927,1079.0,0.1589506001489994,0.4549276001489994,0.9482226001489994,2.1321306001489995,,,,
4.774575,927,1079.0,0.1589506001489994,0.3562686001489994,0.9482226001489994,2.0334716001489994,,,,
4.775654,927,1079.0,0.2576096001489994,0.4549276001489994,0.8495636001489993,1.9348126001489994,,,,
4.776733,927,1079.0,0.3562686001489994,0.5535866001489994,0.8495636001489993,1.8361536001489993,,,,
4.777812,927,1079.0,0.3562686001489994,0.5535866001489994,0.9482226001489994,2.0334716001489994,,,,
4.778891,927,1079.0,0.3562686001489994,0.5535866001489994,1.0468816001489993,2.2307896001489995,,,,
4.77997,927,1079.0,0.3562686001489994,0.4549276001489994,1.0468816001489993,2.428107600148999,,,,
4.781049,927,1079.0,0.3562686001489994,0.4549276001489994,1.0468816001489993,2.329448600148999,,,,
4.782128,927,1079.0,0.3562686001489994,0.5535866001489994,1.0468816001489993,2.2307896001489995,,,,
4.783207,927,1079.0,0.4549276001489994,0.6522456001489993,1.0468816001489993,2.1321306001489995,,,,
4.784286,927,1079.0,0.4549276001489994,0.7509046001489994,1.0468816001489993,2.1321306001489995,,,,
4.785365,927,1079.0,0.4549276001489994,0.6522456001489993,1.0468816001489993,2.2307896001489995,,,,
4.786444,927,1079.0,0.3562686001489994,0.5535866001489994,0.9482226001489994,2.2307896001489995,,,,
4.787523,927,1079.0,0.3562686001489994,0.4549276001489994,0.9482226001489994,2.1321306001489995,,,,
4.788602,927,1079.0,0.2576096001489994,0.3562686001489994,0.8495636001489993,1.8361536001489993,,,,
4.789681,927,1079.0,0.2576096001489994,0.4549276001489994,0.6522456001489993,1.4415176001489993,,,,
4.79076,927,1079.0,0.2576096001489994,0.4549276001489994,0.5535866001489994,1.2441996001489994,,,,
4.791839,927,1079.0,0.2576096001489994,0.3562686001489994,0.5535866001489994,1.2441996001489994,,,,
4.792918,927,1079.0,0.1589506001489994,0.2576096001489994,0.4549276001489994,1.2441996001489994,,,,
4.793997,927,1079.0,0.1589506001489994,0.060291600148999404,0.5535866001489994,1.3428586001489993,,,,
4.795076,927,1079.0,0.1589506001489994,0.1589506001489994,0.5535866001489994,1.3428586001489993,,,,
4.796155,927,1079.0,0.2576096001489994,0.1589506001489994,0.3562686001489994,1.1455406001489994,,,,
4.797234,927,1079.0,0.2576096001489994,0.3562686001489994,0.4549276001489994,1.0468816001489993,,,,
4.798313,927,1079.0,0.3562686001489994,0.3562686001489994,0.4549276001489994,1.0468816001489993,,,,
4.799392,927,1079.0,0.2576096001489994,0.2576096001489994,0.4549276001489994,1.3428586001489993,,,,
4.800471,927,1079.0,0.2576096001489994,0.2576096001489994,0.5535866001489994,1.4415176001489993,,,,
4.80155,927,1079.0,0.2576096001489994,0.1589506001489994,0.5535866001489994,1.4415176001489993,,,,
4.802629,927,1079.0,0.3562686001489994,0.3562686001489994,0.5535866001489994,1.3428586001489993,,,,
4.803708,927,1079.0,0.3562686001489994,0.3562686001489994,0.4549276001489994,1.1455406001489994,,,,
4.804787,927,1079.0,0.3562686001489994,0.3562686001489994,0.3562686001489994,1.0468816001489993,,,,
4.805866,927,1079.0,0.3562686001489994,0.2576096001489994,0.2576096001489994,1.0468816001489993,,,,
4.806945,927,1079.0,0.2576096001489994,0.1589506001489994,0.2576096001489994,1.0468816001489993,,,,
4.808024,927,1079.0,0.1589506001489994,0.060291600148999404,0.2576096001489994,0.9482226001489994,,,,
4.809103,927,1079.0,0.1589506001489994,0.060291600148999404,0.1589506001489994,0.7509046001489994,,,,
4.810182,927,1079.0,0.1589506001489994,0.060291600148999404,0.060291600148999404,0.4549276001489994,,,,
4.811261,927,1079.0,0.1589506001489994,0.060291600148999404,-0.1370263998510006,0.1589506001489994,,,,
4.81234,927,1079.0,0.1589506001489994,0.060291600148999404,-0.2356853998510006,0.060291600148999404,,,,
4.813419,927,1079.0,0.060291600148999404,-0.03836739985100059,-0.2356853998510006,0.1589506001489994,,,,
4.814498,927,1079.0,0.060291600148999404,-0.1370263998510006,-0.1370263998510006,0.3562686001489994,,,,
4.815577,927,1079.0,0.060291600148999404,-0.1370263998510006,-0.1370263998510006,0.3562686001489994,,,,
4.816656,927,1079.0,0.1589506001489994,-0.03836739985100059,-0.1370263998510006,0.2576096001489994,,,,
4.817735,927,1079.0,0.1589506001489994,0.060291600148999404,-0.2356853998510006,0.1589506001489994,,,,
4.818814,927,1079.0,0.2576096001489994,0.060291600148999404,-0.2356853998510006,0.1589506001489994,,,,
4.819893,927,1079.0,0.2576096001489994,0.060291600148999404,-0.1370263998510006,0.2576096001489994,,,,
4.820972,927,1079.0,0.1589506001489994,-0.03836739985100059,-0.1370263998510006,0.4549276001489994,,,,
4.822051,927,1079.0,0.1589506001489994,-0.03836739985100059,0.060291600148999404,0.6522456001489993,,,,
4.82313,927,1079.0,0.2576096001489994,0.060291600148999404,-0.03836739985100059,0.5535866001489994,,,,
4.824209,927,1079.0,0.2576096001489994,0.060291600148999404,-0.03836739985100059,0.2576096001489994,,,,
4.825288,927,1079.0,0.2576096001489994,0.060291600148999404,-0.2356853998510006,0.060291600148999404,,,,
4.826367,927,1079.0,0.2576096001489994,-0.03836739985100059,-0.2356853998510006,0.060291600148999404,,,,
4.827446,927,1079.0,0.1589506001489994,-0.1370263998510006,-0.33434439985100056,0.060291600148999404,,,,
4.828525,927,1079.0,0.060291600148999404,-0.2356853998510006,-0.33434439985100056,0.060291600148999404,,,,
4.829604,927,1079.0,0.060291600148999404,-0.2356853998510006,-0.33434439985100056,-0.03836739985100059,,,,
4.830683,927,1079.0,0.060291600148999404,-0.2356853998510006,-0.43300339985100056,-0.33434439985100056,,,,
4.831762,927,1079.0,0.060291600148999404,-0.1370263998510006,-0.5316623998510006,-0.5316623998510006,,,,
4.832841,927,1079.0,-0.03836739985100059,-0.2356853998510006,-0.6303213998510006,-0.7289803998510006,,,,
4.83392,927,1079.0,-0.03836739985100059,-0.2356853998510006,-0.6303213998510006,-0.43300339985100056,,,,
4.834999,927,1079.0,-0.03836739985100059,-0.2356853998510006,-0.43300339985100056,-0.2356853998510006,,,,
4.836078,927,1079.0,0.060291600148999404,-0.2356853998510006,-0.33434439985100056,-0.1370263998510006,,,,
4.837157,927,1079.0,0.060291600148999404,-0.2356853998510006,-0.43300339985100056,-0.2356853998510006,,,,
4.838236,927,1079.0,0.1589506001489994,-0.1370263998510006,-0.43300339985100056,-0.33434439985100056,,,,
4.839315,927,1079.0,0.1589506001489994,-0.1370263998510006,-0.43300339985100056,-0.33434439985100056,,,,
4.840394,927,1079.0,0.1589506001489994,-0.1370263998510006,-0.43300339985100056,-0.2356853998510006,,,,
4.841473,927,1079.0,0.1589506001489994,-0.1370263998510006,-0.2356853998510006,0.1589506001489994,,,,
4.842552,927,1079.0,0.2576096001489994,-0.1370263998510006,-0.1370263998510006,0.2576096001489994,,,,
4.843631,927,1079.0,0.2576096001489994,-0.1370263998510006,-0.1370263998510006,0.2576096001489994,,,,
4.84471,927,1079.0,0.1589506001489994,-0.1370263998510006,-0.2356853998510006,-0.03836739985100059,,,,
4.845789,927,1079.0,0.1589506001489994,-0.1370263998510006,-0.43300339985100056,-0.2356853998510006,,,,
4.846868,927,1079.0,0.1589506001489994,-0.1370263998510006,-0.5316623998510006,-0.33434439985100056,,,,
4.847947,927,1079.0,0.1589506001489994,-0.2356853998510006,-0.43300339985100056,-0.2356853998510006,,,,
4.849026,927,1079.0,0.060291600148999404,-0.2356853998510006,-0.43300339985100056,-0.2356853998510006,,,,
4.850105,927,1079.0,0.060291600148999404,-0.33434439985100056,-0.43300339985100056,-0.2356853998510006,,,,
4.851184,927,1079.0,0.060291600148999404,-0.33434439985100056,-0.5316623998510006,-0.43300339985100056,,,,
4.852263,927,1079.0,0.060291600148999404,-0.33434439985100056,-0.6303213998510006,-0.6303213998510006,,,,
4.853342,927,1079.0,0.060291600148999404,-0.2356853998510006,-0.6303213998510006,-0.6303213998510006,,,,
4.854421,927,1079.0,0.060291600148999404,-0.2356853998510006,-0.5316623998510006,-0.43300339985100056,,,,
4.8555,927,1079.0,0.060291600148999404,-0.2356853998510006,-0.43300339985100056,-0.2356853998510006,,,,
4.856579,927,1079.0,0.060291600148999404,-0.2356853998510006,-0.33434439985100056,-0.03836739985100059,,,,
4.857658,927,1079.0,0.060291600148999404,-0.1370263998510006,-0.2356853998510006,0.060291600148999404,,,,
4.858737,927,1079.0,0.1589506001489994,-0.1370263998510006,-0.2356853998510006,0.060291600148999404,,,,
4.859816,927,1079.0,0.1589506001489994,-0.03836739985100059,-0.2356853998510006,-0.03836739985100059,,,,
4.860895,927,1079.0,0.2576096001489994,0.060291600148999404,-0.1370263998510006,0.1589506001489994,,,,
4.861974,927,1079.0,0.2576096001489994,0.060291600148999404,-0.03836739985100059,0.4549276001489994,,,,
4.863053,927,1079.0,0.2576096001489994,0.060291600148999404,0.060291600148999404,0.5535866001489994,,,,
4.864132,927,1079.0,0.2576096001489994,0.060291600148999404,-0.03836739985100059,0.5535866001489994,,,,
4.865211,927,1079.0,0.1589506001489994,-0.03836739985100059,-0.03836739985100059,0.3562686001489994,,,,
4.86629,927,1079.0,0.1589506001489994,-0.03836739985100059,-0.2356853998510006,0.1589506001489994,,,,
4.867369,927,1079.0,0.1589506001489994,0.060291600148999404,-0.2356853998510006,0.060291600148999404,,,,
4.868448,927,1079.0,0.1589506001489994,-0.03836739985100059,-0.2356853998510006,0.1589506001489994,,,,
4.869527,927,1079.0,0.060291600148999404,-0.03836739985100059,-0.1370263998510006,0.2576096001489994,,,,
4.870606,927,1079.0,0.060291600148999404,-0.1370263998510006,-0.1370263998510006,0.3562686001489994,,,,
4.871685,927,1079.0,0.060291600148999404,-0.1370263998510006,-0.1370263998510006,0.1589506001489994,,,,
4.872764,927,1079.0,0.060291600148999404,-0.1370263998510006,-0.2356853998510006,0.060291600148999404,,,,
4.873843,927,1079.0,0.060291600148999404,-0.03836739985100059,-0.2356853998510006,0.060291600148999404,,,,
4.874922,927,1079.0,0.1589506001489994,-0.03836739985100059,-0.1370263998510006,0.2576096001489994,,,,
4.876001,927,1079.0,0.1589506001489994,0.060291600148999404,0.060291600148999404,0.5535866001489994,,,,
4.87708,927,1079.0,0.1589506001489994,0.060291600148999404,0.1589506001489994,0.8495636001489993,,,,
4.878159,927,1079.0,0.1589506001489994,0.060291600148999404,0.2576096001489994,0.9482226001489994,,,,
4.879238,927,1079.0,0.2576096001489994,0.1589506001489994,0.2576096001489994,0.9482226001489994,,,,
4.880317,927,1079.0,0.2576096001489994,0.1589506001489994,0.2576096001489994,1.0468816001489993,,,,
4.881396,927,1079.0,0.3562686001489994,0.3562686001489994,0.3562686001489994,1.0468816001489993,,,,
4.882475,927,1079.0,0.3562686001489994,0.3562686001489994,0.4549276001489994,1.2441996001489994,,,,
4.883554,927,1079.0,0.3562686001489994,0.2576096001489994,0.5535866001489994,1.3428586001489993,,,,
4.884633,927,1079.0,0.2576096001489994,0.2576096001489994,0.5535866001489994,1.3428586001489993,,,,
4.885712,927,1079.0,0.2576096001489994,0.2576096001489994,0.4549276001489994,1.2441996001489994,,,,
4.886791,927,1079.0,0.2576096001489994,0.2576096001489994,0.3562686001489994,1.0468816001489993,,,,
4.88787,927,1079.0,0.2576096001489994,0.2576096001489994,0.3562686001489994,1.0468816001489993,,,,
4.888949,927,1079.0,0.2576096001489994,0.2576096001489994,0.2576096001489994,1.0468816001489993,,,,
4.890028,927,1079.0,0.1589506001489994,0.2576096001489994,0.4549276001489994,1.1455406001489994,,,,
4.891107,927,1079.0,0.1589506001489994,0.1589506001489994,0.4549276001489994,1.2441996001489994,,,,
4.892186,927,1079.0,0.060291600148999404,0.1589506001489994,0.4549276001489994,1.2441996001489994,,,,
4.893265,927,1079.0,0.1589506001489994,0.2576096001489994,0.5535866001489994,1.2441996001489994,,,,
4.894344,927,1079.0,0.2576096001489994,0.2576096001489994,0.4549276001489994,1.2441996001489994,,,,
4.895423,927,1079.0,0.2576096001489994,0.3562686001489994,0.5535866001489994,1.3428586001489993,,,,
4.896502,927,1079.0,0.2576096001489994,0.3562686001489994,0.6522456001489993,1.6388356001489994,,,,
4.897581,927,1079.0,0.2576096001489994,0.3562686001489994,0.8495636001489993,1.9348126001489994,,,,
4.89866,927,1079.0,0.2576096001489994,0.3562686001489994,0.9482226001489994,2.1321306001489995,,,,
4.899739,927,1079.0,0.2576096001489994,0.4549276001489994,0.9482226001489994,2.1321306001489995,,,,
4.900818,927,1079.0,0.3562686001489994,0.5535866001489994,1.0468816001489993,2.1321306001489995,,,,
4.901897,927,1079.0,0.4549276001489994,0.6522456001489993,1.0468816001489993,2.1321306001489995,,,,
4.902976,927,1079.0,0.4549276001489994,0.6522456001489993,0.9482226001489994,2.1321306001489995,,,,
4.904055,927,1079.0,0.3562686001489994,0.5535866001489994,1.0468816001489993,2.2307896001489995,,,,
4.905134,927,1079.0,0.3562686001489994,0.4549276001489994,1.0468816001489993,2.329448600148999,,,,
4.906213,927,1079.0,0.2576096001489994,0.4549276001489994,1.0468816001489993,2.2307896001489995,,,,
4.907292,927,1079.0,0.2576096001489994,0.4549276001489994,0.9482226001489994,2.0334716001489994,,,,
4.908371,927,1079.0,0.2576096001489994,0.5535866001489994,0.8495636001489993,1.8361536001489993,,,,
4.90945,927,1079.0,0.2576096001489994,0.5535866001489994,0.7509046001489994,1.8361536001489993,,,,
4.910529,927,1079.0,0.2576096001489994,0.4549276001489994,0.8495636001489993,1.8361536001489993,,,,
4.911608,927,1079.0,0.1589506001489994,0.3562686001489994,0.9482226001489994,2.1321306001489995,,,,
4.912687,927,1079.0,0.1589506001489994,0.4549276001489994,1.0468816001489993,2.2307896001489995,,,,
4.913766,927,1079.0,0.2576096001489994,0.4549276001489994,1.0468816001489993,2.2307896001489995,,,,
4.914845,927,1079.0,0.2576096001489994,0.5535866001489994,1.0468816001489993,2.2307896001489995,,,,
4.915924,927,1079.0,0.3562686001489994,0.6522456001489993,1.0468816001489993,2.2307896001489995,,,,
4.917003,927,1079.0,0.3562686001489994,0.6522456001489993,1.1455406001489994,2.428107600148999,,,,
4.918082,927,1079.0,0.3562686001489994,0.6522456001489993,1.2441996001489994,2.6254256001489993,,,,
4.919161,927,1079.0,0.3562686001489994,0.6522456001489993,1.3428586001489993,2.8227436001489994,,,,
4.92024,927,1079.0,0.3562686001489994,0.7509046001489994,1.4415176001489993,2.9214026001489994,,,,
4.921319,927,1079.0,0.4549276001489994,0.7509046001489994,1.4415176001489993,2.9214026001489994,,,,
4.922398,927,1079.0,0.4549276001489994,0.8495636001489993,1.3428586001489993,2.6254256001489993,,,,
4.923477,927,1079.0,0.4549276001489994,0.7509046001489994,1.2441996001489994,2.6254256001489993,,,,
4.924556,927,1079.0,0.4549276001489994,0.7509046001489994,1.2441996001489994,2.6254256001489993,,,,
4.925635,927,1079.0,0.3562686001489994,0.5535866001489994,1.3428586001489993,2.7240846001489993,,,,
4.926714,927,1079.0,0.3562686001489994,0.5535866001489994,1.2441996001489994,2.7240846001489993,,,,
4.927793,927,1079.0,0.3562686001489994,0.5535866001489994,1.1455406001489994,2.428107600148999,,,,
4.928872,927,1079.0,0.3562686001489994,0.6522456001489993,1.0468816001489993,2.2307896001489995,,,,
4.929951,927,1079.0,0.3562686001489994,0.5535866001489994,0.9482226001489994,2.0334716001489994,,,,
4.93103,927,1079.0,0.2576096001489994,0.5535866001489994,0.9482226001489994,2.1321306001489995,,,,
4.932109,927,1079.0,0.2576096001489994,0.4549276001489994,1.0468816001489993,2.329448600148999,,,,
4.933188,927,1079.0,0.2576096001489994,0.4549276001489994,1.1455406001489994,2.428107600148999,,,,
4.934267,927,1079.0,0.2576096001489994,0.5535866001489994,1.2441996001489994,2.5267666001489992,,,,
4.935346,927,1079.0,0.3562686001489994,0.5535866001489994,1.1455406001489994,2.428107600148999,,,,
4.936425,927,1079.0,0.3562686001489994,0.7509046001489994,1.1455406001489994,2.329448600148999,,,,
4.937504,927,1079.0,0.3562686001489994,0.7509046001489994,1.1455406001489994,2.428107600148999,,,,
4.938583,927,1079.0,0.3562686001489994,0.6522456001489993,1.2441996001489994,2.6254256001489993,,,,
4.939662,927,1079.0,0.4549276001489994,0.6522456001489993,1.4415176001489993,2.9214026001489994,,,,
4.940741,927,1079.0,0.4549276001489994,0.7509046001489994,1.4415176001489993,2.9214026001489994,,,,
4.94182,927,1079.0,0.4549276001489994,0.7509046001489994,1.3428586001489993,2.7240846001489993,,,,
4.942899,927,1079.0,0.4549276001489994,0.7509046001489994,1.1455406001489994,2.428107600148999,,,,
4.943978,927,1079.0,0.4549276001489994,0.7509046001489994,1.0468816001489993,2.329448600148999,,,,
4.945057,927,1079.0,0.3562686001489994,0.6522456001489993,1.0468816001489993,2.2307896001489995,,,,
4.946136,927,1079.0,0.3562686001489994,0.5535866001489994,1.0468816001489993,2.329448600148999,,,,
4.947215,927,1079.0,0.2576096001489994,0.4549276001489994,1.0468816001489993,2.329448600148999,,,,
4.948294,927,1079.0,0.2576096001489994,0.4549276001489994,0.9482226001489994,2.0334716001489994,,,,
4.949373,927,1079.0,0.1589506001489994,0.4549276001489994,0.8495636001489993,1.7374946001489993,,,,
4.950452,927,1079.0,0.2576096001489994,0.3562686001489994,0.6522456001489993,1.5401766001489994,,,,
4.951531,927,1079.0,0.2576096001489994,0.3562686001489994,0.6522456001489993,1.6388356001489994,,,,
4.95261,927,1079.0,0.1589506001489994,0.3562686001489994,0.7509046001489994,1.7374946001489993,,,,
4.953689,927,1079.0,0.1589506001489994,0.3562686001489994,0.8495636001489993,1.9348126001489994,,,,
4.954768,927,1079.0,0.2576096001489994,0.3562686001489994,0.8495636001489993,1.9348126001489994,,,,
4.955847,927,1079.0,0.2576096001489994,0.4549276001489994,0.8495636001489993,1.8361536001489993,,,,
4.956926,927,1079.0,0.3562686001489994,0.4549276001489994,0.7509046001489994,1.7374946001489993,,,,
4.958005,927,1079.0,0.3562686001489994,0.4549276001489994,0.7509046001489994,1.7374946001489993,,,,
4.959084,927,1079.0,0.3562686001489994,0.5535866001489994,0.8495636001489993,1.9348126001489994,,,,
4.960163,927,1079.0,0.3562686001489994,0.5535866001489994,0.9482226001489994,2.1321306001489995,,,,
4.961242,927,1079.0,0.3562686001489994,0.4549276001489994,0.9482226001489994,2.1321306001489995,,,,
4.962321,927,1079.0,0.3562686001489994,0.4549276001489994,0.8495636001489993,1.8361536001489993,,,,
4.9634,927,1079.0,0.3562686001489994,0.4549276001489994,0.6522456001489993,1.5401766001489994,,,,
4.964479,927,1079.0,0.3562686001489994,0.4549276001489994,0.5535866001489994,1.2441996001489994,,,,
4.965558,927,1079.0,0.3562686001489994,0.3562686001489994,0.4549276001489994,1.2441996001489994,,,,
4.966637,927,1079.0,0.2576096001489994,0.2576096001489994,0.4549276001489994,1.2441996001489994,,,,
4.967716,927,1079.0,0.1589506001489994,0.1589506001489994,0.4549276001489994,1.2441996001489994,,,,
4.968795,927,1079.0,0.1589506001489994,0.1589506001489994,0.3562686001489994,1.0468816001489993,,,,
4.969874,927,1079.0,0.1589506001489994,0.060291600148999404,0.1589506001489994,0.7509046001489994,,,,
4.970953,927,1079.0,0.1589506001489994,0.1589506001489994,0.060291600148999404,0.5535866001489994,,,,
4.972032,927,1079.0,0.1589506001489994,0.1589506001489994,0.1589506001489994,0.6522456001489993,,,,
4.973111,927,1079.0,0.1589506001489994,0.1589506001489994,0.1589506001489994,0.7509046001489994,,,,
4.97419,927,1079.0,0.1589506001489994,0.060291600148999404,0.2576096001489994,1.0468816001489993,,,,
4.975269,927,1079.0,0.1589506001489994,0.1589506001489994,0.3562686001489994,1.0468816001489993,,,,
4.976348,927,1079.0,0.2576096001489994,0.060291600148999404,0.2576096001489994,0.9482226001489994,,,,
4.977427,927,1079.0,0.2576096001489994,0.1589506001489994,0.2576096001489994,0.7509046001489994,,,,
4.978506,927,1079.0,0.3562686001489994,0.2576096001489994,0.1589506001489994,0.7509046001489994,,,,
4.979585,927,1079.0,0.3562686001489994,0.2576096001489994,0.2576096001489994,0.9482226001489994,,,,
4.980664,927,1079.0,0.3562686001489994,0.1589506001489994,0.2576096001489994,1.0468816001489993,,,,
4.981743,927,1079.0,0.2576096001489994,0.1589506001489994,0.2576096001489994,0.9482226001489994,,,,
4.982822,927,1079.0,0.2576096001489994,0.1589506001489994,0.1589506001489994,0.7509046001489994,,,,
4.983901,927,1079.0,0.1589506001489994,0.060291600148999404,0.060291600148999404,0.4549276001489994,,,,
4.98498,927,1079.0,0.1589506001489994,0.060291600148999404,-0.1370263998510006,0.2576096001489994,,,,
4.986059,927,1079.0,0.1589506001489994,0.060291600148999404,-0.1370263998510006,0.1589506001489994,,,,
4.987138,927,1079.0,0.1589506001489994,-0.03836739985100059,-0.1370263998510006,0.1589506001489994,,,,
4.988217,927,1079.0,0.060291600148999404,-0.1370263998510006,-0.1370263998510006,0.1589506001489994,,,,
4.989296,927,1079.0,0.060291600148999404,-0.2356853998510006,-0.2356853998510006,0.060291600148999404,,,,
4.990375,927,1079.0,-0.03836739985100059,-0.2356853998510006,-0.33434439985100056,-0.1370263998510006,,,,
4.991454,927,1079.0,0.060291600148999404,-0.1370263998510006,-0.43300339985100056,-0.2356853998510006,,,,
4.992533,927,1079.0,0.060291600148999404,-0.03836739985100059,-0.43300339985100056,-0.2356853998510006,,,,
4.993612,927,1079.0,0.1589506001489994,-0.1370263998510006,-0.33434439985100056,-0.03836739985100059,,,,
4.994691,927,1079.0,0.1589506001489994,-0.1370263998510006,-0.2356853998510006,0.1589506001489994,,,,
4.99577,927,1079.0,0.1589506001489994,-0.1370263998510006,-0.2356853998510006,0.1589506001489994,,,,
4.996849,927,1079.0,0.1589506001489994,-0.1370263998510006,-0.1370263998510006,0.1589506001489994,,,,
4.997928,927,1079.0,0.1589506001489994,-0.03836739985100059,-0.2356853998510006,0.1589506001489994,,,,
4.999007,927,1079.0,0.2576096001489994,-0.03836739985100059,-0.2356853998510006,0.1589506001489994,,,,
5.000086,927,1079.0,0.2576096001489994,0.060291600148999404,-0.2356853998510006,0.1589506001489994,,,,
5.001165,927,1079.0,0.2576096001489994,-0.03836739985100059,-0.2356853998510006,0.1589506001489994,,,,
5.002244,927,1079.0,0.1589506001489994,-0.03836739985100059,-0.2356853998510006,0.1589506001489994,,,,
5.003323,927,1079.0,0.1589506001489994,-0.1370263998510006,-0.2356853998510006,0.060291600148999404,,,,
5.004402,927,1079.0,0.1589506001489994,-0.1370263998510006,-0.33434439985100056,-0.1370263998510006,,,,
5.005481,927,1079.0,0.1589506001489994,-0.1370263998510006,-0.5316623998510006,-0.43300339985100056,,,,
5.00656,927,1079.0,0.1589506001489994,-0.2356853998510006,-0.5316623998510006,-0.5316623998510006,,,,
5.007639,927,1079.0,0.060291600148999404,-0.2356853998510006,-0.5316623998510006,-0.5316623998510006,,,,
5.008718,927,1079.0,0.060291600148999404,-0.33434439985100056,-0.5316623998510006,-0.5316623998510006,,,,
5.009797,927,1079.0,-0.03836739985100059,-0.33434439985100056,-0.5316623998510006,-0.43300339985100056,,,,
5.010876,927,1079.0,0.060291600148999404,-0.33434439985100056,-0.5316623998510006,-0.43300339985100056,,,,
5.011955,927,1079.0,0.060291600148999404,-0.2356853998510006,-0.6303213998510006,-0.43300339985100056,,,,
5.013034,927,1079.0,0.1589506001489994,-0.1370263998510006,-0.5316623998510006,-0.5316623998510006,,,,
5.014113,927,1079.0,0.1589506001489994,-0.1370263998510006,-0.5316623998510006,-0.33434439985100056,,,,
5.015192,927,1079.0,0.1589506001489994,-0.1370263998510006,-0.43300339985100056,-0.1370263998510006,,,,
5.016271,927,1079.0,0.1589506001489994,-0.1370263998510006,-0.33434439985100056,0.060291600148999404,,,,
5.01735,927,1079.0,0.1589506001489994,-0.1370263998510006,-0.33434439985100056,0.1589506001489994,,,,
5.018429,927,1079.0,0.2576096001489994,-0.03836739985100059,-0.2356853998510006,0.1589506001489994,,,,
5.019508,927,1079.0,0.2576096001489994,0.060291600148999404,-0.2356853998510006,-0.03836739985100059,,,,
5.020587,927,1079.0,0.2576096001489994,0.060291600148999404,-0.33434439985100056,-0.03836739985100059,,,,
5.021666,927,1079.0,0.2576096001489994,0.060291600148999404,-0.2356853998510006,-0.03836739985100059,,,,
5.022745,927,1079.0,0.1589506001489994,-0.03836739985100059,-0.2356853998510006,-0.03836739985100059,,,,
5.023824,927,1079.0,0.060291600148999404,-0.1370263998510006,-0.2356853998510006,0.060291600148999404,,,,
5.024903,927,1079.0,0.060291600148999404,-0.1370263998510006,-0.33434439985100056,-0.1370263998510006,,,,
5.025982,927,1079.0,0.1589506001489994,-0.1370263998510006,-0.43300339985100056,-0.2356853998510006,,,,
5.027061,927,1079.0,0.1589506001489994,-0.1370263998510006,-0.5316623998510006,-0.43300339985100056,,,,
5.02814,927,1079.0,0.1589506001489994,-0.1370263998510006,-0.5316623998510006,-0.43300339985100056,,,,
5.029219,927,1079.0,0.060291600148999404,-0.2356853998510006,-0.43300339985100056,-0.33434439985100056,,,,
5.030298,927,1079.0,-0.03836739985100059,-0.2356853998510006,-0.33434439985100056,-0.1370263998510006,,,,
5.031377,927,1079.0,0.060291600148999404,-0.2356853998510006,-0.2356853998510006,-0.03836739985100059,,,,
5.032456,927,1079.0,0.060291600148999404,-0.1370263998510006,-0.33434439985100056,-0.03836739985100059,,,,
5.033535,927,1079.0,0.1589506001489994,-0.03836739985100059,-0.33434439985100056,-0.03836739985100059,,,,
5.034614,927,1079.0,0.1589506001489994,-0.03836739985100059,-0.2356853998510006,0.060291600148999404,,,,
5.035693,927,1079.0,0.2576096001489994,0.060291600148999404,-0.1370263998510006,0.2576096001489994,,,,
5.036772,927,1079.0,0.1589506001489994,-0.03836739985100059,-0.03836739985100059,0.4549276001489994,,,,
5.037851,927,1079.0,0.2576096001489994,0.060291600148999404,0.1589506001489994,0.7509046001489994,,,,
5.03893,927,1079.0,0.2576096001489994,0.060291600148999404,0.1589506001489994,0.8495636001489993,,,,
5.040009,927,1079.0,0.2576096001489994,0.1589506001489994,0.060291600148999404,0.5535866001489994,,,,
5.041088,927,1079.0,0.2576096001489994,0.2576096001489994,0.060291600148999404,0.4549276001489994,,,,
5.042167,927,1079.0,0.2576096001489994,0.1589506001489994,0.060291600148999404,0.4549276001489994,,,,
5.043246,927,1079.0,0.1589506001489994,0.060291600148999404,0.060291600148999404,0.6522456001489993,,,,
5.044325,927,1079.0,0.1589506001489994,0.060291600148999404,0.1589506001489994,0.7509046001489994,,,,
5.045404,927,1079.0,0.1589506001489994,0.060291600148999404,0.1589506001489994,0.6522456001489993,,,,
5.046483,927,1079.0,0.1589506001489994,-0.03836739985100059,-0.03836739985100059,0.4549276001489994,,,,
5.047562,927,1079.0,0.1589506001489994,0.060291600148999404,-0.03836739985100059,0.2576096001489994,,,,
5.048641,927,1079.0,0.060291600148999404,0.060291600148999404,-0.1370263998510006,0.2576096001489994,,,,
5.04972,927,1079.0,0.1589506001489994,0.060291600148999404,0.060291600148999404,0.5535866001489994,,,,
5.050799,927,1079.0,0.060291600148999404,0.060291600148999404,0.1589506001489994,0.8495636001489993,,,,
5.051878,927,1079.0,0.1589506001489994,0.060291600148999404,0.2576096001489994,1.0468816001489993,,,,
5.052957,927,1079.0,0.1589506001489994,0.1589506001489994,0.3562686001489994,1.0468816001489993,,,,
5.054036,927,1079.0,0.2576096001489994,0.2576096001489994,0.3562686001489994,0.9482226001489994,,,,
5.055115,927,1079.0,0.2576096001489994,0.2576096001489994,0.3562686001489994,1.0468816001489993,,,,
5.056194,927,1079.0,0.2576096001489994,0.3562686001489994,0.4549276001489994,1.2441996001489994,,,,
5.057273,927,1079.0,0.3562686001489994,0.3562686001489994,0.6522456001489993,1.6388356001489994,,,,
5.058352,927,1079.0,0.2576096001489994,0.3562686001489994,0.7509046001489994,1.8361536001489993,,,,
5.059431,927,1079.0,0.3562686001489994,0.3562686001489994,0.7509046001489994,1.7374946001489993,,,,
5.06051,927,1079.0,0.3562686001489994,0.4549276001489994,0.6522456001489993,1.5401766001489994,,,,
5.061589,927,1079.0,0.3562686001489994,0.4549276001489994,0.5535866001489994,1.4415176001489993,,,,
5.062668,927,1079.0,0.3562686001489994,0.4549276001489994,0.5535866001489994,1.4415176001489993,,,,
5.063747,927,1079.0,0.2576096001489994,0.3562686001489994,0.6522456001489993,1.5401766001489994,,,,
5.064826,927,1079.0,0.2576096001489994,0.2576096001489994,0.6522456001489993,1.6388356001489994,,,,
5.065905,927,1079.0,0.1589506001489994,0.2576096001489994,0.6522456001489993,1.6388356001489994,,,,
5.066984,927,1079.0,0.1589506001489994,0.2576096001489994,0.6522456001489993,1.4415176001489993,,,,
5.068063,927,1079.0,0.1589506001489994,0.2576096001489994,0.4549276001489994,1.2441996001489994,,,,
5.069142,927,1079.0,0.1589506001489994,0.3562686001489994,0.5535866001489994,1.3428586001489993,,,,
5.070221,927,1079.0,0.2576096001489994,0.3562686001489994,0.6522456001489993,1.5401766001489994,,,,
5.0713,927,1079.0,0.1589506001489994,0.3562686001489994,0.8495636001489993,1.9348126001489994,,,,
5.072379,927,1079.0,0.1589506001489994,0.3562686001489994,0.9482226001489994,2.1321306001489995,,,,
5.073458,927,1079.0,0.2576096001489994,0.4549276001489994,0.9482226001489994,2.1321306001489995,,,,
5.074537,927,1079.0,0.3562686001489994,0.4549276001489994,0.9482226001489994,2.0334716001489994,,,,
5.075616,927,1079.0,0.3562686001489994,0.5535866001489994,0.9482226001489994,2.1321306001489995,,,,
5.076695,927,1079.0,0.4549276001489994,0.6522456001489993,1.0468816001489993,2.329448600148999,,,,
5.077774,927,1079.0,0.4549276001489994,0.6522456001489993,1.2441996001489994,2.6254256001489993,,,,
5.078853,927,1079.0,0.3562686001489994,0.6522456001489993,1.3428586001489993,2.7240846001489993,,,,
5.079932,927,1079.0,0.3562686001489994,0.6522456001489993,1.2441996001489994,2.6254256001489993,,,,
5.081011,927,1079.0,0.4549276001489994,0.6522456001489993,1.1455406001489994,2.428107600148999,,,,
5.08209,927,1079.0,0.3562686001489994,0.6522456001489993,1.0468816001489993,2.2307896001489995,,,,
5.083169,927,1079.0,0.3562686001489994,0.6522456001489993,1.0468816001489993,2.1321306001489995,,,,
5.084248,927,1079.0,0.3562686001489994,0.6522456001489993,1.0468816001489993,2.2307896001489995,,,,
5.085327,927,1079.0,0.2576096001489994,0.5535866001489994,1.0468816001489993,2.329448600148999,,,,
5.086406,927,1079.0,0.2576096001489994,0.4549276001489994,1.0468816001489993,2.329448600148999,,,,
5.087485,927,1079.0,0.2576096001489994,0.4549276001489994,1.0468816001489993,2.1321306001489995,,,,
5.088564,927,1079.0,0.2576096001489994,0.5535866001489994,0.9482226001489994,2.0334716001489994,,,,
5.089643,927,1079.0,0.2576096001489994,0.5535866001489994,0.9482226001489994,2.0334716001489994,,,,
5.090722,927,1079.0,0.2576096001489994,0.6522456001489993,1.0468816001489993,2.2307896001489995,,,,
5.091801,927,1079.0,0.2576096001489994,0.5535866001489994,1.1455406001489994,2.5267666001489992,,,,
5.09288,927,1079.0,0.3562686001489994,0.5535866001489994,1.2441996001489994,2.7240846001489993,,,,
5.093959,927,1079.0,0.3562686001489994,0.6522456001489993,1.3428586001489993,2.7240846001489993,,,,
5.095038,927,1079.0,0.3562686001489994,0.6522456001489993,1.3428586001489993,2.6254256001489993,,,,
5.096117,927,1079.0,0.4549276001489994,0.7509046001489994,1.3428586001489993,2.6254256001489993,,,,
5.097196,927,1079.0,0.5535866001489994,0.8495636001489993,1.3428586001489993,2.8227436001489994,,,,
5.098275,927,1079.0,0.4549276001489994,0.8495636001489993,1.4415176001489993,2.9214026001489994,,,,
5.099354,927,1079.0,0.4549276001489994,0.7509046001489994,1.4415176001489993,2.9214026001489994,,,,
5.100433,927,1079.0,0.4549276001489994,0.6522456001489993,1.3428586001489993,2.8227436001489994,,,,
5.101512,927,1079.0,0.3562686001489994,0.6522456001489993,1.3428586001489993,2.6254256001489993,,,,
5.102591,927,1079.0,0.3562686001489994,0.6522456001489993,1.1455406001489994,2.428107600148999,,,,
5.10367,927,1079.0,0.3562686001489994,0.6522456001489993,1.0468816001489993,2.2307896001489995,,,,
5.104749,927,1079.0,0.3562686001489994,0.6522456001489993,1.0468816001489993,2.2307896001489995,,,,
5.105828,927,1079.0,0.2576096001489994,0.5535866001489994,1.0468816001489993,2.329448600148999,,,,
5.106907,927,1079.0,0.1589506001489994,0.4549276001489994,1.0468816001489993,2.2307896001489995,,,,
5.107986,927,1079.0,0.1589506001489994,0.4549276001489994,1.0468816001489993,2.1321306001489995,,,,
5.109065,927,1079.0,0.2576096001489994,0.4549276001489994,0.9482226001489994,2.1321306001489995,,,,
5.110144,927,1079.0,0.2576096001489994,0.5535866001489994,0.9482226001489994,2.0334716001489994,,,,
5.111223,927,1079.0,0.3562686001489994,0.5535866001489994,0.9482226001489994,2.1321306001489995,,,,
5.112302,927,1079.0,0.3562686001489994,0.6522456001489993,1.0468816001489993,2.329448600148999,,,,
5.113381,927,1079.0,0.3562686001489994,0.5535866001489994,1.1455406001489994,2.428107600148999,,,,
5.11446,927,1079.0,0.3562686001489994,0.5535866001489994,1.1455406001489994,2.5267666001489992,,,,
5.115539,927,1079.0,0.3562686001489994,0.6522456001489993,1.1455406001489994,2.5267666001489992,,,,
5.116618,927,1079.0,0.4549276001489994,0.6522456001489993,1.1455406001489994,2.428107600148999,,,,
5.117697,927,1079.0,0.4549276001489994,0.7509046001489994,1.1455406001489994,2.428107600148999,,,,
5.118776,927,1079.0,0.4549276001489994,0.6522456001489993,1.0468816001489993,2.329448600148999,,,,
5.119855,927,1079.0,0.4549276001489994,0.5535866001489994,1.0468816001489993,2.329448600148999,,,,
5.120934,927,1079.0,0.3562686001489994,0.4549276001489994,1.0468816001489993,2.329448600148999,,,,
5.122013,927,1079.0,0.2576096001489994,0.4549276001489994,0.9482226001489994,2.1321306001489995,,,,
5.123092,927,1079.0,0.2576096001489994,0.4549276001489994,0.8495636001489993,1.8361536001489993,,,,
5.124171,927,1079.0,0.2576096001489994,0.4549276001489994,0.6522456001489993,1.5401766001489994,,,,
5.12525,927,1079.0,0.2576096001489994,0.3562686001489994,0.6522456001489993,1.5401766001489994,,,,
5.126329,927,1079.0,0.1589506001489994,0.2576096001489994,0.5535866001489994,1.4415176001489993,,,,
5.127408,927,1079.0,0.1589506001489994,0.2576096001489994,0.6522456001489993,1.4415176001489993,,,,
5.128487,927,1079.0,0.060291600148999404,0.2576096001489994,0.5535866001489994,1.4415176001489993,,,,
5.129566,927,1079.0,0.1589506001489994,0.2576096001489994,0.6522456001489993,1.4415176001489993,,,,
5.130645,927,1079.0,0.2576096001489994,0.3562686001489994,0.5535866001489994,1.3428586001489993,,,,
5.131724,927,1079.0,0.2576096001489994,0.3562686001489994,0.5535866001489994,1.3428586001489993,,,,
5.132803,927,1079.0,0.2576096001489994,0.4549276001489994,0.5535866001489994,1.4415176001489993,,,,
5.133882,927,1079.0,0.3562686001489994,0.3562686001489994,0.6522456001489993,1.5401766001489994,,,,
5.134961,927,1079.0,0.2576096001489994,0.2576096001489994,0.7509046001489994,1.6388356001489994,,,,
5.13604,927,1079.0,0.3562686001489994,0.3562686001489994,0.7509046001489994,1.7374946001489993,,,,
5.137119,927,1079.0,0.3562686001489994,0.4549276001489994,0.7509046001489994,1.6388356001489994,,,,
5.138198,927,1079.0,0.3562686001489994,0.3562686001489994,0.5535866001489994,1.3428586001489993,,,,
5.139277,927,1079.0,0.3562686001489994,0.3562686001489994,0.4549276001489994,1.2441996001489994,,,,
5.140356,927,1079.0,0.3562686001489994,0.2576096001489994,0.3562686001489994,1.1455406001489994,,,,
5.141435,927,1079.0,0.2576096001489994,0.1589506001489994,0.3562686001489994,1.1455406001489994,,,,
5.142514,927,1079.0,0.2576096001489994,0.060291600148999404,0.3562686001489994,1.0468816001489993,,,,
5.143593,927,1079.0,0.1589506001489994,0.060291600148999404,0.1589506001489994,0.8495636001489993,,,,
5.144672,927,1079.0,0.1589506001489994,0.060291600148999404,0.060291600148999404,0.5535866001489994,,,,
5.145751,927,1079.0,0.1589506001489994,0.060291600148999404,-0.03836739985100059,0.3562686001489994,,,,
5.14683,927,1079.0,0.060291600148999404,0.060291600148999404,-0.1370263998510006,0.2576096001489994,,,,
5.147909,927,1079.0,0.060291600148999404,-0.03836739985100059,0.060291600148999404,0.4549276001489994,,,,
5.148988,927,1079.0,0.060291600148999404,-0.03836739985100059,0.060291600148999404,0.6522456001489993,,,,
5.150067,927,1079.0,0.060291600148999404,-0.03836739985100059,0.060291600148999404,0.5535866001489994,,,,
5.151146,927,1079.0,0.1589506001489994,0.060291600148999404,-0.03836739985100059,0.4549276001489994,,,,
5.152225,927,1079.0,0.2576096001489994,0.060291600148999404,-0.03836739985100059,0.3562686001489994,,,,
5.153304,927,1079.0,0.2576096001489994,0.060291600148999404,-0.03836739985100059,0.4549276001489994,,,,
5.154383,927,1079.0,0.2576096001489994,0.060291600148999404,0.060291600148999404,0.6522456001489993,,,,
5.155462,927,1079.0,0.2576096001489994,0.060291600148999404,0.1589506001489994,0.8495636001489993,,,,
5.156541,927,1079.0,0.2576096001489994,0.060291600148999404,0.1589506001489994,0.8495636001489993,,,,
5.15762,927,1079.0,0.2576096001489994,0.060291600148999404,-0.03836739985100059,0.5535866001489994,,,,
5.158699,927,1079.0,0.2576096001489994,0.060291600148999404,-0.03836739985100059,0.2576096001489994,,,,
5.159778,927,1079.0,0.2576096001489994,0.060291600148999404,-0.2356853998510006,0.1589506001489994,,,,
5.160857,927,1079.0,0.2576096001489994,-0.03836739985100059,-0.2356853998510006,0.1589506001489994,,,,
5.161936,927,1079.0,0.1589506001489994,-0.03836739985100059,-0.2356853998510006,0.1589506001489994,,,,
5.163015,927,1079.0,0.060291600148999404,-0.2356853998510006,-0.2356853998510006,0.1589506001489994,,,,
5.164094,927,1079.0,0.060291600148999404,-0.1370263998510006,-0.33434439985100056,-0.03836739985100059,,,,
5.165173,927,1079.0,0.060291600148999404,-0.2356853998510006,-0.43300339985100056,-0.33434439985100056,,,,
5.166252,927,1079.0,0.060291600148999404,-0.2356853998510006,-0.6303213998510006,-0.5316623998510006,,,,
5.167331,927,1079.0,0.060291600148999404,-0.1370263998510006,-0.6303213998510006,-0.43300339985100056,,,,
5.16841,927,1079.0,0.060291600148999404,-0.2356853998510006,-0.5316623998510006,-0.2356853998510006,,,,
5.169489,927,1079.0,0.060291600148999404,-0.2356853998510006,-0.33434439985100056,-0.03836739985100059,,,,
5.170568,927,1079.0,0.060291600148999404,-0.2356853998510006,-0.33434439985100056,-0.03836739985100059,,,,
5.171647,927,1079.0,0.060291600148999404,-0.1370263998510006,-0.33434439985100056,-0.1370263998510006,,,,
5.172726,927,1079.0,0.1589506001489994,-0.1370263998510006,-0.43300339985100056,-0.1370263998510006,,,,
5.173805,927,1079.0,0.2576096001489994,-0.03836739985100059,-0.43300339985100056,-0.2356853998510006,,,,
5.174884,927,1079.0,0.2576096001489994,-0.03836739985100059,-0.2356853998510006,0.060291600148999404,,,,
5.175963,927,1079.0,0.2576096001489994,-0.03836739985100059,-0.1370263998510006,0.2576096001489994,,,,
5.177042,927,1079.0,0.1589506001489994,-0.03836739985100059,-0.1370263998510006,0.2576096001489994,,,,
5.178121,927,1079.0,0.1589506001489994,-0.03836739985100059,-0.33434439985100056,0.060291600148999404,,,,
5.1792,927,1079.0,0.1589506001489994,-0.03836739985100059,-0.43300339985100056,-0.1370263998510006,,,,
5.180279,927,1079.0,0.2576096001489994,-0.1370263998510006,-0.5316623998510006,-0.33434439985100056,,,,
5.181358,927,1079.0,0.1589506001489994,-0.1370263998510006,-0.5316623998510006,-0.33434439985100056,,,,
5.182437,927,1079.0,0.060291600148999404,-0.2356853998510006,-0.43300339985100056,-0.2356853998510006,,,,
5.183516,927,1079.0,0.060291600148999404,-0.33434439985100056,-0.43300339985100056,-0.2356853998510006,,,,
5.184595,927,1079.0,-0.03836739985100059,-0.33434439985100056,-0.5316623998510006,-0.33434439985100056,,,,
5.185674,927,1079.0,-0.03836739985100059,-0.33434439985100056,-0.6303213998510006,-0.6303213998510006,,,,
5.186753,927,1079.0,0.060291600148999404,-0.2356853998510006,-0.7289803998510006,-0.7289803998510006,,,,
5.187832,927,1079.0,0.060291600148999404,-0.2356853998510006,-0.6303213998510006,-0.5316623998510006,,,,
5.188911,927,1079.0,0.060291600148999404,-0.2356853998510006,-0.5316623998510006,-0.33434439985100056,,,,
5.18999,927,1079.0,0.060291600148999404,-0.2356853998510006,-0.33434439985100056,-0.1370263998510006,,,,
5.191069,927,1079.0,0.060291600148999404,-0.1370263998510006,-0.2356853998510006,-0.03836739985100059,,,,
5.192148,927,1079.0,0.1589506001489994,-0.1370263998510006,-0.33434439985100056,-0.03836739985100059,,,,
5.193227,927,1079.0,0.2576096001489994,-0.1370263998510006,-0.33434439985100056,-0.1370263998510006,,,,
5.194306,927,1079.0,0.2576096001489994,0.060291600148999404,-0.33434439985100056,-0.03836739985100059,,,,
5.195385,927,1079.0,0.2576096001489994,0.060291600148999404,-0.2356853998510006,0.2576096001489994,,,,
5.196464,927,1079.0,0.2576096001489994,0.060291600148999404,-0.1370263998510006,0.3562686001489994,,,,
5.197543,927,1079.0,0.1589506001489994,-0.03836739985100059,-0.03836739985100059,0.3562686001489994,,,,
5.198622,927,1079.0,0.1589506001489994,-0.03836739985100059,-0.1370263998510006,0.2576096001489994,,,,
5.199701,927,1079.0,0.1589506001489994,-0.03836739985100059,-0.2356853998510006,0.060291600148999404,,,,
5.20078,927,1079.0,0.1589506001489994,-0.03836739985100059,-0.33434439985100056,-0.1370263998510006,,,,
5.201859,927,1079.0,0.1589506001489994,-0.03836739985100059,-0.33434439985100056,-0.03836739985100059,,,,
5.202938,927,1079.0,0.060291600148999404,-0.1370263998510006,-0.33434439985100056,0.060291600148999404,,,,
5.204017,927,1079.0,0.060291600148999404,-0.1370263998510006,-0.2356853998510006,0.060291600148999404,,,,
5.205096,927,1079.0,-0.03836739985100059,-0.2356853998510006,-0.2356853998510006,0.060291600148999404,,,,
5.206175,927,1079.0,-0.03836739985100059,-0.2356853998510006,-0.33434439985100056,-0.03836739985100059,,,,
5.207254,927,1079.0,0.060291600148999404,-0.1370263998510006,-0.2356853998510006,-0.03836739985100059,,,,
5.208333,927,1079.0,0.1589506001489994,-0.03836739985100059,-0.2356853998510006,0.060291600148999404,,,,
5.209412,927,1079.0,0.1589506001489994,-0.03836739985100059,-0.1370263998510006,0.3562686001489994,,,,
5.210491,927,1079.0,0.1589506001489994,-0.03836739985100059,0.060291600148999404,0.5535866001489994,,,,
5.21157,927,1079.0,0.1589506001489994,0.060291600148999404,0.1589506001489994,0.7509046001489994,,,,
5.212649,927,1079.0,0.1589506001489994,0.060291600148999404,0.1589506001489994,0.7509046001489994,,,,
5.213728,927,1079.0,0.2576096001489994,0.1589506001489994,0.1589506001489994,0.7509046001489994,,,,
5.214807,927,1079.0,0.3562686001489994,0.2576096001489994,0.1589506001489994,0.8495636001489993,,,,
5.215886,927,1079.0,0.3562686001489994,0.2576096001489994,0.2576096001489994,1.0468816001489993,,,,
5.216965,927,1079.0,0.3562686001489994,0.2576096001489994,0.3562686001489994,1.0468816001489993,,,,
5.218044,927,1079.0,0.2576096001489994,0.1589506001489994,0.3562686001489994,1.1455406001489994,,,,
5.219123,927,1079.0,0.2576096001489994,0.1589506001489994,0.3562686001489994,1.0468816001489993,,,,
5.220202,927,1079.0,0.1589506001489994,0.1589506001489994,0.2576096001489994,0.8495636001489993,,,,
5.221281,927,1079.0,0.2576096001489994,0.1589506001489994,0.1589506001489994,0.7509046001489994,,,,
5.22236,927,1079.0,0.1589506001489994,0.2576096001489994,0.1589506001489994,0.7509046001489994,,,,
5.223439,927,1079.0,0.1589506001489994,0.1589506001489994,0.1589506001489994,0.8495636001489993,,,,
5.224518,927,1079.0,0.060291600148999404,0.060291600148999404,0.2576096001489994,0.9482226001489994,,,,
5.225597,927,1079.0,0.1589506001489994,-0.03836739985100059,0.2576096001489994,1.0468816001489993,,,,
5.226676,927,1079.0,0.1589506001489994,0.060291600148999404,0.2576096001489994,1.0468816001489993,,,,
5.227755,927,1079.0,0.1589506001489994,0.2576096001489994,0.3562686001489994,1.0468816001489993,,,,
5.228834,927,1079.0,0.2576096001489994,0.3562686001489994,0.3562686001489994,1.1455406001489994,,,,
5.229913,927,1079.0,0.2576096001489994,0.2576096001489994,0.5535866001489994,1.3428586001489993,,,,
5.230992,927,1079.0,0.2576096001489994,0.2576096001489994,0.6522456001489993,1.6388356001489994,,,,
5.232071,927,1079.0,0.2576096001489994,0.3562686001489994,0.7509046001489994,1.7374946001489993,,,,
5.23315,927,1079.0,0.3562686001489994,0.3562686001489994,0.8495636001489993,1.9348126001489994,,,,
5.234229,927,1079.0,0.3562686001489994,0.4549276001489994,0.8495636001489993,2.0334716001489994,,,,
5.235308,927,1079.0,0.4549276001489994,0.5535866001489994,0.9482226001489994,1.9348126001489994,,,,
5.236387,927,1079.0,0.4549276001489994,0.5535866001489994,0.8495636001489993,1.9348126001489994,,,,
5.237466,927,1079.0,0.3562686001489994,0.5535866001489994,0.8495636001489993,2.0334716001489994,,,,
5.238545,927,1079.0,0.3562686001489994,0.4549276001489994,0.8495636001489993,2.0334716001489994,,,,
5.239624,927,1079.0,0.2576096001489994,0.4549276001489994,0.9482226001489994,2.0334716001489994,,,,
5.240703,927,1079.0,0.2576096001489994,0.4549276001489994,0.8495636001489993,1.9348126001489994,,,,
5.241782,927,1079.0,0.3562686001489994,0.4549276001489994,0.7509046001489994,1.7374946001489993,,,,
5.242861,927,1079.0,0.2576096001489994,0.4549276001489994,0.7509046001489994,1.6388356001489994,,,,
5.24394,927,1079.0,0.1589506001489994,0.4549276001489994,0.7509046001489994,1.6388356001489994,,,,
5.245019,927,1079.0,0.1589506001489994,0.3562686001489994,0.7509046001489994,1.7374946001489993,,,,
5.246098,927,1079.0,0.1589506001489994,0.2576096001489994,0.8495636001489993,2.0334716001489994,,,,
5.247177,927,1079.0,0.1589506001489994,0.3562686001489994,0.9482226001489994,2.1321306001489995,,,,
5.248256,927,1079.0,0.2576096001489994,0.4549276001489994,0.9482226001489994,2.0334716001489994,,,,
5.249335,927,1079.0,0.2576096001489994,0.5535866001489994,0.9482226001489994,2.0334716001489994,,,,
5.250414,927,1079.0,0.3562686001489994,0.6522456001489993,0.9482226001489994,2.2307896001489995,,,,
5.251493,927,1079.0,0.3562686001489994,0.6522456001489993,1.1455406001489994,2.428107600148999,,,,
5.252572,927,1079.0,0.3562686001489994,0.6522456001489993,1.2441996001489994,2.6254256001489993,,,,
5.253651,927,1079.0,0.3562686001489994,0.6522456001489993,1.3428586001489993,2.8227436001489994,,,,
5.25473,927,1079.0,0.4549276001489994,0.7509046001489994,1.4415176001489993,2.8227436001489994,,,,
5.255809,927,1079.0,0.4549276001489994,0.7509046001489994,1.2441996001489994,2.6254256001489993,,,,
5.256888,927,1079.0,0.4549276001489994,0.7509046001489994,1.1455406001489994,2.5267666001489992,,,,
5.257967,927,1079.0,0.4549276001489994,0.7509046001489994,1.1455406001489994,2.5267666001489992,,,,
5.259046,927,1079.0,0.3562686001489994,0.6522456001489993,1.1455406001489994,2.5267666001489992,,,,
5.260125,927,1079.0,0.2576096001489994,0.6522456001489993,1.1455406001489994,2.5267666001489992,,,,
5.261204,927,1079.0,0.2576096001489994,0.5535866001489994,1.2441996001489994,2.428107600148999,,,,
5.262283,927,1079.0,0.2576096001489994,0.5535866001489994,1.0468816001489993,2.2307896001489995,,,,
5.263362,927,1079.0,0.2576096001489994,0.5535866001489994,0.9482226001489994,2.0334716001489994,,,,
5.264441,927,1079.0,0.2576096001489994,0.5535866001489994,0.9482226001489994,2.0334716001489994,,,,
5.26552,927,1079.0,0.2576096001489994,0.4549276001489994,1.0468816001489993,2.2307896001489995,,,,
5.266599,927,1079.0,0.2576096001489994,0.5535866001489994,1.1455406001489994,2.428107600148999,,,,
5.267678,927,1079.0,0.2576096001489994,0.5535866001489994,1.2441996001489994,2.5267666001489992,,,,
5.268757,927,1079.0,0.2576096001489994,0.5535866001489994,1.2441996001489994,2.5267666001489992,,,,
5.269836,927,1079.0,0.3562686001489994,0.6522456001489993,1.1455406001489994,2.428107600148999,,,,
5.270915,927,1079.0,0.4549276001489994,0.6522456001489993,1.1455406001489994,2.428107600148999,,,,
5.271994,927,1079.0,0.3562686001489994,0.7509046001489994,1.2441996001489994,2.5267666001489992,,,,
5.273073,927,1079.0,0.4549276001489994,0.7509046001489994,1.3428586001489993,2.9214026001489994,,,,
5.274152,927,1079.0,0.4549276001489994,0.6522456001489993,1.4415176001489993,3.0200616001489995,,,,
5.275231,927,1079.0,0.4549276001489994,0.7509046001489994,1.3428586001489993,2.8227436001489994,,,,
5.27631,927,1079.0,0.4549276001489994,0.6522456001489993,1.2441996001489994,2.6254256001489993,,,,
5.277389,927,1079.0,0.4549276001489994,0.7509046001489994,1.1455406001489994,2.329448600148999,,,,
5.278468,927,1079.0,0.3562686001489994,0.7509046001489994,1.1455406001489994,2.329448600148999,,,,
5.279547,927,1079.0,0.3562686001489994,0.5535866001489994,1.0468816001489993,2.329448600148999,,,,
5.280626,927,1079.0,0.3562686001489994,0.5535866001489994,1.1455406001489994,2.428107600148999,,,,
5.281705,927,1079.0,0.2576096001489994,0.4549276001489994,1.0468816001489993,2.2307896001489995,,,,
5.282784,927,1079.0,0.2576096001489994,0.4549276001489994,0.9482226001489994,2.0334716001489994,,,,
5.283863,927,1079.0,0.2576096001489994,0.4549276001489994,0.7509046001489994,1.7374946001489993,,,,
5.284942,927,1079.0,0.2576096001489994,0.4549276001489994,0.7509046001489994,1.7374946001489993,,,,
5.286021,927,1079.0,0.2576096001489994,0.4549276001489994,0.8495636001489993,1.8361536001489993,,,,
5.2871,927,1079.0,0.2576096001489994,0.4549276001489994,0.9482226001489994,2.0334716001489994,,,,
5.288179,927,1079.0,0.2576096001489994,0.4549276001489994,1.0468816001489993,2.2307896001489995,,,,
5.289258,927,1079.0,0.2576096001489994,0.4549276001489994,0.9482226001489994,2.1321306001489995,,,,
5.290337,927,1079.0,0.2576096001489994,0.5535866001489994,0.9482226001489994,2.0334716001489994,,,,
5.291416,927,1079.0,0.3562686001489994,0.5535866001489994,0.8495636001489993,1.9348126001489994,,,,
5.292495,927,1079.0,0.3562686001489994,0.6522456001489993,0.9482226001489994,2.1321306001489995,,,,
5.293574,927,1079.0,0.4549276001489994,0.6522456001489993,1.0468816001489993,2.329448600148999,,,,
5.294653,927,1079.0,0.3562686001489994,0.5535866001489994,1.1455406001489994,2.329448600148999,,,,
5.295732,927,1079.0,0.3562686001489994,0.5535866001489994,0.9482226001489994,2.1321306001489995,,,,
5.296811,927,1079.0,0.3562686001489994,0.4549276001489994,0.8495636001489993,1.8361536001489993,,,,
5.29789,927,1079.0,0.3562686001489994,0.4549276001489994,0.6522456001489993,1.5401766001489994,,,,
5.298969,927,1079.0,0.2576096001489994,0.4549276001489994,0.5535866001489994,1.4415176001489993,,,,
5.300048,927,1079.0,0.2576096001489994,0.3562686001489994,0.5535866001489994,1.4415176001489993,,,,
5.301127,927,1079.0,0.2576096001489994,0.2576096001489994,0.6522456001489993,1.4415176001489993,,,,
5.302206,927,1079.0,0.1589506001489994,0.1589506001489994,0.4549276001489994,1.3428586001489993,,,,
5.303285,927,1079.0,0.1589506001489994,0.1589506001489994,0.3562686001489994,1.0468816001489993,,,,
5.304364,927,1079.0,0.1589506001489994,0.1589506001489994,0.2576096001489994,0.8495636001489993,,,,
5.305443,927,1079.0,0.1589506001489994,0.2576096001489994,0.2576096001489994,0.8495636001489993,,,,
5.306522,927,1079.0,0.1589506001489994,0.2576096001489994,0.2576096001489994,0.9482226001489994,,,,
5.307601,927,1079.0,0.1589506001489994,0.1589506001489994,0.3562686001489994,1.1455406001489994,,,,
5.30868,927,1079.0,0.1589506001489994,0.1589506001489994,0.4549276001489994,1.3428586001489993,,,,
5.309759,927,1079.0,0.2576096001489994,0.1589506001489994,0.4549276001489994,1.2441996001489994,,,,
5.310838,927,1079.0,0.2576096001489994,0.2576096001489994,0.3562686001489994,1.0468816001489993,,,,
5.311917,927,1079.0,0.3562686001489994,0.2576096001489994,0.2576096001489994,1.0468816001489993,,,,
5.312996,927,1079.0,0.3562686001489994,0.3562686001489994,0.3562686001489994,1.1455406001489994,,,,
5.314075,927,1079.0,0.3562686001489994,0.3562686001489994,0.3562686001489994,1.2441996001489994,,,,
5.315154,927,1079.0,0.3562686001489994,0.2576096001489994,0.3562686001489994,1.2441996001489994,,,,
5.316233,927,1079.0,0.2576096001489994,0.1589506001489994,0.3562686001489994,1.0468816001489993,,,,
5.317312,927,1079.0,0.2576096001489994,0.060291600148999404,0.1589506001489994,0.7509046001489994,,,,
5.318391,927,1079.0,0.1589506001489994,0.1589506001489994,0.060291600148999404,0.5535866001489994,,,,
5.31947,927,1079.0,0.2576096001489994,0.060291600148999404,-0.03836739985100059,0.3562686001489994,,,,
5.320549,927,1079.0,0.1589506001489994,0.060291600148999404,-0.03836739985100059,0.2576096001489994,,,,
5.321628,927,1079.0,0.1589506001489994,-0.03836739985100059,-0.03836739985100059,0.3562686001489994,,,,
5.322707,927,1079.0,0.060291600148999404,-0.1370263998510006,-0.1370263998510006,0.1589506001489994,,,,
5.323786,927,1079.0,0.060291600148999404,-0.1370263998510006,-0.1370263998510006,0.1589506001489994,,,,
5.324865,927,1079.0,0.060291600148999404,-0.03836739985100059,-0.2356853998510006,0.060291600148999404,,,,
5.325944,927,1079.0,0.1589506001489994,-0.03836739985100059,-0.2356853998510006,-0.03836739985100059,,,,
5.327023,927,1079.0,0.1589506001489994,-0.03836739985100059,-0.2356853998510006,0.060291600148999404,,,,
5.328102,927,1079.0,0.1589506001489994,-0.1370263998510006,-0.1370263998510006,0.2576096001489994,,,,
5.329181,927,1079.0,0.1589506001489994,-0.03836739985100059,-0.1370263998510006,0.3562686001489994,,,,
5.33026,927,1079.0,0.1589506001489994,-0.03836739985100059,-0.1370263998510006,0.3562686001489994,,,,
5.331339,927,1079.0,0.1589506001489994,-0.03836739985100059,-0.1370263998510006,0.3562686001489994,,,,
5.332418,927,1079.0,0.2576096001489994,0.060291600148999404,-0.1370263998510006,0.2576096001489994,,,,
5.333497,927,1079.0,0.3562686001489994,0.060291600148999404,-0.1370263998510006,0.2576096001489994,,,,
5.334576,927,1079.0,0.2576096001489994,0.060291600148999404,-0.1370263998510006,0.2576096001489994,,,,
5.335655,927,1079.0,0.1589506001489994,-0.03836739985100059,-0.2356853998510006,0.2576096001489994,,,,
5.336734,927,1079.0,0.1589506001489994,-0.1370263998510006,-0.2356853998510006,0.1589506001489994,,,,
5.337813,927,1079.0,0.1589506001489994,-0.1370263998510006,-0.33434439985100056,0.060291600148999404,,,,
5.338892,927,1079.0,0.060291600148999404,-0.1370263998510006,-0.43300339985100056,-0.2356853998510006,,,,
5.339971,927,1079.0,0.060291600148999404,-0.1370263998510006,-0.5316623998510006,-0.43300339985100056,,,,
5.34105,927,1079.0,0.060291600148999404,-0.1370263998510006,-0.5316623998510006,-0.43300339985100056,,,,
5.342129,927,1079.0,0.060291600148999404,-0.2356853998510006,-0.5316623998510006,-0.43300339985100056,,,,
5.343208,927,1079.0,-0.1370263998510006,-0.33434439985100056,-0.5316623998510006,-0.43300339985100056,,,,
5.344287,927,1079.0,-0.03836739985100059,-0.33434439985100056,-0.43300339985100056,-0.33434439985100056,,,,
5.345366,927,1079.0,0.060291600148999404,-0.2356853998510006,-0.5316623998510006,-0.33434439985100056,,,,
5.346445,927,1079.0,0.060291600148999404,-0.2356853998510006,-0.5316623998510006,-0.43300339985100056,,,,
5.347524,927,1079.0,0.1589506001489994,-0.1370263998510006,-0.43300339985100056,-0.33434439985100056,,,,
5.348603,927,1079.0,0.1589506001489994,-0.1370263998510006,-0.33434439985100056,-0.2356853998510006,,,,
5.349682,927,1079.0,0.1589506001489994,-0.1370263998510006,-0.33434439985100056,-0.03836739985100059,,,,
5.350761,927,1079.0,0.1589506001489994,-0.1370263998510006,-0.2356853998510006,0.060291600148999404,,,,
5.35184,927,1079.0,0.2576096001489994,-0.1370263998510006,-0.2356853998510006,0.1589506001489994,,,,
5.352919,927,1079.0,0.3562686001489994,-0.03836739985100059,-0.2356853998510006,0.060291600148999404,,,,
5.353998,927,1079.0,0.2576096001489994,0.060291600148999404,-0.33434439985100056,-0.03836739985100059,,,,
5.355077,927,1079.0,0.2576096001489994,-0.03836739985100059,-0.33434439985100056,-0.03836739985100059,,,,
5.356156,927,1079.0,0.1589506001489994,-0.1370263998510006,-0.33434439985100056,-0.03836739985100059,,,,
5.357235,927,1079.0,0.1589506001489994,-0.1370263998510006,-0.33434439985100056,-0.03836739985100059,,,,
5.358314,927,1079.0,0.060291600148999404,-0.1370263998510006,-0.33434439985100056,-0.1370263998510006,,,,
5.359393,927,1079.0,0.060291600148999404,-0.1370263998510006,-0.43300339985100056,-0.2356853998510006,,,,
5.360472,927,1079.0,0.060291600148999404,-0.2356853998510006,-0.5316623998510006,-0.43300339985100056,,,,
5.361551,927,1079.0,0.060291600148999404,-0.2356853998510006,-0.5316623998510006,-0.5316623998510006,,,,
5.36263,927,1079.0,-0.03836739985100059,-0.2356853998510006,-0.5316623998510006,-0.43300339985100056,,,,
5.363709,927,1079.0,-0.03836739985100059,-0.2356853998510006,-0.43300339985100056,-0.2356853998510006,,,,
5.364788,927,1079.0,0.060291600148999404,-0.33434439985100056,-0.33434439985100056,-0.03836739985100059,,,,
5.365867,927,1079.0,0.060291600148999404,-0.2356853998510006,-0.2356853998510006,-0.03836739985100059,,,,
5.366946,927,1079.0,0.060291600148999404,-0.1370263998510006,-0.2356853998510006,-0.03836739985100059,,,,
5.368025,927,1079.0,0.1589506001489994,-0.03836739985100059,-0.2356853998510006,-0.03836739985100059,,,,
5.369104,927,1079.0,0.1589506001489994,-0.03836739985100059,-0.2356853998510006,0.1589506001489994,,,,
5.370183,927,1079.0,0.1589506001489994,-0.03836739985100059,-0.1370263998510006,0.3562686001489994,,,,
5.371262,927,1079.0,0.1589506001489994,-0.03836739985100059,0.060291600148999404,0.5535866001489994,,,,
5.372341,927,1079.0,0.2576096001489994,0.060291600148999404,0.1589506001489994,0.6522456001489993,,,,
5.37342,927,1079.0,0.2576096001489994,0.060291600148999404,0.060291600148999404,0.5535866001489994,,,,
5.374499,927,1079.0,0.2576096001489994,0.060291600148999404,-0.03836739985100059,0.3562686001489994,,,,
5.375578,927,1079.0,0.2576096001489994,0.060291600148999404,-0.1370263998510006,0.3562686001489994,,,,
5.376657,927,1079.0,0.1589506001489994,0.060291600148999404,-0.1370263998510006,0.3562686001489994,,,,
5.377736,927,1079.0,0.1589506001489994,-0.03836739985100059,-0.03836739985100059,0.4549276001489994,,,,
5.378815,927,1079.0,0.1589506001489994,-0.03836739985100059,-0.03836739985100059,0.5535866001489994,,,,
5.379894,927,1079.0,0.1589506001489994,-0.03836739985100059,-0.03836739985100059,0.3562686001489994,,,,
5.380973,927,1079.0,0.1589506001489994,-0.03836739985100059,-0.1370263998510006,0.1589506001489994,,,,
5.382052,927,1079.0,0.060291600148999404,-0.03836739985100059,-0.2356853998510006,0.060291600148999404,,,,
5.383131,927,1079.0,0.1589506001489994,-0.03836739985100059,-0.1370263998510006,0.2576096001489994,,,,
5.38421,927,1079.0,0.060291600148999404,-0.03836739985100059,-0.03836739985100059,0.5535866001489994,,,,
5.385289,927,1079.0,0.060291600148999404,-0.03836739985100059,0.1589506001489994,0.7509046001489994,,,,
5.386368,927,1079.0,0.1589506001489994,0.060291600148999404,0.2576096001489994,0.8495636001489993,,,,
5.387447,927,1079.0,0.2576096001489994,0.1589506001489994,0.2576096001489994,0.8495636001489993,,,,
5.388526,927,1079.0,0.2576096001489994,0.2576096001489994,0.2576096001489994,0.8495636001489993,,,,
5.389605,927,1079.0,0.2576096001489994,0.2576096001489994,0.2576096001489994,0.9482226001489994,,,,
5.390684,927,1079.0,0.2576096001489994,0.3562686001489994,0.4549276001489994,1.2441996001489994,,,,
5.391763,927,1079.0,0.3562686001489994,0.2576096001489994,0.5535866001489994,1.5401766001489994,,,,
5.392842,927,1079.0,0.2576096001489994,0.2576096001489994,0.6522456001489993,1.6388356001489994,,,,
5.393921,927,1079.0,0.3562686001489994,0.3562686001489994,0.5535866001489994,1.4415176001489993,,,,
5.395,927,1079.0,0.2576096001489994,0.3562686001489994,0.4549276001489994,1.2441996001489994,,,,
5.396079,927,1079.0,0.2576096001489994,0.3562686001489994,0.4549276001489994,1.1455406001489994,,,,
5.397158,927,1079.0,0.2576096001489994,0.2576096001489994,0.4549276001489994,1.2441996001489994,,,,
5.398237,927,1079.0,0.2576096001489994,0.2576096001489994,0.5535866001489994,1.3428586001489993,,,,
5.399316,927,1079.0,0.1589506001489994,0.1589506001489994,0.5535866001489994,1.3428586001489993,,,,
5.400395,927,1079.0,0.1589506001489994,0.1589506001489994,0.5535866001489994,1.3428586001489993,,,,
5.401474,927,1079.0,0.1589506001489994,0.1589506001489994,0.4549276001489994,1.1455406001489994,,,,
5.402553,927,1079.0,0.1589506001489994,0.2576096001489994,0.3562686001489994,1.1455406001489994,,,,
5.403632,927,1079.0,0.1589506001489994,0.3562686001489994,0.4549276001489994,1.3428586001489993,,,,
5.404711,927,1079.0,0.1589506001489994,0.3562686001489994,0.6522456001489993,1.5401766001489994,,,,
5.40579,927,1079.0,0.2576096001489994,0.3562686001489994,0.8495636001489993,1.8361536001489993,,,,
5.406869,927,1079.0,0.2576096001489994,0.3562686001489994,0.8495636001489993,2.0334716001489994,,,,
5.407948,927,1079.0,0.2576096001489994,0.4549276001489994,0.8495636001489993,2.0334716001489994,,,,
5.409027,927,1079.0,0.3562686001489994,0.5535866001489994,0.9482226001489994,1.9348126001489994,,,,
5.410106,927,1079.0,0.3562686001489994,0.6522456001489993,0.9482226001489994,2.0334716001489994,,,,
5.411185,927,1079.0,0.4549276001489994,0.6522456001489993,1.0468816001489993,2.329448600148999,,,,
5.412264,927,1079.0,0.4549276001489994,0.6522456001489993,1.1455406001489994,2.5267666001489992,,,,
5.413343,927,1079.0,0.4549276001489994,0.5535866001489994,1.1455406001489994,2.5267666001489992,,,,
5.414422,927,1079.0,0.3562686001489994,0.5535866001489994,1.1455406001489994,2.329448600148999,,,,
5.415501,927,1079.0,0.3562686001489994,0.5535866001489994,1.0468816001489993,2.1321306001489995,,,,
5.41658,927,1079.0,0.3562686001489994,0.6522456001489993,0.9482226001489994,2.0334716001489994,,,,
5.417659,927,1079.0,0.3562686001489994,0.5535866001489994,0.9482226001489994,2.0334716001489994,,,,
5.418738,927,1079.0,0.3562686001489994,0.5535866001489994,0.9482226001489994,2.1321306001489995,,,,
5.419817,927,1079.0,0.2576096001489994,0.4549276001489994,0.9482226001489994,2.1321306001489995,,,,
5.420896,927,1079.0,0.1589506001489994,0.3562686001489994,0.9482226001489994,2.1321306001489995,,,,
5.421975,927,1079.0,0.2576096001489994,0.4549276001489994,0.8495636001489993,2.0334716001489994,,,,
5.423054,927,1079.0,0.2576096001489994,0.5535866001489994,0.9482226001489994,2.0334716001489994,,,,
5.424133,927,1079.0,0.2576096001489994,0.5535866001489994,0.9482226001489994,2.1321306001489995,,,,
5.425212,927,1079.0,0.3562686001489994,0.5535866001489994,1.0468816001489993,2.329448600148999,,,,
5.426291,927,1079.0,0.3562686001489994,0.5535866001489994,1.2441996001489994,2.6254256001489993,,,,
5.42737,927,1079.0,0.3562686001489994,0.5535866001489994,1.3428586001489993,2.7240846001489993,,,,
5.428449,927,1079.0,0.3562686001489994,0.6522456001489993,1.2441996001489994,2.7240846001489993,,,,
5.429528,927,1079.0,0.4549276001489994,0.7509046001489994,1.2441996001489994,2.6254256001489993,,,,
5.430607,927,1079.0,0.4549276001489994,0.8495636001489993,1.3428586001489993,2.6254256001489993,,,,
5.431686,927,1079.0,0.5535866001489994,0.8495636001489993,1.3428586001489993,2.8227436001489994,,,,
5.432765,927,1079.0,0.4549276001489994,0.7509046001489994,1.3428586001489993,2.8227436001489994,,,,
5.433844,927,1079.0,0.4549276001489994,0.6522456001489993,1.4415176001489993,2.8227436001489994,,,,
5.434923,927,1079.0,0.3562686001489994,0.6522456001489993,1.3428586001489993,2.7240846001489993,,,,
5.436002,927,1079.0,0.3562686001489994,0.6522456001489993,1.2441996001489994,2.428107600148999,,,,
5.437081,927,1079.0,0.3562686001489994,0.6522456001489993,1.1455406001489994,2.329448600148999,,,,
5.43816,927,1079.0,0.3562686001489994,0.6522456001489993,1.0468816001489993,2.2307896001489995,,,,
5.439239,927,1079.0,0.3562686001489994,0.5535866001489994,1.0468816001489993,2.2307896001489995,,,,
5.440318,927,1079.0,0.1589506001489994,0.4549276001489994,1.0468816001489993,2.2307896001489995,,,,
5.441397,927,1079.0,0.1589506001489994,0.4549276001489994,1.0468816001489993,2.2307896001489995,,,,
5.442476,927,1079.0,0.2576096001489994,0.4549276001489994,1.0468816001489993,2.2307896001489995,,,,
5.443555,927,1079.0,0.2576096001489994,0.5535866001489994,1.0468816001489993,2.1321306001489995,,,,
5.444634,927,1079.0,0.2576096001489994,0.6522456001489993,1.0468816001489993,2.2307896001489995,,,,
5.445713,927,1079.0,0.3562686001489994,0.6522456001489993,1.1455406001489994,2.329448600148999,,,,
5.446792,927,1079.0,0.3562686001489994,0.6522456001489993,1.2441996001489994,2.5267666001489992,,,,
5.447871,927,1079.0,0.3562686001489994,0.5535866001489994,1.2441996001489994,2.6254256001489993,,,,
5.44895,927,1079.0,0.3562686001489994,0.5535866001489994,1.2441996001489994,2.6254256001489993,,,,
5.450029,927,1079.0,0.4549276001489994,0.7509046001489994,1.2441996001489994,2.6254256001489993,,,,
5.451108,927,1079.0,0.4549276001489994,0.7509046001489994,1.2441996001489994,2.5267666001489992,,,,
5.452187,927,1079.0,0.5535866001489994,0.7509046001489994,1.1455406001489994,2.428107600148999,,,,
5.453266,927,1079.0,0.4549276001489994,0.6522456001489993,1.1455406001489994,2.428107600148999,,,,
5.454345,927,1079.0,0.3562686001489994,0.5535866001489994,1.1455406001489994,2.329448600148999,,,,
5.455424,927,1079.0,0.2576096001489994,0.4549276001489994,1.0468816001489993,2.329448600148999,,,,
5.456503,927,1079.0,0.2576096001489994,0.4549276001489994,0.9482226001489994,2.0334716001489994,,,,
5.457582,927,1079.0,0.2576096001489994,0.4549276001489994,0.8495636001489993,1.8361536001489993,,,,
5.458661,927,1079.0,0.2576096001489994,0.4549276001489994,0.6522456001489993,1.6388356001489994,,,,
5.45974,927,1079.0,0.2576096001489994,0.3562686001489994,0.6522456001489993,1.5401766001489994,,,,
5.460819,927,1079.0,0.1589506001489994,0.2576096001489994,0.6522456001489993,1.6388356001489994,,,,
5.461898,927,1079.0,0.1589506001489994,0.2576096001489994,0.7509046001489994,1.7374946001489993,,,,
5.462977,927,1079.0,0.2576096001489994,0.2576096001489994,0.7509046001489994,1.7374946001489993,,,,
5.464056,927,1079.0,0.2576096001489994,0.3562686001489994,0.7509046001489994,1.6388356001489994,,,,
5.465135,927,1079.0,0.2576096001489994,0.4549276001489994,0.7509046001489994,1.5401766001489994,,,,
5.466214,927,1079.0,0.3562686001489994,0.4549276001489994,0.7509046001489994,1.6388356001489994,,,,
5.467293,927,1079.0,0.2576096001489994,0.4549276001489994,0.7509046001489994,1.7374946001489993,,,,
5.468372,927,1079.0,0.2576096001489994,0.3562686001489994,0.8495636001489993,1.8361536001489993,,,,
5.469451,927,1079.0,0.2576096001489994,0.4549276001489994,0.8495636001489993,2.0334716001489994,,,,
5.47053,927,1079.0,0.3562686001489994,0.5535866001489994,0.8495636001489993,1.8361536001489993,,,,
5.471609,927,1079.0,0.4549276001489994,0.4549276001489994,0.7509046001489994,1.6388356001489994,,,,
5.472688,927,1079.0,0.3562686001489994,0.4549276001489994,0.5535866001489994,1.4415176001489993,,,,
5.473767,927,1079.0,0.3562686001489994,0.3562686001489994,0.5535866001489994,1.3428586001489993,,,,
5.474846,927,1079.0,0.2576096001489994,0.2576096001489994,0.4549276001489994,1.3428586001489993,,,,
5.475925,927,1079.0,0.2576096001489994,0.1589506001489994,0.4549276001489994,1.2441996001489994,,,,
5.477004,927,1079.0,0.1589506001489994,0.2576096001489994,0.3562686001489994,1.0468816001489993,,,,
5.478083,927,1079.0,0.2576096001489994,0.1589506001489994,0.1589506001489994,0.8495636001489993,,,,
5.479162,927,1079.0,0.1589506001489994,0.1589506001489994,0.1589506001489994,0.5535866001489994,,,,
5.480241,927,1079.0,0.060291600148999404,0.060291600148999404,0.060291600148999404,0.5535866001489994,,,,
5.48132,927,1079.0,0.060291600148999404,0.060291600148999404,0.1589506001489994,0.6522456001489993,,,,
5.482399,927,1079.0,0.060291600148999404,0.060291600148999404,0.1589506001489994,0.7509046001489994,,,,
5.483478,927,1079.0,0.1589506001489994,0.060291600148999404,0.2576096001489994,0.8495636001489993,,,,
5.484557,927,1079.0,0.1589506001489994,0.060291600148999404,0.1589506001489994,0.7509046001489994,,,,
5.485636,927,1079.0,0.2576096001489994,0.1589506001489994,0.1589506001489994,0.6522456001489993,,,,
5.486715,927,1079.0,0.2576096001489994,0.2576096001489994,0.060291600148999404,0.6522456001489993,,,,
5.487794,927,1079.0,0.2576096001489994,0.1589506001489994,0.1589506001489994,0.7509046001489994,,,,
5.488873,927,1079.0,0.2576096001489994,0.2576096001489994,0.2576096001489994,0.9482226001489994,,,,
5.489952,927,1079.0,0.3562686001489994,0.1589506001489994,0.2576096001489994,1.0468816001489993,,,,
5.491031,927,1079.0,0.2576096001489994,0.1589506001489994,0.2576096001489994,0.9482226001489994,,,,
5.49211,927,1079.0,0.2576096001489994,0.1589506001489994,0.060291600148999404,0.5535866001489994,,,,
5.493189,927,1079.0,0.2576096001489994,0.1589506001489994,-0.03836739985100059,0.3562686001489994,,,,
5.494268,927,1079.0,0.2576096001489994,0.060291600148999404,-0.1370263998510006,0.2576096001489994,,,,
5.495347,927,1079.0,0.1589506001489994,0.060291600148999404,-0.1370263998510006,0.2576096001489994,,,,
5.496426,927,1079.0,0.1589506001489994,-0.03836739985100059,-0.1370263998510006,0.2576096001489994,,,,
5.497505,927,1079.0,0.060291600148999404,-0.1370263998510006,-0.2356853998510006,0.060291600148999404,,,,
5.498584,927,1079.0,0.060291600148999404,-0.1370263998510006,-0.33434439985100056,-0.1370263998510006,,,,
5.499663,927,1079.0,0.060291600148999404,-0.2356853998510006,-0.5316623998510006,-0.33434439985100056,,,,
5.500742,927,1079.0,0.060291600148999404,-0.1370263998510006,-0.5316623998510006,-0.33434439985100056,,,,
5.501821,927,1079.0,0.060291600148999404,-0.1370263998510006,-0.33434439985100056,-0.1370263998510006,,,,
5.5029,927,1079.0,0.060291600148999404,-0.1370263998510006,-0.33434439985100056,-0.03836739985100059,,,,
5.503979,927,1079.0,0.060291600148999404,-0.1370263998510006,-0.2356853998510006,0.060291600148999404,,,,
5.505058,927,1079.0,0.060291600148999404,-0.1370263998510006,-0.2356853998510006,0.060291600148999404,,,,
5.506137,927,1079.0,0.1589506001489994,-0.03836739985100059,-0.33434439985100056,-0.03836739985100059,,,,
5.507216,927,1079.0,0.2576096001489994,-0.03836739985100059,-0.33434439985100056,-0.03836739985100059,,,,
5.508295,927,1079.0,0.2576096001489994,0.060291600148999404,-0.2356853998510006,0.060291600148999404,,,,
5.509374,927,1079.0,0.2576096001489994,0.060291600148999404,-0.1370263998510006,0.2576096001489994,,,,
5.510453,927,1079.0,0.2576096001489994,-0.03836739985100059,-0.03836739985100059,0.3562686001489994,,,,
5.511532,927,1079.0,0.1589506001489994,-0.03836739985100059,-0.1370263998510006,0.1589506001489994,,,,
5.512611,927,1079.0,0.1589506001489994,-0.1370263998510006,-0.33434439985100056,-0.03836739985100059,,,,
5.51369,927,1079.0,0.1589506001489994,-0.1370263998510006,-0.43300339985100056,-0.2356853998510006,,,,
5.514769,927,1079.0,0.1589506001489994,-0.1370263998510006,-0.5316623998510006,-0.33434439985100056,,,,
5.515848,927,1079.0,0.1589506001489994,-0.1370263998510006,-0.5316623998510006,-0.2356853998510006,,,,
5.516927,927,1079.0,0.060291600148999404,-0.2356853998510006,-0.43300339985100056,-0.2356853998510006,,,,
5.518006,927,1079.0,0.060291600148999404,-0.33434439985100056,-0.5316623998510006,-0.33434439985100056,,,,
5.519085,927,1079.0,-0.03836739985100059,-0.33434439985100056,-0.6303213998510006,-0.5316623998510006,,,,
5.520164,927,1079.0,-0.03836739985100059,-0.2356853998510006,-0.6303213998510006,-0.6303213998510006,,,,
5.521243,927,1079.0,0.060291600148999404,-0.2356853998510006,-0.6303213998510006,-0.6303213998510006,,,,
5.522322,927,1079.0,0.060291600148999404,-0.2356853998510006,-0.6303213998510006,-0.43300339985100056,,,,
5.523401,927,1079.0,0.060291600148999404,-0.2356853998510006,-0.43300339985100056,-0.2356853998510006,,,,
5.52448,927,1079.0,0.060291600148999404,-0.2356853998510006,-0.33434439985100056,-0.03836739985100059,,,,
5.525559,927,1079.0,0.1589506001489994,-0.1370263998510006,-0.33434439985100056,-0.03836739985100059,,,,
5.526638,927,1079.0,0.1589506001489994,-0.1370263998510006,-0.33434439985100056,-0.03836739985100059,,,,
5.527717,927,1079.0,0.2576096001489994,-0.03836739985100059,-0.33434439985100056,-0.03836739985100059,,,,
5.528796,927,1079.0,0.2576096001489994,0.060291600148999404,-0.2356853998510006,0.1589506001489994,,,,
5.529875,927,1079.0,0.2576096001489994,0.060291600148999404,-0.2356853998510006,0.2576096001489994,,,,
5.530954,927,1079.0,0.2576096001489994,-0.03836739985100059,-0.1370263998510006,0.2576096001489994,,,,
5.532033,927,1079.0,0.2576096001489994,-0.1370263998510006,-0.2356853998510006,0.2576096001489994,,,,
5.533112,927,1079.0,0.1589506001489994,-0.1370263998510006,-0.2356853998510006,0.060291600148999404,,,,
5.534191,927,1079.0,0.1589506001489994,-0.03836739985100059,-0.33434439985100056,-0.1370263998510006,,,,
5.53527,927,1079.0,0.1589506001489994,-0.03836739985100059,-0.43300339985100056,-0.2356853998510006,,,,
5.536349,927,1079.0,0.1589506001489994,-0.1370263998510006,-0.43300339985100056,-0.2356853998510006,,,,
5.537428,927,1079.0,0.060291600148999404,-0.1370263998510006,-0.33434439985100056,-0.1370263998510006,,,,
5.538507,927,1079.0,0.060291600148999404,-0.33434439985100056,-0.33434439985100056,-0.1370263998510006,,,,
5.539586,927,1079.0,-0.03836739985100059,-0.2356853998510006,-0.33434439985100056,-0.1370263998510006,,,,
5.540665,927,1079.0,0.060291600148999404,-0.2356853998510006,-0.43300339985100056,-0.1370263998510006,,,,
5.541744,927,1079.0,0.1589506001489994,-0.03836739985100059,-0.33434439985100056,-0.1370263998510006,,,,
5.542823,927,1079.0,0.1589506001489994,-0.03836739985100059,-0.2356853998510006,0.060291600148999404,,,,
5.543902,927,1079.0,0.1589506001489994,-0.03836739985100059,-0.1370263998510006,0.3562686001489994,,,,
5.544981,927,1079.0,0.1589506001489994,-0.03836739985100059,-0.03836739985100059,0.5535866001489994,,,,
5.54606,927,1079.0,0.1589506001489994,-0.03836739985100059,0.060291600148999404,0.6522456001489993,,,,
5.547139,927,1079.0,0.1589506001489994,0.060291600148999404,0.060291600148999404,0.6522456001489993,,,,
5.548218,927,1079.0,0.3562686001489994,0.1589506001489994,0.1589506001489994,0.7509046001489994,,,,
5.549297,927,1079.0,0.3562686001489994,0.2576096001489994,0.1589506001489994,0.7509046001489994,,,,
5.550376,927,1079.0,0.3562686001489994,0.2576096001489994,0.1589506001489994,0.7509046001489994,,,,
5.551455,927,1079.0,0.2576096001489994,0.1589506001489994,0.2576096001489994,0.8495636001489993,,,,
5.552534,927,1079.0,0.2576096001489994,0.060291600148999404,0.2576096001489994,0.8495636001489993,,,,
5.553613,927,1079.0,0.2576096001489994,0.060291600148999404,0.1589506001489994,0.7509046001489994,,,,
5.554692,927,1079.0,0.2576096001489994,0.060291600148999404,0.060291600148999404,0.6522456001489993,,,,
5.555771,927,1079.0,0.2576096001489994,0.1589506001489994,0.060291600148999404,0.5535866001489994,,,,
5.55685,927,1079.0,0.1589506001489994,0.060291600148999404,0.060291600148999404,0.5535866001489994,,,,
5.557929,927,1079.0,0.060291600148999404,-0.03836739985100059,0.060291600148999404,0.6522456001489993,,,,
5.559008,927,1079.0,0.060291600148999404,-0.03836739985100059,0.1589506001489994,0.7509046001489994,,,,
5.560087,927,1079.0,0.060291600148999404,0.060291600148999404,0.2576096001489994,0.8495636001489993,,,,
5.561166,927,1079.0,0.1589506001489994,0.1589506001489994,0.2576096001489994,0.8495636001489993,,,,
5.562245,927,1079.0,0.2576096001489994,0.2576096001489994,0.2576096001489994,0.9482226001489994,,,,
5.563324,927,1079.0,0.2576096001489994,0.2576096001489994,0.3562686001489994,1.0468816001489993,,,,
5.564403,927,1079.0,0.2576096001489994,0.2576096001489994,0.4549276001489994,1.3428586001489993,,,,
5.565482,927,1079.0,0.2576096001489994,0.2576096001489994,0.5535866001489994,1.4415176001489993,,,,
5.566561,927,1079.0,0.2576096001489994,0.3562686001489994,0.6522456001489993,1.6388356001489994,,,,
5.56764,927,1079.0,0.3562686001489994,0.3562686001489994,0.8495636001489993,1.7374946001489993,,,,
5.568719,927,1079.0,0.4549276001489994,0.4549276001489994,0.7509046001489994,1.7374946001489993,,,,
5.569798,927,1079.0,0.4549276001489994,0.5535866001489994,0.7509046001489994,1.6388356001489994,,,,
5.570877,927,1079.0,0.4549276001489994,0.4549276001489994,0.7509046001489994,1.6388356001489994,,,,
5.571956,927,1079.0,0.3562686001489994,0.4549276001489994,0.7509046001489994,1.7374946001489993,,,,
5.573035,927,1079.0,0.2576096001489994,0.3562686001489994,0.8495636001489993,1.8361536001489993,,,,
5.574114,927,1079.0,0.2576096001489994,0.3562686001489994,0.8495636001489993,1.7374946001489993,,,,
5.575193,927,1079.0,0.2576096001489994,0.3562686001489994,0.7509046001489994,1.6388356001489994,,,,
5.576272,927,1079.0,0.2576096001489994,0.3562686001489994,0.6522456001489993,1.4415176001489993,,,,
5.577351,927,1079.0,0.2576096001489994,0.4549276001489994,0.6522456001489993,1.4415176001489993,,,,
5.57843,927,1079.0,0.1589506001489994,0.2576096001489994,0.6522456001489993,1.5401766001489994,,,,
5.579509,927,1079.0,0.1589506001489994,0.2576096001489994,0.7509046001489994,1.7374946001489993,,,,
5.580588,927,1079.0,0.1589506001489994,0.3562686001489994,0.8495636001489993,1.9348126001489994,,,,
5.581667,927,1079.0,0.2576096001489994,0.3562686001489994,0.8495636001489993,2.0334716001489994,,,,
5.582746,927,1079.0,0.2576096001489994,0.5535866001489994,0.8495636001489993,2.0334716001489994,,,,
5.583825,927,1079.0,0.2576096001489994,0.5535866001489994,0.9482226001489994,2.0334716001489994,,,,
5.584904,927,1079.0,0.3562686001489994,0.5535866001489994,1.0468816001489993,2.2307896001489995,,,,
5.585983,927,1079.0,0.3562686001489994,0.5535866001489994,1.1455406001489994,2.428107600148999,,,,
5.587062,927,1079.0,0.3562686001489994,0.6522456001489993,1.2441996001489994,2.7240846001489993,,,,
5.588141,927,1079.0,0.4549276001489994,0.6522456001489993,1.3428586001489993,2.7240846001489993,,,,
5.58922,927,1079.0,0.4549276001489994,0.6522456001489993,1.2441996001489994,2.6254256001489993,,,,
5.590299,927,1079.0,0.4549276001489994,0.7509046001489994,1.2441996001489994,2.428107600148999,,,,
5.591378,927,1079.0,0.4549276001489994,0.6522456001489993,1.1455406001489994,2.428107600148999,,,,
5.592457,927,1079.0,0.3562686001489994,0.5535866001489994,1.1455406001489994,2.428107600148999,,,,
5.593536,927,1079.0,0.2576096001489994,0.5535866001489994,1.2441996001489994,2.428107600148999,,,,
5.594615,927,1079.0,0.2576096001489994,0.5535866001489994,1.1455406001489994,2.428107600148999,,,,
5.595694,927,1079.0,0.2576096001489994,0.4549276001489994,1.0468816001489993,2.2307896001489995,,,,
5.596773,927,1079.0,0.2576096001489994,0.5535866001489994,0.9482226001489994,2.0334716001489994,,,,
5.597852,927,1079.0,0.2576096001489994,0.5535866001489994,0.9482226001489994,1.9348126001489994,,,,
5.598931,927,1079.0,0.2576096001489994,0.4549276001489994,1.0468816001489993,2.1321306001489995,,,,
5.60001,927,1079.0,0.2576096001489994,0.4549276001489994,1.0468816001489993,2.329448600148999,,,,
5.601089,927,1079.0,0.2576096001489994,0.5535866001489994,1.2441996001489994,2.5267666001489992,,,,
5.602168,927,1079.0,0.2576096001489994,0.5535866001489994,1.2441996001489994,2.5267666001489992,,,,
5.603247,927,1079.0,0.3562686001489994,0.6522456001489993,1.2441996001489994,2.428107600148999,,,,
5.604326,927,1079.0,0.3562686001489994,0.6522456001489993,1.2441996001489994,2.5267666001489992,,,,
5.605405,927,1079.0,0.4549276001489994,0.6522456001489993,1.2441996001489994,2.5267666001489992,,,,
5.606484,927,1079.0,0.4549276001489994,0.7509046001489994,1.4415176001489993,2.8227436001489994,,,,
5.607563,927,1079.0,0.4549276001489994,0.7509046001489994,1.5401766001489994,3.0200616001489995,,,,
5.608642,927,1079.0,0.4549276001489994,0.7509046001489994,1.4415176001489993,2.9214026001489994,,,,
5.609721,927,1079.0,0.4549276001489994,0.6522456001489993,1.3428586001489993,2.7240846001489993,,,,
5.6108,927,1079.0,0.4549276001489994,0.7509046001489994,1.2441996001489994,2.428107600148999,,,,
5.611879,927,1079.0,0.4549276001489994,0.7509046001489994,1.1455406001489994,2.329448600148999,,,,
5.612958,927,1079.0,0.3562686001489994,0.6522456001489993,1.1455406001489994,2.329448600148999,,,,
5.614037,927,1079.0,0.3562686001489994,0.5535866001489994,1.1455406001489994,2.329448600148999,,,,
5.615116,927,1079.0,0.2576096001489994,0.5535866001489994,1.1455406001489994,2.329448600148999,,,,
5.616195,927,1079.0,0.2576096001489994,0.4549276001489994,1.0468816001489993,2.1321306001489995,,,,
5.617274,927,1079.0,0.2576096001489994,0.4549276001489994,0.9482226001489994,1.9348126001489994,,,,
5.618353,927,1079.0,0.2576096001489994,0.4549276001489994,0.8495636001489993,1.8361536001489993,,,,
5.619432,927,1079.0,0.2576096001489994,0.4549276001489994,0.8495636001489993,1.9348126001489994,,,,
5.620511,927,1079.0,0.3562686001489994,0.4549276001489994,0.9482226001489994,2.1321306001489995,,,,
5.62159,927,1079.0,0.2576096001489994,0.4549276001489994,1.0468816001489993,2.329448600148999,,,,
5.622669,927,1079.0,0.2576096001489994,0.4549276001489994,1.1455406001489994,2.329448600148999,,,,
5.623748,927,1079.0,0.2576096001489994,0.5535866001489994,1.0468816001489993,2.2307896001489995,,,,
5.624827,927,1079.0,0.3562686001489994,0.5535866001489994,0.9482226001489994,2.1321306001489995,,,,
5.625906,927,1079.0,0.4549276001489994,0.6522456001489993,1.0468816001489993,2.2307896001489995,,,,
5.626985,927,1079.0,0.4549276001489994,0.6522456001489993,1.1455406001489994,2.428107600148999,,,,
5.628064,927,1079.0,0.4549276001489994,0.6522456001489993,1.1455406001489994,2.428107600148999,,,,
5.629143,927,1079.0,0.3562686001489994,0.5535866001489994,1.1455406001489994,2.329448600148999,,,,
5.630222,927,1079.0,0.3562686001489994,0.5535866001489994,1.0468816001489993,2.1321306001489995,,,,
5.631301,927,1079.0,0.3562686001489994,0.5535866001489994,0.8495636001489993,1.7374946001489993,,,,
5.63238,927,1079.0,0.3562686001489994,0.4549276001489994,0.7509046001489994,1.6388356001489994,,,,
5.633459,927,1079.0,0.3562686001489994,0.4549276001489994,0.7509046001489994,1.5401766001489994,,,,
5.634538,927,1079.0,0.2576096001489994,0.3562686001489994,0.6522456001489993,1.6388356001489994,,,,
5.635617,927,1079.0,0.1589506001489994,0.2576096001489994,0.6522456001489993,1.5401766001489994,,,,
5.636696,927,1079.0,0.1589506001489994,0.1589506001489994,0.5535866001489994,1.4415176001489993,,,,
5.637775,927,1079.0,0.1589506001489994,0.1589506001489994,0.4549276001489994,1.2441996001489994,,,,
5.638854,927,1079.0,0.2576096001489994,0.2576096001489994,0.4549276001489994,1.1455406001489994,,,,
5.639933,927,1079.0,0.2576096001489994,0.2576096001489994,0.4549276001489994,1.2441996001489994,,,,
5.641012,927,1079.0,0.2576096001489994,0.3562686001489994,0.5535866001489994,1.3428586001489993,,,,
5.642091,927,1079.0,0.2576096001489994,0.2576096001489994,0.5535866001489994,1.4415176001489993,,,,
5.64317,927,1079.0,0.2576096001489994,0.2576096001489994,0.6522456001489993,1.5401766001489994,,,,
5.644249,927,1079.0,0.2576096001489994,0.2576096001489994,0.5535866001489994,1.4415176001489993,,,,
5.645328,927,1079.0,0.3562686001489994,0.3562686001489994,0.5535866001489994,1.2441996001489994,,,,
5.646407,927,1079.0,0.3562686001489994,0.4549276001489994,0.5535866001489994,1.3428586001489993,,,,
5.647486,927,1079.0,0.3562686001489994,0.4549276001489994,0.5535866001489994,1.3428586001489993,,,,
5.648565,927,1079.0,0.3562686001489994,0.3562686001489994,0.4549276001489994,1.3428586001489993,,,,
5.649644,927,1079.0,0.2576096001489994,0.2576096001489994,0.4549276001489994,1.2441996001489994,,,,
5.650723,927,1079.0,0.2576096001489994,0.1589506001489994,0.3562686001489994,1.0468816001489993,,,,
5.651802,927,1079.0,0.2576096001489994,0.1589506001489994,0.2576096001489994,0.8495636001489993,,,,
5.652881,927,1079.0,0.2576096001489994,0.1589506001489994,0.1589506001489994,0.5535866001489994,,,,
5.65396,927,1079.0,0.1589506001489994,0.1589506001489994,0.060291600148999404,0.4549276001489994,,,,
5.655039,927,1079.0,0.1589506001489994,0.060291600148999404,-0.03836739985100059,0.4549276001489994,,,,
5.656118,927,1079.0,0.060291600148999404,-0.03836739985100059,-0.03836739985100059,0.4549276001489994,,,,
5.657197,927,1079.0,0.060291600148999404,-0.03836739985100059,-0.03836739985100059,0.3562686001489994,,,,
5.658276,927,1079.0,0.060291600148999404,-0.03836739985100059,-0.03836739985100059,0.3562686001489994,,,,
5.659355,927,1079.0,0.060291600148999404,0.060291600148999404,-0.1370263998510006,0.2576096001489994,,,,
5.660434,927,1079.0,0.1589506001489994,0.060291600148999404,-0.1370263998510006,0.2576096001489994,,,,
5.661513,927,1079.0,0.1589506001489994,0.1589506001489994,-0.03836739985100059,0.3562686001489994,,,,
5.662592,927,1079.0,0.1589506001489994,0.060291600148999404,-0.03836739985100059,0.5535866001489994,,,,
5.663671,927,1079.0,0.1589506001489994,-0.03836739985100059,0.060291600148999404,0.5535866001489994,,,,
5.66475,927,1079.0,0.1589506001489994,-0.03836739985100059,0.060291600148999404,0.6522456001489993,,,,
5.665829,927,1079.0,0.2576096001489994,0.060291600148999404,0.060291600148999404,0.5535866001489994,,,,
5.666908,927,1079.0,0.3562686001489994,0.1589506001489994,0.060291600148999404,0.4549276001489994,,,,
5.667987,927,1079.0,0.2576096001489994,0.1589506001489994,-0.03836739985100059,0.3562686001489994,,,,
5.669066,927,1079.0,0.2576096001489994,0.060291600148999404,-0.03836739985100059,0.3562686001489994,,,,
5.670145,927,1079.0,0.1589506001489994,-0.03836739985100059,-0.03836739985100059,0.3562686001489994,,,,
5.671224,927,1079.0,0.1589506001489994,-0.1370263998510006,-0.1370263998510006,0.1589506001489994,,,,
5.672303,927,1079.0,0.060291600148999404,-0.1370263998510006,-0.2356853998510006,-0.03836739985100059,,,,
5.673382,927,1079.0,0.1589506001489994,-0.1370263998510006,-0.33434439985100056,-0.2356853998510006,,,,
5.674461,927,1079.0,0.1589506001489994,-0.1370263998510006,-0.5316623998510006,-0.33434439985100056,,,,
5.67554,927,1079.0,0.060291600148999404,-0.2356853998510006,-0.5316623998510006,-0.43300339985100056,,,,
5.676619,927,1079.0,-0.03836739985100059,-0.2356853998510006,-0.5316623998510006,-0.33434439985100056,,,,
5.677698,927,1079.0,-0.03836739985100059,-0.33434439985100056,-0.43300339985100056,-0.2356853998510006,,,,
5.678777,927,1079.0,0.060291600148999404,-0.2356853998510006,-0.43300339985100056,-0.2356853998510006,,,,
5.679856,927,1079.0,0.1589506001489994,-0.1370263998510006,-0.43300339985100056,-0.2356853998510006,,,,
5.680935,927,1079.0,0.1589506001489994,-0.1370263998510006,-0.43300339985100056,-0.2356853998510006,,,,
5.682014,927,1079.0,0.1589506001489994,-0.1370263998510006,-0.43300339985100056,-0.1370263998510006,,,,
5.683093,927,1079.0,0.1589506001489994,-0.1370263998510006,-0.33434439985100056,-0.03836739985100059,,,,
5.684172,927,1079.0,0.1589506001489994,-0.1370263998510006,-0.2356853998510006,0.1589506001489994,,,,
5.685251,927,1079.0,0.1589506001489994,-0.1370263998510006,-0.1370263998510006,0.2576096001489994,,,,
5.68633,927,1079.0,0.2576096001489994,-0.03836739985100059,-0.1370263998510006,0.1589506001489994,,,,
5.687409,927,1079.0,0.2576096001489994,-0.03836739985100059,-0.2356853998510006,-0.03836739985100059,,,,
5.688488,927,1079.0,0.2576096001489994,-0.03836739985100059,-0.33434439985100056,-0.1370263998510006,,,,
5.689567,927,1079.0,0.2576096001489994,-0.1370263998510006,-0.43300339985100056,-0.1370263998510006,,,,
5.690646,927,1079.0,0.1589506001489994,-0.1370263998510006,-0.33434439985100056,-0.1370263998510006,,,,
5.691725,927,1079.0,0.060291600148999404,-0.2356853998510006,-0.43300339985100056,-0.1370263998510006,,,,
5.692804,927,1079.0,0.060291600148999404,-0.2356853998510006,-0.43300339985100056,-0.2356853998510006,,,,
5.693883,927,1079.0,0.060291600148999404,-0.2356853998510006,-0.5316623998510006,-0.43300339985100056,,,,
5.694962,927,1079.0,0.060291600148999404,-0.2356853998510006,-0.6303213998510006,-0.6303213998510006,,,,
5.696041,927,1079.0,0.060291600148999404,-0.2356853998510006,-0.6303213998510006,-0.6303213998510006,,,,
5.69712,927,1079.0,-0.03836739985100059,-0.33434439985100056,-0.5316623998510006,-0.33434439985100056,,,,
5.698199,927,1079.0,0.060291600148999404,-0.2356853998510006,-0.43300339985100056,-0.2356853998510006,,,,
5.699278,927,1079.0,0.060291600148999404,-0.2356853998510006,-0.43300339985100056,-0.1370263998510006,,,,
5.700357,927,1079.0,0.060291600148999404,-0.1370263998510006,-0.33434439985100056,-0.1370263998510006,,,,
5.701436,927,1079.0,0.1589506001489994,-0.1370263998510006,-0.43300339985100056,-0.1370263998510006,,,,
5.702515,927,1079.0,0.1589506001489994,-0.03836739985100059,-0.33434439985100056,-0.03836739985100059,,,,
5.703594,927,1079.0,0.1589506001489994,-0.03836739985100059,-0.2356853998510006,0.1589506001489994,,,,
5.704673,927,1079.0,0.1589506001489994,-0.03836739985100059,-0.03836739985100059,0.4549276001489994,,,,
5.705752,927,1079.0,0.2576096001489994,0.060291600148999404,0.060291600148999404,0.5535866001489994,,,,
5.706831,927,1079.0,0.2576096001489994,0.060291600148999404,-0.03836739985100059,0.4549276001489994,,,,
5.70791,927,1079.0,0.2576096001489994,0.060291600148999404,-0.1370263998510006,0.2576096001489994,,,,
5.708989,927,1079.0,0.2576096001489994,0.060291600148999404,-0.2356853998510006,0.1589506001489994,,,,
5.710068,927,1079.0,0.2576096001489994,-0.03836739985100059,-0.2356853998510006,0.1589506001489994,,,,
5.711147,927,1079.0,0.1589506001489994,-0.03836739985100059,-0.2356853998510006,0.2576096001489994,,,,
5.712226,927,1079.0,0.1589506001489994,-0.1370263998510006,-0.1370263998510006,0.3562686001489994,,,,
5.713305,927,1079.0,0.060291600148999404,-0.1370263998510006,-0.1370263998510006,0.1589506001489994,,,,
5.714384,927,1079.0,0.060291600148999404,-0.1370263998510006,-0.33434439985100056,0.060291600148999404,,,,
5.715463,927,1079.0,0.060291600148999404,-0.03836739985100059,-0.33434439985100056,-0.1370263998510006,,,,
5.716542,927,1079.0,0.060291600148999404,-0.1370263998510006,-0.2356853998510006,0.060291600148999404,,,,
5.717621,927,1079.0,0.060291600148999404,-0.03836739985100059,-0.1370263998510006,0.2576096001489994,,,,
5.7187,927,1079.0,0.1589506001489994,-0.03836739985100059,-0.03836739985100059,0.5535866001489994,,,,
5.719779,927,1079.0,0.1589506001489994,-0.03836739985100059,0.060291600148999404,0.6522456001489993,,,,
5.720858,927,1079.0,0.2576096001489994,0.060291600148999404,0.1589506001489994,0.7509046001489994,,,,
5.721937,927,1079.0,0.2576096001489994,0.1589506001489994,0.1589506001489994,0.6522456001489993,,,,
5.723016,927,1079.0,0.2576096001489994,0.1589506001489994,0.1589506001489994,0.6522456001489993,,,,
5.724095,927,1079.0,0.2576096001489994,0.2576096001489994,0.2576096001489994,0.9482226001489994,,,,
5.725174,927,1079.0,0.2576096001489994,0.2576096001489994,0.4549276001489994,1.2441996001489994,,,,
5.726253,927,1079.0,0.2576096001489994,0.1589506001489994,0.4549276001489994,1.3428586001489993,,,,
5.727332,927,1079.0,0.2576096001489994,0.2576096001489994,0.4549276001489994,1.2441996001489994,,,,
5.728411,927,1079.0,0.2576096001489994,0.2576096001489994,0.3562686001489994,1.0468816001489993,,,,
5.72949,927,1079.0,0.2576096001489994,0.2576096001489994,0.2576096001489994,0.9482226001489994,,,,
5.730569,927,1079.0,0.2576096001489994,0.2576096001489994,0.2576096001489994,0.9482226001489994,,,,
5.731648,927,1079.0,0.2576096001489994,0.1589506001489994,0.2576096001489994,1.0468816001489993,,,,
5.732727,927,1079.0,0.1589506001489994,0.1589506001489994,0.3562686001489994,1.1455406001489994,,,,
5.733806,927,1079.0,0.1589506001489994,0.1589506001489994,0.3562686001489994,1.0468816001489993,,,,
5.734885,927,1079.0,0.1589506001489994,0.1589506001489994,0.2576096001489994,0.9482226001489994,,,,
5.735964,927,1079.0,0.1589506001489994,0.1589506001489994,0.2576096001489994,0.9482226001489994,,,,
5.737043,927,1079.0,0.1589506001489994,0.2576096001489994,0.3562686001489994,1.0468816001489993,,,,
5.738122,927,1079.0,0.1589506001489994,0.2576096001489994,0.4549276001489994,1.3428586001489993,,,,
5.739201,927,1079.0,0.2576096001489994,0.2576096001489994,0.5535866001489994,1.5401766001489994,,,,
5.74028,927,1079.0,0.2576096001489994,0.2576096001489994,0.7509046001489994,1.7374946001489993,,,,
5.741359,927,1079.0,0.2576096001489994,0.3562686001489994,0.7509046001489994,1.7374946001489993,,,,
5.742438,927,1079.0,0.2576096001489994,0.4549276001489994,0.7509046001489994,1.7374946001489993,,,,
5.743517,927,1079.0,0.3562686001489994,0.5535866001489994,0.8495636001489993,1.8361536001489993,,,,
5.744596,927,1079.0,0.4549276001489994,0.6522456001489993,0.9482226001489994,2.0334716001489994,,,,
5.745675,927,1079.0,0.4549276001489994,0.5535866001489994,1.0468816001489993,2.2307896001489995,,,,
5.746754,927,1079.0,0.3562686001489994,0.5535866001489994,1.0468816001489993,2.2307896001489995,,,,
5.747833,927,1079.0,0.3562686001489994,0.4549276001489994,0.9482226001489994,2.2307896001489995,,,,
5.748912,927,1079.0,0.3562686001489994,0.4549276001489994,0.9482226001489994,2.0334716001489994,,,,
5.749991,927,1079.0,0.3562686001489994,0.5535866001489994,0.8495636001489993,1.8361536001489993,,,,
5.75107,927,1079.0,0.3562686001489994,0.5535866001489994,0.7509046001489994,1.8361536001489993,,,,
5.752149,927,1079.0,0.2576096001489994,0.4549276001489994,0.7509046001489994,1.8361536001489993,,,,
5.753228,927,1079.0,0.2576096001489994,0.3562686001489994,0.8495636001489993,1.9348126001489994,,,,
5.754307,927,1079.0,0.1589506001489994,0.3562686001489994,0.8495636001489993,1.9348126001489994,,,,
5.755386,927,1079.0,0.1589506001489994,0.3562686001489994,0.8495636001489993,1.8361536001489993,,,,
5.756465,927,1079.0,0.2576096001489994,0.4549276001489994,0.8495636001489993,1.8361536001489993,,,,
5.757544,927,1079.0,0.2576096001489994,0.4549276001489994,0.9482226001489994,1.9348126001489994,,,,
5.758623,927,1079.0,0.3562686001489994,0.5535866001489994,0.9482226001489994,2.1321306001489995,,,,
5.759702,927,1079.0,0.3562686001489994,0.5535866001489994,1.0468816001489993,2.329448600148999,,,,
5.760781,927,1079.0,0.3562686001489994,0.5535866001489994,1.2441996001489994,2.5267666001489992,,,,
5.76186,927,1079.0,0.3562686001489994,0.5535866001489994,1.2441996001489994,2.6254256001489993,,,,
5.762939,927,1079.0,0.3562686001489994,0.7509046001489994,1.3428586001489993,2.6254256001489993,,,,
5.764018,927,1079.0,0.5535866001489994,0.7509046001489994,1.3428586001489993,2.7240846001489993,,,,
5.765097,927,1079.0,0.5535866001489994,0.7509046001489994,1.3428586001489993,2.7240846001489993,,,,
5.766176,927,1079.0,0.4549276001489994,0.8495636001489993,1.3428586001489993,2.7240846001489993,,,,
5.767255,927,1079.0,0.4549276001489994,0.7509046001489994,1.3428586001489993,2.7240846001489993,,,,
5.768334,927,1079.0,0.3562686001489994,0.6522456001489993,1.2441996001489994,2.6254256001489993,,,,
5.769413,927,1079.0,0.3562686001489994,0.5535866001489994,1.2441996001489994,2.5267666001489992,,,,
5.770492,927,1079.0,0.3562686001489994,0.6522456001489993,1.1455406001489994,2.329448600148999,,,,
5.771571,927,1079.0,0.3562686001489994,0.6522456001489993,1.0468816001489993,2.1321306001489995,,,,
5.77265,927,1079.0,0.2576096001489994,0.5535866001489994,0.9482226001489994,2.1321306001489995,,,,
5.773729,927,1079.0,0.2576096001489994,0.4549276001489994,1.0468816001489993,2.1321306001489995,,,,
5.774808,927,1079.0,0.2576096001489994,0.4549276001489994,1.0468816001489993,2.329448600148999,,,,
5.775887,927,1079.0,0.2576096001489994,0.4549276001489994,1.0468816001489993,2.329448600148999,,,,
5.776966,927,1079.0,0.2576096001489994,0.4549276001489994,1.1455406001489994,2.2307896001489995,,,,
5.778045,927,1079.0,0.3562686001489994,0.6522456001489993,1.0468816001489993,2.329448600148999,,,,
5.779124,927,1079.0,0.3562686001489994,0.6522456001489993,1.1455406001489994,2.329448600148999,,,,
5.780203,927,1079.0,0.3562686001489994,0.6522456001489993,1.1455406001489994,2.428107600148999,,,,
5.781282,927,1079.0,0.3562686001489994,0.6522456001489993,1.2441996001489994,2.6254256001489993,,,,
5.782361,927,1079.0,0.3562686001489994,0.5535866001489994,1.3428586001489993,2.7240846001489993,,,,
5.78344,927,1079.0,0.4549276001489994,0.6522456001489993,1.3428586001489993,2.8227436001489994,,,,
5.784519,927,1079.0,0.4549276001489994,0.7509046001489994,1.3428586001489993,2.7240846001489993,,,,
5.785598,927,1079.0,0.4549276001489994,0.7509046001489994,1.2441996001489994,2.5267666001489992,,,,
5.786677,927,1079.0,0.4549276001489994,0.7509046001489994,1.2441996001489994,2.5267666001489992,,,,
5.787756,927,1079.0,0.3562686001489994,0.6522456001489993,1.1455406001489994,2.428107600148999,,,,
5.788835,927,1079.0,0.2576096001489994,0.5535866001489994,1.1455406001489994,2.428107600148999,,,,
5.789914,927,1079.0,0.3562686001489994,0.4549276001489994,1.0468816001489993,2.329448600148999,,,,
5.790993,927,1079.0,0.2576096001489994,0.5535866001489994,0.9482226001489994,2.0334716001489994,,,,
5.792072,927,1079.0,0.2576096001489994,0.4549276001489994,0.8495636001489993,1.7374946001489993,,,,
5.793151,927,1079.0,0.2576096001489994,0.4549276001489994,0.7509046001489994,1.7374946001489993,,,,
5.79423,927,1079.0,0.1589506001489994,0.4549276001489994,0.7509046001489994,1.7374946001489993,,,,
5.795309,927,1079.0,0.1589506001489994,0.3562686001489994,0.8495636001489993,1.8361536001489993,,,,
5.796388,927,1079.0,0.2576096001489994,0.3562686001489994,0.9482226001489994,1.9348126001489994,,,,
5.797467,927,1079.0,0.2576096001489994,0.4549276001489994,0.8495636001489993,1.8361536001489993,,,,
5.798546,927,1079.0,0.3562686001489994,0.5535866001489994,0.8495636001489993,1.8361536001489993,,,,
5.799625,927,1079.0,0.3562686001489994,0.5535866001489994,0.8495636001489993,1.8361536001489993,,,,
5.800704,927,1079.0,0.3562686001489994,0.4549276001489994,0.8495636001489993,1.9348126001489994,,,,
5.801783,927,1079.0,0.2576096001489994,0.5535866001489994,0.9482226001489994,2.0334716001489994,,,,
5.802862,927,1079.0,0.3562686001489994,0.5535866001489994,0.9482226001489994,2.2307896001489995,,,,
5.803941,927,1079.0,0.4549276001489994,0.5535866001489994,0.9482226001489994,2.2307896001489995,,,,
5.80502,927,1079.0,0.4549276001489994,0.5535866001489994,0.8495636001489993,1.9348126001489994,,,,
5.806099,927,1079.0,0.3562686001489994,0.5535866001489994,0.7509046001489994,1.6388356001489994,,,,
5.807178,927,1079.0,0.3562686001489994,0.4549276001489994,0.6522456001489993,1.5401766001489994,,,,
5.808257,927,1079.0,0.2576096001489994,0.3562686001489994,0.6522456001489993,1.5401766001489994,,,,
5.809336,927,1079.0,0.2576096001489994,0.2576096001489994,0.6522456001489993,1.4415176001489993,,,,
5.810415,927,1079.0,0.2576096001489994,0.1589506001489994,0.5535866001489994,1.4415176001489993,,,,
5.811494,927,1079.0,0.1589506001489994,0.1589506001489994,0.4549276001489994,1.1455406001489994,,,,
5.812573,927,1079.0,0.1589506001489994,0.2576096001489994,0.2576096001489994,0.8495636001489993,,,,
5.813652,927,1079.0,0.1589506001489994,0.1589506001489994,0.1589506001489994,0.7509046001489994,,,,
5.814731,927,1079.0,0.1589506001489994,0.1589506001489994,0.2576096001489994,0.8495636001489993,,,,
5.81581,927,1079.0,0.1589506001489994,0.1589506001489994,0.2576096001489994,1.0468816001489993,,,,
5.816889,927,1079.0,0.1589506001489994,0.060291600148999404,0.3562686001489994,1.1455406001489994,,,,
5.817968,927,1079.0,0.1589506001489994,0.1589506001489994,0.3562686001489994,1.0468816001489993,,,,
5.819047,927,1079.0,0.2576096001489994,0.2576096001489994,0.2576096001489994,0.9482226001489994,,,,
5.820126,927,1079.0,0.2576096001489994,0.2576096001489994,0.3562686001489994,0.9482226001489994,,,,
5.821205,927,1079.0,0.2576096001489994,0.2576096001489994,0.2576096001489994,0.9482226001489994,,,,
5.822284,927,1079.0,0.2576096001489994,0.2576096001489994,0.3562686001489994,1.1455406001489994,,,,
5.823363,927,1079.0,0.3562686001489994,0.2576096001489994,0.4549276001489994,1.2441996001489994,,,,
5.824442,927,1079.0,0.3562686001489994,0.2576096001489994,0.4549276001489994,1.1455406001489994,,,,
5.825521,927,1079.0,0.2576096001489994,0.2576096001489994,0.2576096001489994,0.9482226001489994,,,,
5.8266,927,1079.0,0.2576096001489994,0.2576096001489994,0.060291600148999404,0.6522456001489993,,,,
5.827679,927,1079.0,0.2576096001489994,0.1589506001489994,0.060291600148999404,0.4549276001489994,,,,
5.828758,927,1079.0,0.1589506001489994,0.060291600148999404,0.060291600148999404,0.4549276001489994,,,,
5.829837,927,1079.0,0.1589506001489994,0.060291600148999404,-0.03836739985100059,0.4549276001489994,,,,
5.830916,927,1079.0,0.1589506001489994,-0.03836739985100059,-0.03836739985100059,0.3562686001489994,,,,
5.831995,927,1079.0,0.060291600148999404,-0.1370263998510006,-0.1370263998510006,0.1589506001489994,,,,
5.833074,927,1079.0,0.060291600148999404,-0.1370263998510006,-0.33434439985100056,-0.1370263998510006,,,,
5.834153,927,1079.0,0.060291600148999404,-0.1370263998510006,-0.33434439985100056,-0.1370263998510006,,,,
5.835232,927,1079.0,0.060291600148999404,-0.03836739985100059,-0.33434439985100056,-0.03836739985100059,,,,
5.836311,927,1079.0,0.060291600148999404,-0.1370263998510006,-0.2356853998510006,0.1589506001489994,,,,
5.83739,927,1079.0,0.060291600148999404,-0.1370263998510006,-0.1370263998510006,0.2576096001489994,,,,
5.838469,927,1079.0,0.060291600148999404,-0.1370263998510006,-0.1370263998510006,0.2576096001489994,,,,
5.839548,927,1079.0,0.1589506001489994,-0.1370263998510006,-0.2356853998510006,0.1589506001489994,,,,
5.840627,927,1079.0,0.1589506001489994,0.060291600148999404,-0.2356853998510006,0.060291600148999404,,,,
5.841706,927,1079.0,0.2576096001489994,0.060291600148999404,-0.2356853998510006,0.2576096001489994,,,,
5.842785,927,1079.0,0.2576096001489994,0.060291600148999404,-0.03836739985100059,0.4549276001489994,,,,
5.843864,927,1079.0,0.2576096001489994,0.060291600148999404,-0.1370263998510006,0.4549276001489994,,,,
5.844943,927,1079.0,0.1589506001489994,-0.03836739985100059,-0.1370263998510006,0.3562686001489994,,,,
5.846022,927,1079.0,0.1589506001489994,-0.03836739985100059,-0.2356853998510006,0.060291600148999404,,,,
5.847101,927,1079.0,0.1589506001489994,-0.03836739985100059,-0.33434439985100056,-0.1370263998510006,,,,
5.84818,927,1079.0,0.1589506001489994,-0.03836739985100059,-0.43300339985100056,-0.2356853998510006,,,,
5.849259,927,1079.0,0.1589506001489994,-0.1370263998510006,-0.43300339985100056,-0.2356853998510006,,,,
5.850338,927,1079.0,0.060291600148999404,-0.1370263998510006,-0.43300339985100056,-0.2356853998510006,,,,
5.851417,927,1079.0,0.060291600148999404,-0.2356853998510006,-0.43300339985100056,-0.2356853998510006,,,,
5.852496,927,1079.0,-0.03836739985100059,-0.33434439985100056,-0.5316623998510006,-0.43300339985100056,,,,
5.853575,927,1079.0,-0.03836739985100059,-0.2356853998510006,-0.5316623998510006,-0.5316623998510006,,,,
5.854654,927,1079.0,0.060291600148999404,-0.2356853998510006,-0.5316623998510006,-0.5316623998510006,,,,
5.855733,927,1079.0,0.060291600148999404,-0.1370263998510006,-0.5316623998510006,-0.43300339985100056,,,,
5.856812,927,1079.0,0.060291600148999404,-0.1370263998510006,-0.43300339985100056,-0.2356853998510006,,,,
5.857891,927,1079.0,0.1589506001489994,-0.1370263998510006,-0.33434439985100056,-0.03836739985100059,,,,
5.85897,927,1079.0,0.060291600148999404,-0.1370263998510006,-0.33434439985100056,-0.03836739985100059,,,,
5.860049,927,1079.0,0.1589506001489994,-0.1370263998510006,-0.33434439985100056,-0.03836739985100059,,,,
5.861128,927,1079.0,0.2576096001489994,-0.03836739985100059,-0.33434439985100056,-0.03836739985100059,,,,
5.862207,927,1079.0,0.2576096001489994,0.060291600148999404,-0.2356853998510006,0.060291600148999404,,,,
5.863286,927,1079.0,0.2576096001489994,0.060291600148999404,-0.2356853998510006,0.1589506001489994,,,,
5.864365,927,1079.0,0.2576096001489994,-0.03836739985100059,-0.2356853998510006,0.1589506001489994,,,,
5.865444,927,1079.0,0.1589506001489994,-0.03836739985100059,-0.2356853998510006,0.1589506001489994,,,,
5.866523,927,1079.0,0.1589506001489994,-0.1370263998510006,-0.2356853998510006,-0.03836739985100059,,,,
5.867602,927,1079.0,0.1589506001489994,-0.1370263998510006,-0.33434439985100056,-0.1370263998510006,,,,
5.868681,927,1079.0,0.1589506001489994,-0.1370263998510006,-0.43300339985100056,-0.2356853998510006,,,,
5.86976,927,1079.0,0.1589506001489994,-0.1370263998510006,-0.43300339985100056,-0.33434439985100056,,,,
5.870839,927,1079.0,0.060291600148999404,-0.1370263998510006,-0.43300339985100056,-0.2356853998510006,,,,
5.871918,927,1079.0,-0.03836739985100059,-0.2356853998510006,-0.43300339985100056,-0.2356853998510006,,,,
5.872997,927,1079.0,-0.03836739985100059,-0.2356853998510006,-0.43300339985100056,-0.1370263998510006,,,,
5.874076,927,1079.0,0.060291600148999404,-0.2356853998510006,-0.43300339985100056,-0.2356853998510006,,,,
5.875155,927,1079.0,0.060291600148999404,-0.1370263998510006,-0.33434439985100056,-0.2356853998510006,,,,
5.876234,927,1079.0,0.1589506001489994,-0.03836739985100059,-0.33434439985100056,-0.1370263998510006,,,,
5.877313,927,1079.0,0.1589506001489994,-0.03836739985100059,-0.2356853998510006,0.1589506001489994,,,,
5.878392,927,1079.0,0.1589506001489994,-0.03836739985100059,-0.1370263998510006,0.3562686001489994,,,,
5.879471,927,1079.0,0.1589506001489994,-0.03836739985100059,-0.03836739985100059,0.4549276001489994,,,,
5.88055,927,1079.0,0.2576096001489994,-0.03836739985100059,0.060291600148999404,0.5535866001489994,,,,
5.881629,927,1079.0,0.2576096001489994,0.060291600148999404,0.060291600148999404,0.5535866001489994,,,,
5.882708,927,1079.0,0.3562686001489994,0.1589506001489994,0.060291600148999404,0.5535866001489994,,,,
5.883787,927,1079.0,0.2576096001489994,0.1589506001489994,0.060291600148999404,0.5535866001489994,,,,
5.884866,927,1079.0,0.2576096001489994,0.1589506001489994,0.060291600148999404,0.5535866001489994,,,,
5.885945,927,1079.0,0.1589506001489994,0.060291600148999404,0.060291600148999404,0.6522456001489993,,,,
5.887024,927,1079.0,0.1589506001489994,0.060291600148999404,0.060291600148999404,0.5535866001489994,,,,
5.888103,927,1079.0,0.1589506001489994,-0.03836739985100059,-0.03836739985100059,0.4549276001489994,,,,
5.889182,927,1079.0,0.1589506001489994,0.060291600148999404,-0.1370263998510006,0.2576096001489994,,,,
5.890261,927,1079.0,0.1589506001489994,0.060291600148999404,-0.1370263998510006,0.2576096001489994,,,,
5.89134,927,1079.0,0.1589506001489994,0.060291600148999404,-0.03836739985100059,0.2576096001489994,,,,
5.892419,927,1079.0,0.060291600148999404,-0.03836739985100059,-0.03836739985100059,0.4549276001489994,,,,
5.893498,927,1079.0,0.060291600148999404,-0.03836739985100059,0.060291600148999404,0.6522456001489993,,,,
5.894577,927,1079.0,0.1589506001489994,0.060291600148999404,0.1589506001489994,0.7509046001489994,,,,
5.895656,927,1079.0,0.1589506001489994,0.1589506001489994,0.1589506001489994,0.7509046001489994,,,,
5.896735,927,1079.0,0.2576096001489994,0.2576096001489994,0.1589506001489994,0.7509046001489994,,,,
5.897814,927,1079.0,0.2576096001489994,0.2576096001489994,0.2576096001489994,0.9482226001489994,,,,
5.898893,927,1079.0,0.2576096001489994,0.2576096001489994,0.4549276001489994,1.2441996001489994,,,,
5.899972,927,1079.0,0.2576096001489994,0.2576096001489994,0.5535866001489994,1.4415176001489993,,,,
5.901051,927,1079.0,0.2576096001489994,0.3562686001489994,0.6522456001489993,1.6388356001489994,,,,
5.90213,927,1079.0,0.3562686001489994,0.4549276001489994,0.6522456001489993,1.5401766001489994,,,,
5.903209,927,1079.0,0.3562686001489994,0.4549276001489994,0.6522456001489993,1.4415176001489993,,,,
5.904288,927,1079.0,0.3562686001489994,0.4549276001489994,0.5535866001489994,1.4415176001489993,,,,
5.905367,927,1079.0,0.3562686001489994,0.3562686001489994,0.5535866001489994,1.4415176001489993,,,,
5.906446,927,1079.0,0.2576096001489994,0.2576096001489994,0.5535866001489994,1.5401766001489994,,,,
5.907525,927,1079.0,0.2576096001489994,0.2576096001489994,0.6522456001489993,1.5401766001489994,,,,
5.908604,927,1079.0,0.1589506001489994,0.2576096001489994,0.5535866001489994,1.4415176001489993,,,,
5.909683,927,1079.0,0.2576096001489994,0.2576096001489994,0.5535866001489994,1.2441996001489994,,,,
5.910762,927,1079.0,0.1589506001489994,0.2576096001489994,0.4549276001489994,1.2441996001489994,,,,
5.911841,927,1079.0,0.2576096001489994,0.2576096001489994,0.4549276001489994,1.2441996001489994,,,,
5.91292,927,1079.0,0.1589506001489994,0.2576096001489994,0.6522456001489993,1.4415176001489993,,,,
5.913999,927,1079.0,0.1589506001489994,0.2576096001489994,0.6522456001489993,1.6388356001489994,,,,
5.915078,927,1079.0,0.2576096001489994,0.3562686001489994,0.7509046001489994,1.8361536001489993,,,,
5.916157,927,1079.0,0.2576096001489994,0.4549276001489994,0.8495636001489993,1.7374946001489993,,,,
5.917236,927,1079.0,0.2576096001489994,0.5535866001489994,0.8495636001489993,1.8361536001489993,,,,
5.918315,927,1079.0,0.3562686001489994,0.5535866001489994,0.8495636001489993,1.9348126001489994,,,,
5.919394,927,1079.0,0.3562686001489994,0.4549276001489994,1.0468816001489993,2.1321306001489995,,,,
5.920473,927,1079.0,0.3562686001489994,0.5535866001489994,1.1455406001489994,2.428107600148999,,,,
5.921552,927,1079.0,0.3562686001489994,0.5535866001489994,1.2441996001489994,2.5267666001489992,,,,
5.922631,927,1079.0,0.4549276001489994,0.6522456001489993,1.1455406001489994,2.5267666001489992,,,,
5.92371,927,1079.0,0.4549276001489994,0.6522456001489993,1.0468816001489993,2.2307896001489995,,,,
5.924789,927,1079.0,0.3562686001489994,0.6522456001489993,1.0468816001489993,2.1321306001489995,,,,
5.925868,927,1079.0,0.3562686001489994,0.6522456001489993,0.9482226001489994,2.1321306001489995,,,,
5.926947,927,1079.0,0.2576096001489994,0.5535866001489994,1.0468816001489993,2.2307896001489995,,,,
5.928026,927,1079.0,0.2576096001489994,0.4549276001489994,1.0468816001489993,2.329448600148999,,,,
5.929105,927,1079.0,0.2576096001489994,0.4549276001489994,1.0468816001489993,2.2307896001489995,,,,
5.930184,927,1079.0,0.1589506001489994,0.4549276001489994,0.9482226001489994,1.9348126001489994,,,,
5.931263,927,1079.0,0.2576096001489994,0.4549276001489994,0.8495636001489993,1.7374946001489993,,,,
5.932342,927,1079.0,0.2576096001489994,0.5535866001489994,0.9482226001489994,1.9348126001489994,,,,
5.933421,927,1079.0,0.2576096001489994,0.4549276001489994,1.0468816001489993,2.2307896001489995,,,,
5.9345,927,1079.0,0.2576096001489994,0.5535866001489994,1.1455406001489994,2.428107600148999,,,,
5.935579,927,1079.0,0.2576096001489994,0.5535866001489994,1.1455406001489994,2.6254256001489993,,,,
5.936658,927,1079.0,0.3562686001489994,0.6522456001489993,1.2441996001489994,2.428107600148999,,,,
5.937737,927,1079.0,0.4549276001489994,0.6522456001489993,1.2441996001489994,2.428107600148999,,,,
5.938816,927,1079.0,0.4549276001489994,0.6522456001489993,1.2441996001489994,2.428107600148999,,,,
5.939895,927,1079.0,0.4549276001489994,0.7509046001489994,1.3428586001489993,2.7240846001489993,,,,
5.940974,927,1079.0,0.4549276001489994,0.7509046001489994,1.4415176001489993,2.9214026001489994,,,,
5.942053,927,1079.0,0.4549276001489994,0.7509046001489994,1.4415176001489993,2.9214026001489994,,,,
5.943132,927,1079.0,0.3562686001489994,0.7509046001489994,1.3428586001489993,2.7240846001489993,,,,
5.944211,927,1079.0,0.3562686001489994,0.7509046001489994,1.2441996001489994,2.5267666001489992,,,,
5.94529,927,1079.0,0.3562686001489994,0.6522456001489993,1.1455406001489994,2.329448600148999,,,,
5.946369,927,1079.0,0.3562686001489994,0.6522456001489993,1.1455406001489994,2.329448600148999,,,,
5.947448,927,1079.0,0.3562686001489994,0.6522456001489993,1.0468816001489993,2.329448600148999,,,,
5.948527,927,1079.0,0.2576096001489994,0.4549276001489994,1.0468816001489993,2.329448600148999,,,,
5.949606,927,1079.0,0.2576096001489994,0.4549276001489994,1.0468816001489993,2.329448600148999,,,,
5.950685,927,1079.0,0.1589506001489994,0.4549276001489994,0.8495636001489993,2.0334716001489994,,,,
5.951764,927,1079.0,0.2576096001489994,0.4549276001489994,0.8495636001489993,1.9348126001489994,,,,
5.952843,927,1079.0,0.2576096001489994,0.5535866001489994,0.9482226001489994,2.0334716001489994,,,,
5.953922,927,1079.0,0.2576096001489994,0.5535866001489994,1.0468816001489993,2.1321306001489995,,,,
5.955001,927,1079.0,0.2576096001489994,0.5535866001489994,1.0468816001489993,2.329448600148999,,,,
5.95608,927,1079.0,0.2576096001489994,0.5535866001489994,1.1455406001489994,2.428107600148999,,,,
5.957159,927,1079.0,0.3562686001489994,0.5535866001489994,1.1455406001489994,2.428107600148999,,,,
5.958238,927,1079.0,0.3562686001489994,0.5535866001489994,1.1455406001489994,2.329448600148999,,,,
5.959317,927,1079.0,0.3562686001489994,0.6522456001489993,1.1455406001489994,2.329448600148999,,,,
5.960396,927,1079.0,0.4549276001489994,0.7509046001489994,1.1455406001489994,2.428107600148999,,,,
5.961475,927,1079.0,0.4549276001489994,0.6522456001489993,1.2441996001489994,2.5267666001489992,,,,
5.962554,927,1079.0,0.3562686001489994,0.5535866001489994,1.1455406001489994,2.5267666001489992,,,,
5.963633,927,1079.0,0.3562686001489994,0.5535866001489994,1.0468816001489993,2.329448600148999,,,,
5.964712,927,1079.0,0.3562686001489994,0.4549276001489994,0.9482226001489994,2.0334716001489994,,,,
5.965791,927,1079.0,0.2576096001489994,0.4549276001489994,0.8495636001489993,1.8361536001489993,,,,
5.96687,927,1079.0,0.3562686001489994,0.4549276001489994,0.8495636001489993,1.7374946001489993,,,,
5.967949,927,1079.0,0.2576096001489994,0.3562686001489994,0.7509046001489994,1.7374946001489993,,,,
5.969028,927,1079.0,0.1589506001489994,0.3562686001489994,0.7509046001489994,1.6388356001489994,,,,
5.970107,927,1079.0,0.1589506001489994,0.2576096001489994,0.6522456001489993,1.5401766001489994,,,,
5.971186,927,1079.0,0.060291600148999404,0.2576096001489994,0.6522456001489993,1.4415176001489993,,,,
5.972265,927,1079.0,0.1589506001489994,0.2576096001489994,0.5535866001489994,1.3428586001489993,,,,
5.973344,927,1079.0,0.2576096001489994,0.3562686001489994,0.5535866001489994,1.3428586001489993,,,,
5.974423,927,1079.0,0.2576096001489994,0.3562686001489994,0.5535866001489994,1.4415176001489993,,,,
5.975502,927,1079.0,0.2576096001489994,0.3562686001489994,0.6522456001489993,1.6388356001489994,,,,
5.976581,927,1079.0,0.2576096001489994,0.3562686001489994,0.7509046001489994,1.6388356001489994,,,,
5.97766,927,1079.0,0.2576096001489994,0.2576096001489994,0.7509046001489994,1.6388356001489994,,,,
5.978739,927,1079.0,0.3562686001489994,0.3562686001489994,0.6522456001489993,1.6388356001489994,,,,
5.979818,927,1079.0,0.3562686001489994,0.4549276001489994,0.6522456001489993,1.6388356001489994,,,,
5.980897,927,1079.0,0.4549276001489994,0.4549276001489994,0.6522456001489993,1.5401766001489994,,,,
5.981976,927,1079.0,0.3562686001489994,0.4549276001489994,0.6522456001489993,1.5401766001489994,,,,
5.983055,927,1079.0,0.3562686001489994,0.3562686001489994,0.5535866001489994,1.4415176001489993,,,,
5.984134,927,1079.0,0.2576096001489994,0.2576096001489994,0.5535866001489994,1.3428586001489993,,,,
5.985213,927,1079.0,0.2576096001489994,0.2576096001489994,0.4549276001489994,1.0468816001489993,,,,
5.986292,927,1079.0,0.2576096001489994,0.1589506001489994,0.3562686001489994,0.9482226001489994,,,,
5.987371,927,1079.0,0.2576096001489994,0.1589506001489994,0.1589506001489994,0.7509046001489994,,,,
5.98845,927,1079.0,0.1589506001489994,0.1589506001489994,0.1589506001489994,0.6522456001489993,,,,
5.989529,927,1079.0,0.1589506001489994,0.060291600148999404,0.060291600148999404,0.5535866001489994,,,,
5.990608,927,1079.0,0.060291600148999404,-0.03836739985100059,0.060291600148999404,0.6522456001489993,,,,
5.991687,927,1079.0,0.060291600148999404,-0.03836739985100059,0.060291600148999404,0.6522456001489993,,,,
5.992766,927,1079.0,0.1589506001489994,0.060291600148999404,0.060291600148999404,0.5535866001489994,,,,
5.993845,927,1079.0,0.1589506001489994,0.060291600148999404,0.060291600148999404,0.5535866001489994,,,,
5.994924,927,1079.0,0.2576096001489994,0.1589506001489994,0.060291600148999404,0.5535866001489994,,,,
5.996003,927,1079.0,0.2576096001489994,0.060291600148999404,0.1589506001489994,0.6522456001489993,,,,
5.997082,927,1079.0,0.1589506001489994,0.060291600148999404,0.1589506001489994,0.7509046001489994,,,,
5.998161,927,1079.0,0.2576096001489994,0.060291600148999404,0.1589506001489994,0.8495636001489993,,,,
5.99924,927,1079.0,0.2576096001489994,0.1589506001489994,0.1589506001489994,0.8495636001489993,,,,
6.000319,927,1079.0,0.3562686001489994,0.1589506001489994,0.1589506001489994,0.7509046001489994,,,,
6.001398,927,1079.0,0.2576096001489994,0.1589506001489994,0.060291600148999404,0.5535866001489994,,,,
6.002477,927,1079.0,0.2576096001489994,0.060291600148999404,-0.03836739985100059,0.4549276001489994,,,,
6.003556,927,1079.0,0.1589506001489994,0.060291600148999404,-0.03836739985100059,0.4549276001489994,,,,
6.004635,927,1079.0,0.1589506001489994,-0.03836739985100059,-0.1370263998510006,0.3562686001489994,,,,
6.005714,927,1079.0,0.060291600148999404,-0.1370263998510006,-0.1370263998510006,0.1589506001489994,,,,
6.006793,927,1079.0,0.060291600148999404,-0.03836739985100059,-0.2356853998510006,-0.03836739985100059,,,,
6.007872,927,1079.0,0.060291600148999404,-0.03836739985100059,-0.43300339985100056,-0.2356853998510006,,,,
6.008951,927,1079.0,0.060291600148999404,-0.1370263998510006,-0.43300339985100056,-0.33434439985100056,,,,
6.01003,927,1079.0,0.060291600148999404,-0.2356853998510006,-0.43300339985100056,-0.2356853998510006,,,,
6.011109,927,1079.0,-0.03836739985100059,-0.2356853998510006,-0.43300339985100056,-0.1370263998510006,,,,
6.012188,927,1079.0,0.060291600148999404,-0.2356853998510006,-0.33434439985100056,-0.03836739985100059,,,,
6.013267,927,1079.0,0.060291600148999404,-0.2356853998510006,-0.33434439985100056,-0.03836739985100059,,,,
6.014346,927,1079.0,0.1589506001489994,-0.03836739985100059,-0.33434439985100056,-0.1370263998510006,,,,
6.015425,927,1079.0,0.1589506001489994,-0.1370263998510006,-0.33434439985100056,-0.1370263998510006,,,,
6.016504,927,1079.0,0.1589506001489994,-0.03836739985100059,-0.2356853998510006,-0.03836739985100059,,,,
6.017583,927,1079.0,0.1589506001489994,-0.03836739985100059,-0.2356853998510006,0.1589506001489994,,,,
6.018662,927,1079.0,0.2576096001489994,-0.03836739985100059,-0.1370263998510006,0.3562686001489994,,,,
6.019741,927,1079.0,0.2576096001489994,0.060291600148999404,-0.1370263998510006,0.2576096001489994,,,,
6.02082,927,1079.0,0.2576096001489994,-0.03836739985100059,-0.1370263998510006,0.060291600148999404,,,,
6.021899,927,1079.0,0.2576096001489994,0.060291600148999404,-0.33434439985100056,-0.1370263998510006,,,,
6.022978,927,1079.0,0.2576096001489994,-0.03836739985100059,-0.33434439985100056,-0.1370263998510006,,,,
6.024057,927,1079.0,0.1589506001489994,-0.1370263998510006,-0.43300339985100056,-0.1370263998510006,,,,
6.025136,927,1079.0,0.060291600148999404,-0.1370263998510006,-0.33434439985100056,-0.1370263998510006,,,,
6.026215,927,1079.0,0.060291600148999404,-0.2356853998510006,-0.43300339985100056,-0.2356853998510006,,,,
6.027294,927,1079.0,-0.03836739985100059,-0.2356853998510006,-0.5316623998510006,-0.43300339985100056,,,,
6.028373,927,1079.0,0.060291600148999404,-0.2356853998510006,-0.6303213998510006,-0.6303213998510006,,,,
6.029452,927,1079.0,0.060291600148999404,-0.2356853998510006,-0.7289803998510006,-0.6303213998510006,,,,
6.030531,927,1079.0,-0.03836739985100059,-0.2356853998510006,-0.6303213998510006,-0.5316623998510006,,,,
6.03161,927,1079.0,-0.03836739985100059,-0.2356853998510006,-0.43300339985100056,-0.2356853998510006,,,,
6.032689,927,1079.0,0.060291600148999404,-0.2356853998510006,-0.33434439985100056,-0.1370263998510006,,,,
6.033768,927,1079.0,0.060291600148999404,-0.2356853998510006,-0.33434439985100056,-0.1370263998510006,,,,
6.034847,927,1079.0,0.060291600148999404,-0.1370263998510006,-0.33434439985100056,-0.1370263998510006,,,,
6.035926,927,1079.0,0.1589506001489994,-0.03836739985100059,-0.33434439985100056,-0.1370263998510006,,,,
6.037005,927,1079.0,0.1589506001489994,-0.03836739985100059,-0.33434439985100056,-0.03836739985100059,,,,
6.038084,927,1079.0,0.1589506001489994,-0.03836739985100059,-0.1370263998510006,0.2576096001489994,,,,
6.039163,927,1079.0,0.2576096001489994,0.060291600148999404,-0.03836739985100059,0.4549276001489994,,,,
6.040242,927,1079.0,0.2576096001489994,0.060291600148999404,-0.03836739985100059,0.3562686001489994,,,,
6.041321,927,1079.0,0.2576096001489994,-0.03836739985100059,-0.1370263998510006,0.2576096001489994,,,,
6.0424,927,1079.0,0.2576096001489994,0.060291600148999404,-0.2356853998510006,0.060291600148999404,,,,
6.043479,927,1079.0,0.1589506001489994,-0.03836739985100059,-0.2356853998510006,-0.03836739985100059,,,,
6.044558,927,1079.0,0.1589506001489994,-0.03836739985100059,-0.2356853998510006,0.060291600148999404,,,,
6.045637,927,1079.0,0.060291600148999404,-0.1370263998510006,-0.2356853998510006,0.060291600148999404,,,,
6.046716,927,1079.0,0.060291600148999404,-0.1370263998510006,-0.2356853998510006,0.060291600148999404,,,,
6.047795,927,1079.0,0.060291600148999404,-0.1370263998510006,-0.2356853998510006,-0.03836739985100059,,,,
6.048874,927,1079.0,0.060291600148999404,-0.1370263998510006,-0.43300339985100056,-0.2356853998510006,,,,
6.049953,927,1079.0,0.060291600148999404,-0.1370263998510006,-0.43300339985100056,-0.1370263998510006,,,,
6.051032,927,1079.0,0.1589506001489994,-0.1370263998510006,-0.2356853998510006,0.060291600148999404,,,,
6.052111,927,1079.0,0.1589506001489994,-0.1370263998510006,-0.1370263998510006,0.2576096001489994,,,,
6.05319,927,1079.0,0.1589506001489994,-0.03836739985100059,-0.03836739985100059,0.4549276001489994,,,,
6.054269,927,1079.0,0.1589506001489994,-0.03836739985100059,0.060291600148999404,0.5535866001489994,,,,
6.055348,927,1079.0,0.1589506001489994,0.060291600148999404,0.060291600148999404,0.5535866001489994,,,,
6.056427,927,1079.0,0.2576096001489994,0.1589506001489994,0.060291600148999404,0.5535866001489994,,,,
6.057506,927,1079.0,0.2576096001489994,0.1589506001489994,0.1589506001489994,0.7509046001489994,,,,
6.058585,927,1079.0,0.3562686001489994,0.2576096001489994,0.2576096001489994,1.0468816001489993,,,,
6.059664,927,1079.0,0.3562686001489994,0.1589506001489994,0.3562686001489994,1.1455406001489994,,,,
6.060743,927,1079.0,0.2576096001489994,0.1589506001489994,0.3562686001489994,1.0468816001489993,,,,
6.061822,927,1079.0,0.2576096001489994,0.1589506001489994,0.2576096001489994,0.9482226001489994,,,,
6.062901,927,1079.0,0.2576096001489994,0.2576096001489994,0.1589506001489994,0.7509046001489994,,,,
6.06398,927,1079.0,0.2576096001489994,0.1589506001489994,0.1589506001489994,0.6522456001489993,,,,
6.065059,927,1079.0,0.2576096001489994,0.1589506001489994,0.1589506001489994,0.8495636001489993,,,,
6.066138,927,1079.0,0.1589506001489994,0.060291600148999404,0.1589506001489994,0.9482226001489994,,,,
6.067217,927,1079.0,0.060291600148999404,0.060291600148999404,0.2576096001489994,0.9482226001489994,,,,
6.068296,927,1079.0,0.060291600148999404,0.060291600148999404,0.1589506001489994,0.7509046001489994,,,,
6.069375,927,1079.0,0.060291600148999404,0.060291600148999404,0.1589506001489994,0.7509046001489994,,,,
6.070454,927,1079.0,0.1589506001489994,0.1589506001489994,0.2576096001489994,0.8495636001489993,,,,
6.071533,927,1079.0,0.1589506001489994,0.2576096001489994,0.2576096001489994,0.9482226001489994,,,,
6.072612,927,1079.0,0.2576096001489994,0.2576096001489994,0.4549276001489994,1.3428586001489993,,,,
6.073691,927,1079.0,0.1589506001489994,0.2576096001489994,0.5535866001489994,1.4415176001489993,,,,
6.07477,927,1079.0,0.2576096001489994,0.2576096001489994,0.6522456001489993,1.6388356001489994,,,,
6.075849,927,1079.0,0.2576096001489994,0.3562686001489994,0.6522456001489993,1.5401766001489994,,,,
6.076928,927,1079.0,0.3562686001489994,0.4549276001489994,0.6522456001489993,1.6388356001489994,,,,
6.078007,927,1079.0,0.4549276001489994,0.5535866001489994,0.7509046001489994,1.8361536001489993,,,,
6.079086,927,1079.0,0.4549276001489994,0.5535866001489994,0.9482226001489994,2.0334716001489994,,,,
6.080165,927,1079.0,0.3562686001489994,0.4549276001489994,0.9482226001489994,2.0334716001489994,,,,
6.081244,927,1079.0,0.3562686001489994,0.4549276001489994,0.8495636001489993,2.0334716001489994,,,,
6.082323,927,1079.0,0.2576096001489994,0.4549276001489994,0.8495636001489993,1.8361536001489993,,,,
6.083402,927,1079.0,0.2576096001489994,0.4549276001489994,0.7509046001489994,1.7374946001489993,,,,
6.084481,927,1079.0,0.2576096001489994,0.3562686001489994,0.7509046001489994,1.6388356001489994,,,,
6.08556,927,1079.0,0.2576096001489994,0.4549276001489994,0.7509046001489994,1.6388356001489994,,,,
6.086639,927,1079.0,0.1589506001489994,0.3562686001489994,0.7509046001489994,1.6388356001489994,,,,
6.087718,927,1079.0,0.1589506001489994,0.2576096001489994,0.7509046001489994,1.6388356001489994,,,,
6.088797,927,1079.0,0.1589506001489994,0.2576096001489994,0.7509046001489994,1.7374946001489993,,,,
6.089876,927,1079.0,0.1589506001489994,0.3562686001489994,0.7509046001489994,1.7374946001489993,,,,
6.090955,927,1079.0,0.2576096001489994,0.4549276001489994,0.7509046001489994,1.7374946001489993,,,,
6.092034,927,1079.0,0.2576096001489994,0.5535866001489994,0.8495636001489993,1.9348126001489994,,,,
6.093113,927,1079.0,0.3562686001489994,0.5535866001489994,0.9482226001489994,2.1321306001489995,,,,
6.094192,927,1079.0,0.3562686001489994,0.5535866001489994,1.1455406001489994,2.428107600148999,,,,
6.095271,927,1079.0,0.2576096001489994,0.5535866001489994,1.1455406001489994,2.5267666001489992,,,,
6.09635,927,1079.0,0.3562686001489994,0.6522456001489993,1.2441996001489994,2.5267666001489992,,,,
6.097429,927,1079.0,0.4549276001489994,0.6522456001489993,1.2441996001489994,2.6254256001489993,,,,
6.098508,927,1079.0,0.4549276001489994,0.7509046001489994,1.2441996001489994,2.5267666001489992,,,,
6.099587,927,1079.0,0.4549276001489994,0.7509046001489994,1.2441996001489994,2.5267666001489992,,,,
6.100666,927,1079.0,0.4549276001489994,0.6522456001489993,1.2441996001489994,2.6254256001489993,,,,
6.101745,927,1079.0,0.3562686001489994,0.5535866001489994,1.2441996001489994,2.5267666001489992,,,,
6.102824,927,1079.0,0.3562686001489994,0.5535866001489994,1.2441996001489994,2.5267666001489992,,,,
6.103903,927,1079.0,0.3562686001489994,0.5535866001489994,1.1455406001489994,2.329448600148999,,,,
6.104982,927,1079.0,0.3562686001489994,0.5535866001489994,1.0468816001489993,2.1321306001489995,,,,
6.106061,927,1079.0,0.2576096001489994,0.5535866001489994,1.0468816001489993,2.1321306001489995,,,,
6.10714,927,1079.0,0.2576096001489994,0.4549276001489994,0.9482226001489994,2.0334716001489994,,,,
6.108219,927,1079.0,0.1589506001489994,0.4549276001489994,1.0468816001489993,2.2307896001489995,,,,
6.109298,927,1079.0,0.1589506001489994,0.4549276001489994,1.0468816001489993,2.329448600148999,,,,
6.110377,927,1079.0,0.2576096001489994,0.5535866001489994,1.1455406001489994,2.329448600148999,,,,
6.111456,927,1079.0,0.3562686001489994,0.5535866001489994,1.0468816001489993,2.329448600148999,,,,
6.112535,927,1079.0,0.3562686001489994,0.5535866001489994,1.1455406001489994,2.329448600148999,,,,
6.113614,927,1079.0,0.3562686001489994,0.6522456001489993,1.2441996001489994,2.428107600148999,,,,
6.114693,927,1079.0,0.3562686001489994,0.6522456001489993,1.2441996001489994,2.6254256001489993,,,,
6.115772,927,1079.0,0.3562686001489994,0.6522456001489993,1.3428586001489993,2.8227436001489994,,,,
6.116851,927,1079.0,0.4549276001489994,0.6522456001489993,1.4415176001489993,2.9214026001489994,,,,
6.11793,927,1079.0,0.5535866001489994,0.7509046001489994,1.3428586001489993,2.8227436001489994,,,,
6.119009,927,1079.0,0.4549276001489994,0.7509046001489994,1.2441996001489994,2.6254256001489993,,,,
6.120088,927,1079.0,0.4549276001489994,0.7509046001489994,1.2441996001489994,2.5267666001489992,,,,
6.121167,927,1079.0,0.4549276001489994,0.6522456001489993,1.1455406001489994,2.5267666001489992,,,,
6.122246,927,1079.0,0.3562686001489994,0.5535866001489994,1.2441996001489994,2.5267666001489992,,,,
6.123325,927,1079.0,0.2576096001489994,0.5535866001489994,1.1455406001489994,2.329448600148999,,,,
6.124404,927,1079.0,0.2576096001489994,0.5535866001489994,1.0468816001489993,2.2307896001489995,,,,
6.125483,927,1079.0,0.2576096001489994,0.4549276001489994,0.8495636001489993,2.0334716001489994,,,,
6.126562,927,1079.0,0.2576096001489994,0.4549276001489994,0.8495636001489993,1.8361536001489993,,,,
6.127641,927,1079.0,0.1589506001489994,0.4549276001489994,0.8495636001489993,1.8361536001489993,,,,
6.12872,927,1079.0,0.1589506001489994,0.4549276001489994,0.9482226001489994,1.9348126001489994,,,,
6.129799,927,1079.0,0.2576096001489994,0.3562686001489994,0.9482226001489994,2.1321306001489995,,,,
6.130878,927,1079.0,0.2576096001489994,0.4549276001489994,0.9482226001489994,2.1321306001489995,,,,
6.131957,927,1079.0,0.2576096001489994,0.5535866001489994,0.9482226001489994,2.0334716001489994,,,,
6.133036,927,1079.0,0.3562686001489994,0.5535866001489994,0.9482226001489994,2.0334716001489994,,,,
6.134115,927,1079.0,0.3562686001489994,0.5535866001489994,0.9482226001489994,2.0334716001489994,,,,
6.135194,927,1079.0,0.3562686001489994,0.5535866001489994,1.0468816001489993,2.1321306001489995,,,,
6.136273,927,1079.0,0.3562686001489994,0.6522456001489993,1.1455406001489994,2.428107600148999,,,,
6.137352,927,1079.0,0.4549276001489994,0.5535866001489994,1.1455406001489994,2.428107600148999,,,,
6.138431,927,1079.0,0.4549276001489994,0.5535866001489994,1.0468816001489993,2.2307896001489995,,,,
6.13951,927,1079.0,0.4549276001489994,0.5535866001489994,0.8495636001489993,2.0334716001489994,,,,
6.140589,927,1079.0,0.3562686001489994,0.5535866001489994,0.7509046001489994,1.7374946001489993,,,,
6.141668,927,1079.0,0.3562686001489994,0.4549276001489994,0.7509046001489994,1.6388356001489994,,,,
6.142747,927,1079.0,0.2576096001489994,0.3562686001489994,0.7509046001489994,1.6388356001489994,,,,
6.143826,927,1079.0,0.2576096001489994,0.2576096001489994,0.6522456001489993,1.5401766001489994,,,,
6.144905,927,1079.0,0.1589506001489994,0.2576096001489994,0.5535866001489994,1.3428586001489993,,,,
6.145984,927,1079.0,0.1589506001489994,0.2576096001489994,0.4549276001489994,1.1455406001489994,,,,
6.147063,927,1079.0,0.1589506001489994,0.1589506001489994,0.3562686001489994,0.9482226001489994,,,,
6.148142,927,1079.0,0.2576096001489994,0.1589506001489994,0.3562686001489994,1.0468816001489993,,,,
6.149221,927,1079.0,0.1589506001489994,0.2576096001489994,0.3562686001489994,1.1455406001489994,,,,
6.1503,927,1079.0,0.1589506001489994,0.1589506001489994,0.4549276001489994,1.2441996001489994,,,,
6.151379,927,1079.0,0.1589506001489994,0.1589506001489994,0.5535866001489994,1.3428586001489993,,,,
6.152458,927,1079.0,0.2576096001489994,0.1589506001489994,0.4549276001489994,1.2441996001489994,,,,
6.153537,927,1079.0,0.2576096001489994,0.2576096001489994,0.4549276001489994,1.1455406001489994,,,,
6.154616,927,1079.0,0.3562686001489994,0.2576096001489994,0.3562686001489994,1.0468816001489993,,,,
6.155695,927,1079.0,0.3562686001489994,0.2576096001489994,0.4549276001489994,1.2441996001489994,,,,
6.156774,927,1079.0,0.3562686001489994,0.3562686001489994,0.5535866001489994,1.4415176001489993,,,,
6.157853,927,1079.0,0.3562686001489994,0.2576096001489994,0.5535866001489994,1.4415176001489993,,,,
6.158932,927,1079.0,0.2576096001489994,0.2576096001489994,0.4549276001489994,1.1455406001489994,,,,
6.160011,927,1079.0,0.2576096001489994,0.2576096001489994,0.2576096001489994,0.8495636001489993,,,,
6.16109,927,1079.0,0.2576096001489994,0.1589506001489994,0.1589506001489994,0.6522456001489993,,,,
6.162169,927,1079.0,0.2576096001489994,0.1589506001489994,0.060291600148999404,0.5535866001489994,,,,
6.163248,927,1079.0,0.2576096001489994,0.060291600148999404,0.060291600148999404,0.6522456001489993,,,,
6.164327,927,1079.0,0.060291600148999404,0.060291600148999404,0.060291600148999404,0.5535866001489994,,,,
6.165406,927,1079.0,0.060291600148999404,-0.03836739985100059,-0.03836739985100059,0.3562686001489994,,,,
6.166485,927,1079.0,0.060291600148999404,-0.03836739985100059,-0.1370263998510006,0.1589506001489994,,,,
6.167564,927,1079.0,0.060291600148999404,-0.03836739985100059,-0.2356853998510006,0.060291600148999404,,,,
6.168643,927,1079.0,0.060291600148999404,-0.03836739985100059,-0.2356853998510006,0.1589506001489994,,,,
6.169722,927,1079.0,0.060291600148999404,-0.03836739985100059,-0.1370263998510006,0.2576096001489994,,,,
6.170801,927,1079.0,0.060291600148999404,-0.03836739985100059,-0.03836739985100059,0.3562686001489994,,,,
6.17188,927,1079.0,0.1589506001489994,-0.03836739985100059,-0.03836739985100059,0.4549276001489994,,,,
6.172959,927,1079.0,0.1589506001489994,-0.03836739985100059,-0.03836739985100059,0.3562686001489994,,,,
6.174038,927,1079.0,0.1589506001489994,0.060291600148999404,-0.1370263998510006,0.2576096001489994,,,,
6.175117,927,1079.0,0.2576096001489994,0.060291600148999404,-0.1370263998510006,0.3562686001489994,,,,
6.176196,927,1079.0,0.2576096001489994,0.1589506001489994,-0.03836739985100059,0.4549276001489994,,,,
6.177275,927,1079.0,0.2576096001489994,0.060291600148999404,-0.03836739985100059,0.4549276001489994,,,,
6.178354,927,1079.0,0.2576096001489994,-0.03836739985100059,-0.03836739985100059,0.4549276001489994,,,,
6.179433,927,1079.0,0.1589506001489994,0.060291600148999404,-0.1370263998510006,0.2576096001489994,,,,
6.180512,927,1079.0,0.1589506001489994,-0.03836739985100059,-0.2356853998510006,0.060291600148999404,,,,
6.181591,927,1079.0,0.1589506001489994,-0.03836739985100059,-0.33434439985100056,-0.1370263998510006,,,,
6.18267,927,1079.0,0.1589506001489994,-0.03836739985100059,-0.43300339985100056,-0.2356853998510006,,,,
6.183749,927,1079.0,0.1589506001489994,-0.1370263998510006,-0.43300339985100056,-0.2356853998510006,,,,
6.184828,927,1079.0,0.060291600148999404,-0.2356853998510006,-0.43300339985100056,-0.2356853998510006,,,,
6.185907,927,1079.0,-0.03836739985100059,-0.33434439985100056,-0.5316623998510006,-0.33434439985100056,,,,
6.186986,927,1079.0,-0.03836739985100059,-0.2356853998510006,-0.5316623998510006,-0.43300339985100056,,,,
6.188065,927,1079.0,0.060291600148999404,-0.2356853998510006,-0.5316623998510006,-0.43300339985100056,,,,
6.189144,927,1079.0,0.060291600148999404,-0.1370263998510006,-0.5316623998510006,-0.43300339985100056,,,,
6.190223,927,1079.0,0.1589506001489994,-0.1370263998510006,-0.43300339985100056,-0.2356853998510006,,,,
6.191302,927,1079.0,0.1589506001489994,-0.1370263998510006,-0.33434439985100056,-0.03836739985100059,,,,
6.192381,927,1079.0,0.1589506001489994,-0.1370263998510006,-0.2356853998510006,0.060291600148999404,,,,
6.19346,927,1079.0,0.1589506001489994,-0.1370263998510006,-0.33434439985100056,-0.03836739985100059,,,,
6.194539,927,1079.0,0.1589506001489994,-0.03836739985100059,-0.2356853998510006,0.060291600148999404,,,,
6.195618,927,1079.0,0.2576096001489994,0.060291600148999404,-0.2356853998510006,0.060291600148999404,,,,
6.196697,927,1079.0,0.2576096001489994,-0.03836739985100059,-0.2356853998510006,0.060291600148999404,,,,
6.197776,927,1079.0,0.2576096001489994,-0.03836739985100059,-0.2356853998510006,0.060291600148999404,,,,
6.198855,927,1079.0,0.1589506001489994,-0.1370263998510006,-0.2356853998510006,0.1589506001489994,,,,
6.199934,927,1079.0,0.1589506001489994,-0.1370263998510006,-0.33434439985100056,-0.03836739985100059,,,,
6.201013,927,1079.0,0.1589506001489994,-0.1370263998510006,-0.43300339985100056,-0.1370263998510006,,,,
6.202092,927,1079.0,0.1589506001489994,-0.1370263998510006,-0.43300339985100056,-0.33434439985100056,,,,
6.203171,927,1079.0,0.1589506001489994,-0.1370263998510006,-0.5316623998510006,-0.43300339985100056,,,,
6.20425,927,1079.0,0.060291600148999404,-0.2356853998510006,-0.5316623998510006,-0.33434439985100056,,,,
6.205329,927,1079.0,-0.03836739985100059,-0.2356853998510006,-0.5316623998510006,-0.33434439985100056,,,,
6.206408,927,1079.0,-0.03836739985100059,-0.33434439985100056,-0.43300339985100056,-0.33434439985100056,,,,
6.207487,927,1079.0,-0.03836739985100059,-0.2356853998510006,-0.43300339985100056,-0.2356853998510006,,,,
6.208566,927,1079.0,0.060291600148999404,-0.1370263998510006,-0.43300339985100056,-0.2356853998510006,,,,
6.209645,927,1079.0,0.060291600148999404,-0.03836739985100059,-0.43300339985100056,-0.2356853998510006,,,,
6.210724,927,1079.0,0.1589506001489994,-0.03836739985100059,-0.33434439985100056,-0.1370263998510006,,,,
6.211803,927,1079.0,0.1589506001489994,-0.03836739985100059,-0.2356853998510006,0.1589506001489994,,,,
6.212882,927,1079.0,0.1589506001489994,-0.03836739985100059,-0.1370263998510006,0.3562686001489994,,,,
6.213961,927,1079.0,0.1589506001489994,-0.03836739985100059,-0.03836739985100059,0.4549276001489994,,,,
6.21504,927,1079.0,0.2576096001489994,0.060291600148999404,-0.03836739985100059,0.4549276001489994,,,,
6.216119,927,1079.0,0.3562686001489994,0.1589506001489994,-0.03836739985100059,0.4549276001489994,,,,
6.217198,927,1079.0,0.2576096001489994,0.060291600148999404,-0.03836739985100059,0.3562686001489994,,,,
6.218277,927,1079.0,0.2576096001489994,0.060291600148999404,-0.03836739985100059,0.3562686001489994,,,,
6.219356,927,1079.0,0.2576096001489994,0.060291600148999404,-0.03836739985100059,0.4549276001489994,,,,
6.220435,927,1079.0,0.1589506001489994,-0.03836739985100059,-0.03836739985100059,0.3562686001489994,,,,
6.221514,927,1079.0,0.1589506001489994,-0.03836739985100059,-0.03836739985100059,0.3562686001489994,,,,
6.222593,927,1079.0,0.1589506001489994,0.060291600148999404,-0.1370263998510006,0.1589506001489994,,,,
6.223672,927,1079.0,0.1589506001489994,-0.03836739985100059,-0.2356853998510006,0.060291600148999404,,,,
6.224751,927,1079.0,0.060291600148999404,-0.03836739985100059,-0.2356853998510006,0.060291600148999404,,,,
6.22583,927,1079.0,0.060291600148999404,-0.03836739985100059,-0.1370263998510006,0.2576096001489994,,,,
6.226909,927,1079.0,0.060291600148999404,-0.03836739985100059,-0.03836739985100059,0.4549276001489994,,,,
6.227988,927,1079.0,0.060291600148999404,-0.03836739985100059,0.060291600148999404,0.5535866001489994,,,,
6.229067,927,1079.0,0.1589506001489994,0.060291600148999404,0.060291600148999404,0.5535866001489994,,,,
6.230146,927,1079.0,0.2576096001489994,0.1589506001489994,0.060291600148999404,0.6522456001489993,,,,
6.231225,927,1079.0,0.2576096001489994,0.1589506001489994,0.1589506001489994,0.7509046001489994,,,,
6.232304,927,1079.0,0.2576096001489994,0.1589506001489994,0.2576096001489994,0.8495636001489993,,,,
6.233383,927,1079.0,0.2576096001489994,0.1589506001489994,0.3562686001489994,1.0468816001489993,,,,
6.234462,927,1079.0,0.2576096001489994,0.2576096001489994,0.4549276001489994,1.3428586001489993,,,,
6.235541,927,1079.0,0.2576096001489994,0.3562686001489994,0.5535866001489994,1.3428586001489993,,,,
6.23662,927,1079.0,0.3562686001489994,0.3562686001489994,0.4549276001489994,1.2441996001489994,,,,
6.237699,927,1079.0,0.3562686001489994,0.3562686001489994,0.4549276001489994,1.1455406001489994,,,,
6.238778,927,1079.0,0.2576096001489994,0.3562686001489994,0.3562686001489994,1.1455406001489994,,,,
6.239857,927,1079.0,0.2576096001489994,0.2576096001489994,0.4549276001489994,1.2441996001489994,,,,
6.240936,927,1079.0,0.1589506001489994,0.2576096001489994,0.4549276001489994,1.2441996001489994,,,,
6.242015,927,1079.0,0.2576096001489994,0.2576096001489994,0.4549276001489994,1.2441996001489994,,,,
6.243094,927,1079.0,0.1589506001489994,0.2576096001489994,0.3562686001489994,1.0468816001489993,,,,
6.244173,927,1079.0,0.1589506001489994,0.2576096001489994,0.3562686001489994,0.9482226001489994,,,,
6.245252,927,1079.0,0.1589506001489994,0.2576096001489994,0.3562686001489994,0.9482226001489994,,,,
6.246331,927,1079.0,0.1589506001489994,0.2576096001489994,0.4549276001489994,1.1455406001489994,,,,
6.24741,927,1079.0,0.1589506001489994,0.2576096001489994,0.5535866001489994,1.4415176001489993,,,,
6.248489,927,1079.0,0.1589506001489994,0.2576096001489994,0.6522456001489993,1.6388356001489994,,,,
6.249568,927,1079.0,0.2576096001489994,0.3562686001489994,0.7509046001489994,1.6388356001489994,,,,
6.250647,927,1079.0,0.3562686001489994,0.3562686001489994,0.7509046001489994,1.7374946001489993,,,,
6.251726,927,1079.0,0.3562686001489994,0.4549276001489994,0.7509046001489994,1.7374946001489993,,,,
6.252805,927,1079.0,0.3562686001489994,0.5535866001489994,0.8495636001489993,1.9348126001489994,,,,
6.253884,927,1079.0,0.3562686001489994,0.5535866001489994,0.9482226001489994,2.2307896001489995,,,,
6.254963,927,1079.0,0.4549276001489994,0.5535866001489994,1.0468816001489993,2.428107600148999,,,,
6.256042,927,1079.0,0.4549276001489994,0.5535866001489994,1.0468816001489993,2.329448600148999,,,,
6.257121,927,1079.0,0.3562686001489994,0.6522456001489993,1.0468816001489993,2.2307896001489995,,,,
6.2582,927,1079.0,0.3562686001489994,0.6522456001489993,0.9482226001489994,2.0334716001489994,,,,
6.259279,927,1079.0,0.3562686001489994,0.5535866001489994,0.8495636001489993,2.0334716001489994,,,,
6.260358,927,1079.0,0.3562686001489994,0.5535866001489994,0.8495636001489993,2.0334716001489994,,,,
6.261437,927,1079.0,0.2576096001489994,0.4549276001489994,0.9482226001489994,2.1321306001489995,,,,
6.262516,927,1079.0,0.2576096001489994,0.4549276001489994,0.9482226001489994,2.1321306001489995,,,,
6.263595,927,1079.0,0.1589506001489994,0.4549276001489994,0.8495636001489993,1.9348126001489994,,,,
6.264674,927,1079.0,0.1589506001489994,0.4549276001489994,0.8495636001489993,1.7374946001489993,,,,
6.265753,927,1079.0,0.1589506001489994,0.4549276001489994,0.8495636001489993,1.7374946001489993,,,,
6.266832,927,1079.0,0.2576096001489994,0.4549276001489994,0.9482226001489994,1.9348126001489994,,,,
6.267911,927,1079.0,0.2576096001489994,0.4549276001489994,0.9482226001489994,2.2307896001489995,,,,
6.26899,927,1079.0,0.2576096001489994,0.4549276001489994,1.1455406001489994,2.428107600148999,,,,
6.270069,927,1079.0,0.2576096001489994,0.5535866001489994,1.2441996001489994,2.428107600148999,,,,
6.271148,927,1079.0,0.3562686001489994,0.6522456001489993,1.1455406001489994,2.428107600148999,,,,
6.272227,927,1079.0,0.3562686001489994,0.6522456001489993,1.1455406001489994,2.329448600148999,,,,
6.273306,927,1079.0,0.4549276001489994,0.7509046001489994,1.2441996001489994,2.6254256001489993,,,,
6.274385,927,1079.0,0.4549276001489994,0.7509046001489994,1.3428586001489993,2.8227436001489994,,,,
6.275464,927,1079.0,0.4549276001489994,0.7509046001489994,1.3428586001489993,2.8227436001489994,,,,
6.276543,927,1079.0,0.4549276001489994,0.6522456001489993,1.3428586001489993,2.8227436001489994,,,,
6.277622,927,1079.0,0.4549276001489994,0.6522456001489993,1.2441996001489994,2.6254256001489993,,,,
6.278701,927,1079.0,0.3562686001489994,0.6522456001489993,1.1455406001489994,2.428107600148999,,,,
6.27978,927,1079.0,0.3562686001489994,0.6522456001489993,1.1455406001489994,2.329448600148999,,,,
6.280859,927,1079.0,0.3562686001489994,0.5535866001489994,1.0468816001489993,2.329448600148999,,,,
6.281938,927,1079.0,0.2576096001489994,0.5535866001489994,1.0468816001489993,2.428107600148999,,,,
6.283017,927,1079.0,0.2576096001489994,0.4549276001489994,1.1455406001489994,2.329448600148999,,,,
6.284096,927,1079.0,0.1589506001489994,0.4549276001489994,1.0468816001489993,2.1321306001489995,,,,
6.285175,927,1079.0,0.2576096001489994,0.5535866001489994,0.9482226001489994,2.0334716001489994,,,,
6.286254,927,1079.0,0.2576096001489994,0.5535866001489994,0.9482226001489994,2.1321306001489995,,,,
6.287333,927,1079.0,0.2576096001489994,0.5535866001489994,1.0468816001489993,2.2307896001489995,,,,
6.288412,927,1079.0,0.3562686001489994,0.5535866001489994,1.1455406001489994,2.428107600148999,,,,
6.289491,927,1079.0,0.2576096001489994,0.5535866001489994,1.2441996001489994,2.5267666001489992,,,,
6.29057,927,1079.0,0.3562686001489994,0.6522456001489993,1.2441996001489994,2.5267666001489992,,,,
6.291649,927,1079.0,0.3562686001489994,0.6522456001489993,1.1455406001489994,2.428107600148999,,,,
6.292728,927,1079.0,0.4549276001489994,0.6522456001489993,1.1455406001489994,2.5267666001489992,,,,
6.293807,927,1079.0,0.4549276001489994,0.7509046001489994,1.2441996001489994,2.5267666001489992,,,,
6.294886,927,1079.0,0.4549276001489994,0.7509046001489994,1.2441996001489994,2.6254256001489993,,,,
6.295965,927,1079.0,0.3562686001489994,0.6522456001489993,1.2441996001489994,2.5267666001489992,,,,
6.297044,927,1079.0,0.3562686001489994,0.5535866001489994,1.2441996001489994,2.5267666001489992,,,,
6.298123,927,1079.0,0.2576096001489994,0.5535866001489994,1.0468816001489993,2.2307896001489995,,,,
6.299202,927,1079.0,0.2576096001489994,0.5535866001489994,0.9482226001489994,2.0334716001489994,,,,
6.300281,927,1079.0,0.3562686001489994,0.5535866001489994,0.8495636001489993,1.9348126001489994,,,,
6.30136,927,1079.0,0.2576096001489994,0.4549276001489994,0.8495636001489993,1.8361536001489993,,,,
6.302439,927,1079.0,0.1589506001489994,0.4549276001489994,0.8495636001489993,1.9348126001489994,,,,
6.303518,927,1079.0,0.1589506001489994,0.3562686001489994,0.7509046001489994,1.7374946001489993,,,,
6.304597,927,1079.0,0.1589506001489994,0.3562686001489994,0.7509046001489994,1.6388356001489994,,,,
6.305676,927,1079.0,0.1589506001489994,0.3562686001489994,0.7509046001489994,1.6388356001489994,,,,
6.306755,927,1079.0,0.2576096001489994,0.4549276001489994,0.7509046001489994,1.6388356001489994,,,,
6.307834,927,1079.0,0.2576096001489994,0.4549276001489994,0.7509046001489994,1.6388356001489994,,,,
6.308913,927,1079.0,0.2576096001489994,0.4549276001489994,0.7509046001489994,1.7374946001489993,,,,
6.309992,927,1079.0,0.2576096001489994,0.4549276001489994,0.8495636001489993,1.9348126001489994,,,,
6.311071,927,1079.0,0.3562686001489994,0.4549276001489994,0.8495636001489993,1.9348126001489994,,,,
6.31215,927,1079.0,0.3562686001489994,0.4549276001489994,0.8495636001489993,1.9348126001489994,,,,
6.313229,927,1079.0,0.4549276001489994,0.5535866001489994,0.8495636001489993,1.9348126001489994,,,,
6.314308,927,1079.0,0.4549276001489994,0.5535866001489994,0.8495636001489993,1.7374946001489993,,,,
6.315387,927,1079.0,0.4549276001489994,0.4549276001489994,0.7509046001489994,1.6388356001489994,,,,
6.316466,927,1079.0,0.3562686001489994,0.4549276001489994,0.7509046001489994,1.6388356001489994,,,,
6.317545,927,1079.0,0.2576096001489994,0.2576096001489994,0.6522456001489993,1.5401766001489994,,,,
6.318624,927,1079.0,0.2576096001489994,0.2576096001489994,0.5535866001489994,1.4415176001489993,,,,
6.319703,927,1079.0,0.2576096001489994,0.2576096001489994,0.4549276001489994,1.2441996001489994,,,,
6.320782,927,1079.0,0.1589506001489994,0.2576096001489994,0.3562686001489994,0.9482226001489994,,,,
6.321861,927,1079.0,0.1589506001489994,0.1589506001489994,0.2576096001489994,0.8495636001489993,,,,
6.32294,927,1079.0,0.060291600148999404,0.060291600148999404,0.2576096001489994,0.8495636001489993,,,,
6.324019,927,1079.0,0.060291600148999404,0.060291600148999404,0.2576096001489994,0.8495636001489993,,,,
6.325098,927,1079.0,0.060291600148999404,0.060291600148999404,0.2576096001489994,0.9482226001489994,,,,
6.326177,927,1079.0,0.1589506001489994,0.060291600148999404,0.2576096001489994,0.8495636001489993,,,,
6.327256,927,1079.0,0.1589506001489994,0.1589506001489994,0.1589506001489994,0.7509046001489994,,,,
6.328335,927,1079.0,0.2576096001489994,0.1589506001489994,0.2576096001489994,0.7509046001489994,,,,
6.329414,927,1079.0,0.2576096001489994,0.2576096001489994,0.2576096001489994,0.8495636001489993,,,,
6.330493,927,1079.0,0.2576096001489994,0.1589506001489994,0.2576096001489994,0.9482226001489994,,,,
6.331572,927,1079.0,0.2576096001489994,0.1589506001489994,0.3562686001489994,1.0468816001489993,,,,
6.332651,927,1079.0,0.2576096001489994,0.2576096001489994,0.3562686001489994,1.0468816001489993,,,,
6.33373,927,1079.0,0.3562686001489994,0.2576096001489994,0.2576096001489994,0.9482226001489994,,,,
6.334809,927,1079.0,0.3562686001489994,0.2576096001489994,0.2576096001489994,0.7509046001489994,,,,
6.335888,927,1079.0,0.2576096001489994,0.2576096001489994,0.060291600148999404,0.5535866001489994,,,,
6.336967,927,1079.0,0.2576096001489994,0.060291600148999404,0.060291600148999404,0.5535866001489994,,,,
6.338046,927,1079.0,0.1589506001489994,0.060291600148999404,0.060291600148999404,0.5535866001489994,,,,
6.339125,927,1079.0,0.1589506001489994,-0.03836739985100059,-0.03836739985100059,0.4549276001489994,,,,
6.340204,927,1079.0,0.1589506001489994,-0.03836739985100059,-0.1370263998510006,0.1589506001489994,,,,
6.341283,927,1079.0,0.060291600148999404,-0.03836739985100059,-0.2356853998510006,-0.03836739985100059,,,,
6.342362,927,1079.0,0.060291600148999404,-0.1370263998510006,-0.33434439985100056,-0.1370263998510006,,,,
6.343441,927,1079.0,0.060291600148999404,-0.1370263998510006,-0.33434439985100056,-0.1370263998510006,,,,
6.34452,927,1079.0,0.060291600148999404,-0.2356853998510006,-0.2356853998510006,0.060291600148999404,,,,
6.345599,927,1079.0,0.060291600148999404,-0.1370263998510006,-0.2356853998510006,0.060291600148999404,,,,
6.346678,927,1079.0,0.060291600148999404,-0.1370263998510006,-0.2356853998510006,0.1589506001489994,,,,
6.347757,927,1079.0,0.1589506001489994,-0.1370263998510006,-0.2356853998510006,0.060291600148999404,,,,
6.348836,927,1079.0,0.1589506001489994,-0.03836739985100059,-0.2356853998510006,-0.03836739985100059,,,,
6.349915,927,1079.0,0.1589506001489994,-0.03836739985100059,-0.2356853998510006,0.060291600148999404,,,,
6.350994,927,1079.0,0.1589506001489994,-0.03836739985100059,-0.1370263998510006,0.2576096001489994,,,,
6.352073,927,1079.0,0.2576096001489994,-0.03836739985100059,-0.03836739985100059,0.3562686001489994,,,,
6.353152,927,1079.0,0.2576096001489994,0.060291600148999404,-0.03836739985100059,0.4549276001489994,,,,
6.354231,927,1079.0,0.2576096001489994,0.060291600148999404,-0.1370263998510006,0.2576096001489994,,,,
6.35531,927,1079.0,0.2576096001489994,-0.03836739985100059,-0.2356853998510006,-0.03836739985100059,,,,
6.356389,927,1079.0,0.2576096001489994,-0.03836739985100059,-0.33434439985100056,-0.03836739985100059,,,,
6.357468,927,1079.0,0.1589506001489994,-0.1370263998510006,-0.43300339985100056,-0.1370263998510006,,,,
6.358547,927,1079.0,0.1589506001489994,-0.2356853998510006,-0.33434439985100056,-0.03836739985100059,,,,
6.359626,927,1079.0,0.060291600148999404,-0.2356853998510006,-0.33434439985100056,-0.1370263998510006,,,,
6.360705,927,1079.0,0.060291600148999404,-0.2356853998510006,-0.43300339985100056,-0.2356853998510006,,,,
6.361784,927,1079.0,0.060291600148999404,-0.2356853998510006,-0.5316623998510006,-0.5316623998510006,,,,
6.362863,927,1079.0,0.060291600148999404,-0.2356853998510006,-0.6303213998510006,-0.6303213998510006,,,,
6.363942,927,1079.0,-0.03836739985100059,-0.2356853998510006,-0.6303213998510006,-0.5316623998510006,,,,
6.365021,927,1079.0,0.060291600148999404,-0.2356853998510006,-0.5316623998510006,-0.33434439985100056,,,,
6.3661,927,1079.0,0.060291600148999404,-0.2356853998510006,-0.43300339985100056,-0.1370263998510006,,,,
6.367179,927,1079.0,0.060291600148999404,-0.2356853998510006,-0.33434439985100056,-0.1370263998510006,,,,
6.368258,927,1079.0,0.1589506001489994,-0.1370263998510006,-0.33434439985100056,-0.1370263998510006,,,,
6.369337,927,1079.0,0.1589506001489994,-0.1370263998510006,-0.43300339985100056,-0.1370263998510006,,,,
6.370416,927,1079.0,0.1589506001489994,-0.03836739985100059,-0.33434439985100056,-0.1370263998510006,,,,
6.371495,927,1079.0,0.2576096001489994,-0.03836739985100059,-0.2356853998510006,0.1589506001489994,,,,
6.372574,927,1079.0,0.2576096001489994,-0.03836739985100059,-0.1370263998510006,0.3562686001489994,,,,
6.373653,927,1079.0,0.2576096001489994,-0.03836739985100059,-0.1370263998510006,0.3562686001489994,,,,
6.374732,927,1079.0,0.2576096001489994,-0.03836739985100059,-0.1370263998510006,0.1589506001489994,,,,
6.375811,927,1079.0,0.1589506001489994,-0.03836739985100059,-0.33434439985100056,-0.03836739985100059,,,,
6.37689,927,1079.0,0.1589506001489994,-0.03836739985100059,-0.33434439985100056,-0.1370263998510006,,,,
6.377969,927,1079.0,0.1589506001489994,-0.1370263998510006,-0.33434439985100056,-0.1370263998510006,,,,
6.379048,927,1079.0,0.1589506001489994,-0.1370263998510006,-0.33434439985100056,-0.03836739985100059,,,,
6.380127,927,1079.0,0.060291600148999404,-0.2356853998510006,-0.33434439985100056,-0.03836739985100059,,,,
6.381206,927,1079.0,0.060291600148999404,-0.2356853998510006,-0.33434439985100056,-0.1370263998510006,,,,
6.382285,927,1079.0,0.060291600148999404,-0.2356853998510006,-0.43300339985100056,-0.33434439985100056,,,,
6.383364,927,1079.0,0.060291600148999404,-0.1370263998510006,-0.43300339985100056,-0.33434439985100056,,,,
6.384443,927,1079.0,0.060291600148999404,-0.1370263998510006,-0.33434439985100056,-0.1370263998510006,,,,
6.385522,927,1079.0,0.060291600148999404,-0.1370263998510006,-0.2356853998510006,0.060291600148999404,,,,
6.386601,927,1079.0,0.1589506001489994,-0.1370263998510006,-0.1370263998510006,0.2576096001489994,,,,
6.38768,927,1079.0,0.1589506001489994,-0.03836739985100059,-0.1370263998510006,0.3562686001489994,,,,
6.388759,927,1079.0,0.1589506001489994,0.060291600148999404,-0.03836739985100059,0.3562686001489994,,,,
6.389838,927,1079.0,0.1589506001489994,0.060291600148999404,-0.1370263998510006,0.3562686001489994,,,,
6.390917,927,1079.0,0.2576096001489994,0.1589506001489994,0.060291600148999404,0.4549276001489994,,,,
6.391996,927,1079.0,0.2576096001489994,0.2576096001489994,0.060291600148999404,0.6522456001489993,,,,
6.393075,927,1079.0,0.3562686001489994,0.1589506001489994,0.2576096001489994,0.8495636001489993,,,,
6.394154,927,1079.0,0.2576096001489994,0.060291600148999404,0.1589506001489994,0.8495636001489993,,,,
6.395233,927,1079.0,0.2576096001489994,0.1589506001489994,0.1589506001489994,0.7509046001489994,,,,
6.396312,927,1079.0,0.2576096001489994,0.060291600148999404,0.060291600148999404,0.5535866001489994,,,,
6.397391,927,1079.0,0.2576096001489994,0.060291600148999404,-0.03836739985100059,0.5535866001489994,,,,
6.39847,927,1079.0,0.2576096001489994,0.060291600148999404,-0.03836739985100059,0.5535866001489994,,,,
6.399549,927,1079.0,0.1589506001489994,0.060291600148999404,0.060291600148999404,0.5535866001489994,,,,
6.400628,927,1079.0,0.1589506001489994,-0.03836739985100059,0.060291600148999404,0.6522456001489993,,,,
6.401707,927,1079.0,0.060291600148999404,-0.03836739985100059,0.060291600148999404,0.5535866001489994,,,,
6.402786,927,1079.0,0.060291600148999404,-0.03836739985100059,0.060291600148999404,0.5535866001489994,,,,
6.403865,927,1079.0,0.1589506001489994,0.060291600148999404,0.1589506001489994,0.6522456001489993,,,,
6.404944,927,1079.0,0.1589506001489994,0.1589506001489994,0.1589506001489994,0.7509046001489994,,,,
6.406023,927,1079.0,0.2576096001489994,0.1589506001489994,0.2576096001489994,0.9482226001489994,,,,
6.407102,927,1079.0,0.2576096001489994,0.1589506001489994,0.3562686001489994,1.2441996001489994,,,,
6.408181,927,1079.0,0.2576096001489994,0.2576096001489994,0.4549276001489994,1.3428586001489993,,,,
6.40926,927,1079.0,0.2576096001489994,0.2576096001489994,0.4549276001489994,1.3428586001489993,,,,
6.410339,927,1079.0,0.2576096001489994,0.3562686001489994,0.5535866001489994,1.4415176001489993,,,,
6.411418,927,1079.0,0.4549276001489994,0.4549276001489994,0.5535866001489994,1.5401766001489994,,,,
6.412497,927,1079.0,0.4549276001489994,0.4549276001489994,0.7509046001489994,1.6388356001489994,,,,
6.413576,927,1079.0,0.3562686001489994,0.4549276001489994,0.7509046001489994,1.7374946001489993,,,,
6.414655,927,1079.0,0.2576096001489994,0.3562686001489994,0.7509046001489994,1.7374946001489993,,,,
6.415734,927,1079.0,0.2576096001489994,0.3562686001489994,0.6522456001489993,1.6388356001489994,,,,
6.416813,927,1079.0,0.2576096001489994,0.3562686001489994,0.6522456001489993,1.5401766001489994,,,,
6.417892,927,1079.0,0.2576096001489994,0.3562686001489994,0.5535866001489994,1.4415176001489993,,,,
6.418971,927,1079.0,0.2576096001489994,0.3562686001489994,0.5535866001489994,1.3428586001489993,,,,
6.42005,927,1079.0,0.2576096001489994,0.3562686001489994,0.5535866001489994,1.4415176001489993,,,,
6.421129,927,1079.0,0.1589506001489994,0.2576096001489994,0.5535866001489994,1.4415176001489993,,,,
6.422208,927,1079.0,0.1589506001489994,0.2576096001489994,0.6522456001489993,1.5401766001489994,,,,
6.423287,927,1079.0,0.1589506001489994,0.3562686001489994,0.6522456001489993,1.6388356001489994,,,,
6.424366,927,1079.0,0.2576096001489994,0.3562686001489994,0.7509046001489994,1.6388356001489994,,,,
6.425445,927,1079.0,0.2576096001489994,0.4549276001489994,0.7509046001489994,1.7374946001489993,,,,
6.426524,927,1079.0,0.3562686001489994,0.5535866001489994,0.8495636001489993,1.9348126001489994,,,,
6.427603,927,1079.0,0.2576096001489994,0.5535866001489994,0.9482226001489994,2.1321306001489995,,,,
6.428682,927,1079.0,0.3562686001489994,0.5535866001489994,0.9482226001489994,2.2307896001489995,,,,
6.429761,927,1079.0,0.3562686001489994,0.5535866001489994,1.0468816001489993,2.428107600148999,,,,
6.43084,927,1079.0,0.4549276001489994,0.5535866001489994,1.1455406001489994,2.5267666001489992,,,,
6.431919,927,1079.0,0.4549276001489994,0.6522456001489993,1.1455406001489994,2.428107600148999,,,,
6.432998,927,1079.0,0.4549276001489994,0.6522456001489993,1.1455406001489994,2.428107600148999,,,,
6.434077,927,1079.0,0.4549276001489994,0.6522456001489993,1.1455406001489994,2.329448600148999,,,,
6.435156,927,1079.0,0.3562686001489994,0.5535866001489994,1.1455406001489994,2.428107600148999,,,,
6.436235,927,1079.0,0.3562686001489994,0.4549276001489994,1.1455406001489994,2.428107600148999,,,,
6.437314,927,1079.0,0.2576096001489994,0.5535866001489994,1.0468816001489993,2.2307896001489995,,,,
6.438393,927,1079.0,0.2576096001489994,0.5535866001489994,1.0468816001489993,2.1321306001489995,,,,
6.439472,927,1079.0,0.2576096001489994,0.5535866001489994,0.9482226001489994,2.0334716001489994,,,,
6.440551,927,1079.0,0.2576096001489994,0.5535866001489994,0.8495636001489993,1.9348126001489994,,,,
6.44163,927,1079.0,0.1589506001489994,0.4549276001489994,0.9482226001489994,2.0334716001489994,,,,
6.442709,927,1079.0,0.1589506001489994,0.4549276001489994,1.0468816001489993,2.2307896001489995,,,,
6.443788,927,1079.0,0.2576096001489994,0.4549276001489994,1.0468816001489993,2.329448600148999,,,,
6.444867,927,1079.0,0.2576096001489994,0.5535866001489994,1.1455406001489994,2.329448600148999,,,,
6.445946,927,1079.0,0.3562686001489994,0.6522456001489993,1.1455406001489994,2.329448600148999,,,,
6.447025,927,1079.0,0.3562686001489994,0.6522456001489993,1.1455406001489994,2.329448600148999,,,,
6.448104,927,1079.0,0.3562686001489994,0.6522456001489993,1.1455406001489994,2.5267666001489992,,,,
6.449183,927,1079.0,0.3562686001489994,0.6522456001489993,1.3428586001489993,2.7240846001489993,,,,
6.450262,927,1079.0,0.4549276001489994,0.6522456001489993,1.4415176001489993,2.8227436001489994,,,,
6.451341,927,1079.0,0.4549276001489994,0.7509046001489994,1.3428586001489993,2.8227436001489994,,,,
6.45242,927,1079.0,0.4549276001489994,0.7509046001489994,1.2441996001489994,2.6254256001489993,,,,
6.453499,927,1079.0,0.4549276001489994,0.7509046001489994,1.2441996001489994,2.5267666001489992,,,,
6.454578,927,1079.0,0.4549276001489994,0.6522456001489993,1.1455406001489994,2.5267666001489992,,,,
6.455657,927,1079.0,0.3562686001489994,0.6522456001489993,1.1455406001489994,2.428107600148999,,,,
6.456736,927,1079.0,0.3562686001489994,0.5535866001489994,1.1455406001489994,2.428107600148999,,,,
6.457815,927,1079.0,0.2576096001489994,0.5535866001489994,1.0468816001489993,2.329448600148999,,,,
6.458894,927,1079.0,0.2576096001489994,0.5535866001489994,1.0468816001489993,2.1321306001489995,,,,
6.459973,927,1079.0,0.2576096001489994,0.5535866001489994,0.8495636001489993,1.9348126001489994,,,,
6.461052,927,1079.0,0.2576096001489994,0.4549276001489994,0.8495636001489993,1.8361536001489993,,,,
6.462131,927,1079.0,0.2576096001489994,0.4549276001489994,0.9482226001489994,2.0334716001489994,,,,
6.46321,927,1079.0,0.2576096001489994,0.4549276001489994,1.0468816001489993,2.2307896001489995,,,,
6.464289,927,1079.0,0.2576096001489994,0.4549276001489994,1.0468816001489993,2.2307896001489995,,,,
6.465368,927,1079.0,0.2576096001489994,0.5535866001489994,1.0468816001489993,2.2307896001489995,,,,
6.466447,927,1079.0,0.3562686001489994,0.5535866001489994,0.9482226001489994,2.1321306001489995,,,,
6.467526,927,1079.0,0.3562686001489994,0.5535866001489994,1.0468816001489993,2.1321306001489995,,,,
6.468605,927,1079.0,0.3562686001489994,0.5535866001489994,1.0468816001489993,2.2307896001489995,,,,
6.469684,927,1079.0,0.4549276001489994,0.6522456001489993,1.1455406001489994,2.5267666001489992,,,,
6.470763,927,1079.0,0.4549276001489994,0.6522456001489993,1.2441996001489994,2.5267666001489992,,,,
6.471842,927,1079.0,0.4549276001489994,0.6522456001489993,1.1455406001489994,2.428107600148999,,,,
6.472921,927,1079.0,0.3562686001489994,0.6522456001489993,0.9482226001489994,2.1321306001489995,,,,
6.474,927,1079.0,0.3562686001489994,0.6522456001489993,0.8495636001489993,1.9348126001489994,,,,
6.475079,927,1079.0,0.3562686001489994,0.4549276001489994,0.8495636001489993,1.8361536001489993,,,,
6.476158,927,1079.0,0.2576096001489994,0.4549276001489994,0.8495636001489993,1.8361536001489993,,,,
6.477237,927,1079.0,0.2576096001489994,0.4549276001489994,0.7509046001489994,1.8361536001489993,,,,
6.478316,927,1079.0,0.2576096001489994,0.3562686001489994,0.6522456001489993,1.6388356001489994,,,,
6.479395,927,1079.0,0.1589506001489994,0.2576096001489994,0.6522456001489993,1.4415176001489993,,,,
6.480474,927,1079.0,0.1589506001489994,0.2576096001489994,0.4549276001489994,1.2441996001489994,,,,
6.481553,927,1079.0,0.1589506001489994,0.2576096001489994,0.4549276001489994,1.2441996001489994,,,,
6.482632,927,1079.0,0.1589506001489994,0.2576096001489994,0.5535866001489994,1.3428586001489993,,,,
6.483711,927,1079.0,0.1589506001489994,0.3562686001489994,0.5535866001489994,1.4415176001489993,,,,
6.48479,927,1079.0,0.1589506001489994,0.2576096001489994,0.6522456001489993,1.5401766001489994,,,,
6.485869,927,1079.0,0.2576096001489994,0.2576096001489994,0.6522456001489993,1.5401766001489994,,,,
6.486948,927,1079.0,0.2576096001489994,0.3562686001489994,0.5535866001489994,1.4415176001489993,,,,
6.488027,927,1079.0,0.2576096001489994,0.3562686001489994,0.5535866001489994,1.3428586001489993,,,,
6.489106,927,1079.0,0.3562686001489994,0.4549276001489994,0.5535866001489994,1.4415176001489993,,,,
6.490185,927,1079.0,0.3562686001489994,0.3562686001489994,0.6522456001489993,1.6388356001489994,,,,
6.491264,927,1079.0,0.3562686001489994,0.3562686001489994,0.6522456001489993,1.6388356001489994,,,,
6.492343,927,1079.0,0.2576096001489994,0.3562686001489994,0.5535866001489994,1.4415176001489993,,,,
6.493422,927,1079.0,0.2576096001489994,0.2576096001489994,0.4549276001489994,1.2441996001489994,,,,
6.494501,927,1079.0,0.2576096001489994,0.2576096001489994,0.3562686001489994,0.9482226001489994,,,,
6.49558,927,1079.0,0.2576096001489994,0.2576096001489994,0.2576096001489994,0.8495636001489993,,,,
6.496659,927,1079.0,0.1589506001489994,0.1589506001489994,0.1589506001489994,0.8495636001489993,,,,
6.497738,927,1079.0,0.1589506001489994,0.1589506001489994,0.1589506001489994,0.7509046001489994,,,,
6.498817,927,1079.0,0.060291600148999404,0.060291600148999404,0.060291600148999404,0.6522456001489993,,,,
6.499896,927,1079.0,0.060291600148999404,-0.03836739985100059,-0.03836739985100059,0.4549276001489994,,,,
6.500975,927,1079.0,0.060291600148999404,-0.03836739985100059,-0.03836739985100059,0.3562686001489994,,,,
6.502054,927,1079.0,0.1589506001489994,0.060291600148999404,-0.03836739985100059,0.2576096001489994,,,,
6.503133,927,1079.0,0.1589506001489994,0.060291600148999404,-0.03836739985100059,0.4549276001489994,,,,
6.504212,927,1079.0,0.1589506001489994,0.060291600148999404,0.060291600148999404,0.5535866001489994,,,,
6.505291,927,1079.0,0.1589506001489994,0.060291600148999404,0.060291600148999404,0.6522456001489993,,,,
6.50637,927,1079.0,0.1589506001489994,0.060291600148999404,0.060291600148999404,0.6522456001489993,,,,
6.507449,927,1079.0,0.1589506001489994,0.060291600148999404,0.060291600148999404,0.4549276001489994,,,,
6.508528,927,1079.0,0.2576096001489994,0.1589506001489994,0.060291600148999404,0.5535866001489994,,,,
6.509607,927,1079.0,0.2576096001489994,0.1589506001489994,0.1589506001489994,0.6522456001489993,,,,
6.510686,927,1079.0,0.2576096001489994,0.1589506001489994,0.1589506001489994,0.6522456001489993,,,,
6.511765,927,1079.0,0.2576096001489994,0.060291600148999404,0.060291600148999404,0.5535866001489994,,,,
6.512844,927,1079.0,0.1589506001489994,-0.03836739985100059,0.060291600148999404,0.4549276001489994,,,,
6.513923,927,1079.0,0.1589506001489994,-0.03836739985100059,-0.03836739985100059,0.2576096001489994,,,,
6.515002,927,1079.0,0.1589506001489994,-0.03836739985100059,-0.2356853998510006,0.060291600148999404,,,,
6.516081,927,1079.0,0.060291600148999404,-0.03836739985100059,-0.2356853998510006,-0.03836739985100059,,,,
6.51716,927,1079.0,0.060291600148999404,-0.03836739985100059,-0.33434439985100056,-0.1370263998510006,,,,
6.518239,927,1079.0,0.060291600148999404,-0.1370263998510006,-0.33434439985100056,-0.1370263998510006,,,,
6.519318,927,1079.0,-0.03836739985100059,-0.2356853998510006,-0.43300339985100056,-0.2356853998510006,,,,
6.520397,927,1079.0,-0.03836739985100059,-0.2356853998510006,-0.43300339985100056,-0.2356853998510006,,,,
6.521476,927,1079.0,0.060291600148999404,-0.1370263998510006,-0.43300339985100056,-0.33434439985100056,,,,
6.522555,927,1079.0,0.060291600148999404,-0.1370263998510006,-0.43300339985100056,-0.2356853998510006,,,,
6.523634,927,1079.0,0.1589506001489994,-0.1370263998510006,-0.43300339985100056,-0.2356853998510006,,,,
6.524713,927,1079.0,0.1589506001489994,-0.1370263998510006,-0.33434439985100056,-0.03836739985100059,,,,
6.525792,927,1079.0,0.060291600148999404,-0.1370263998510006,-0.2356853998510006,0.060291600148999404,,,,
6.526871,927,1079.0,0.1589506001489994,-0.1370263998510006,-0.2356853998510006,0.1589506001489994,,,,
6.52795,927,1079.0,0.1589506001489994,-0.03836739985100059,-0.2356853998510006,0.1589506001489994,,,,
6.529029,927,1079.0,0.2576096001489994,0.060291600148999404,-0.2356853998510006,0.1589506001489994,,,,
6.530108,927,1079.0,0.2576096001489994,0.060291600148999404,-0.2356853998510006,0.1589506001489994,,,,
6.531187,927,1079.0,0.2576096001489994,0.060291600148999404,-0.2356853998510006,0.060291600148999404,,,,
6.532266,927,1079.0,0.1589506001489994,-0.03836739985100059,-0.1370263998510006,0.060291600148999404,,,,
6.533345,927,1079.0,0.060291600148999404,-0.1370263998510006,-0.2356853998510006,0.060291600148999404,,,,
6.534424,927,1079.0,0.1589506001489994,-0.1370263998510006,-0.33434439985100056,-0.03836739985100059,,,,
6.535503,927,1079.0,0.1589506001489994,-0.1370263998510006,-0.43300339985100056,-0.2356853998510006,,,,
6.536582,927,1079.0,0.1589506001489994,-0.1370263998510006,-0.5316623998510006,-0.33434439985100056,,,,
6.537661,927,1079.0,0.060291600148999404,-0.1370263998510006,-0.5316623998510006,-0.5316623998510006,,,,
6.53874,927,1079.0,0.060291600148999404,-0.2356853998510006,-0.5316623998510006,-0.43300339985100056,,,,
6.539819,927,1079.0,-0.03836739985100059,-0.33434439985100056,-0.5316623998510006,-0.43300339985100056,,,,
6.540898,927,1079.0,-0.03836739985100059,-0.2356853998510006,-0.43300339985100056,-0.33434439985100056,,,,
6.541977,927,1079.0,0.060291600148999404,-0.2356853998510006,-0.43300339985100056,-0.2356853998510006,,,,
6.543056,927,1079.0,0.060291600148999404,-0.1370263998510006,-0.43300339985100056,-0.2356853998510006,,,,
6.544135,927,1079.0,0.1589506001489994,-0.1370263998510006,-0.33434439985100056,-0.1370263998510006,,,,
6.545214,927,1079.0,0.1589506001489994,-0.03836739985100059,-0.33434439985100056,-0.03836739985100059,,,,
6.546293,927,1079.0,0.1589506001489994,-0.1370263998510006,-0.2356853998510006,0.1589506001489994,,,,
6.547372,927,1079.0,0.1589506001489994,-0.03836739985100059,-0.1370263998510006,0.3562686001489994,,,,
6.548451,927,1079.0,0.2576096001489994,0.060291600148999404,-0.03836739985100059,0.4549276001489994,,,,
6.54953,927,1079.0,0.2576096001489994,0.060291600148999404,-0.03836739985100059,0.3562686001489994,,,,
6.550609,927,1079.0,0.2576096001489994,0.1589506001489994,-0.1370263998510006,0.2576096001489994,,,,
6.551688,927,1079.0,0.2576096001489994,0.060291600148999404,-0.1370263998510006,0.2576096001489994,,,,
6.552767,927,1079.0,0.1589506001489994,-0.03836739985100059,-0.1370263998510006,0.2576096001489994,,,,
6.553846,927,1079.0,0.1589506001489994,-0.03836739985100059,-0.1370263998510006,0.2576096001489994,,,,
6.554925,927,1079.0,0.1589506001489994,-0.03836739985100059,-0.1370263998510006,0.1589506001489994,,,,
6.556004,927,1079.0,0.1589506001489994,-0.1370263998510006,-0.2356853998510006,0.060291600148999404,,,,
6.557083,927,1079.0,0.1589506001489994,-0.1370263998510006,-0.33434439985100056,-0.03836739985100059,,,,
6.558162,927,1079.0,0.060291600148999404,-0.1370263998510006,-0.33434439985100056,-0.1370263998510006,,,,
6.559241,927,1079.0,0.060291600148999404,-0.1370263998510006,-0.33434439985100056,-0.03836739985100059,,,,
6.56032,927,1079.0,0.060291600148999404,-0.1370263998510006,-0.2356853998510006,0.1589506001489994,,,,
6.561399,927,1079.0,0.060291600148999404,-0.1370263998510006,-0.03836739985100059,0.3562686001489994,,,,
6.562478,927,1079.0,0.060291600148999404,-0.03836739985100059,-0.03836739985100059,0.3562686001489994,,,,
6.563557,927,1079.0,0.1589506001489994,0.060291600148999404,-0.03836739985100059,0.4549276001489994,,,,
6.564636,927,1079.0,0.1589506001489994,0.1589506001489994,0.060291600148999404,0.5535866001489994,,,,
6.565715,927,1079.0,0.2576096001489994,0.1589506001489994,0.060291600148999404,0.6522456001489993,,,,
6.566794,927,1079.0,0.2576096001489994,0.1589506001489994,0.2576096001489994,0.9482226001489994,,,,
6.567873,927,1079.0,0.3562686001489994,0.1589506001489994,0.3562686001489994,1.1455406001489994,,,,
6.568952,927,1079.0,0.3562686001489994,0.2576096001489994,0.4549276001489994,1.2441996001489994,,,,
6.570031,927,1079.0,0.3562686001489994,0.2576096001489994,0.3562686001489994,1.0468816001489993,,,,
6.57111,927,1079.0,0.2576096001489994,0.2576096001489994,0.3562686001489994,0.9482226001489994,,,,
6.572189,927,1079.0,0.2576096001489994,0.2576096001489994,0.3562686001489994,0.9482226001489994,,,,
6.573268,927,1079.0,0.2576096001489994,0.2576096001489994,0.2576096001489994,0.9482226001489994,,,,
6.574347,927,1079.0,0.2576096001489994,0.1589506001489994,0.3562686001489994,1.0468816001489993,,,,
6.575426,927,1079.0,0.1589506001489994,0.1589506001489994,0.3562686001489994,1.0468816001489993,,,,
6.576505,927,1079.0,0.1589506001489994,0.1589506001489994,0.2576096001489994,0.9482226001489994,,,,
6.577584,927,1079.0,0.1589506001489994,0.1589506001489994,0.2576096001489994,0.8495636001489993,,,,
6.578663,927,1079.0,0.060291600148999404,0.1589506001489994,0.1589506001489994,0.6522456001489993,,,,
6.579742,927,1079.0,0.060291600148999404,0.1589506001489994,0.2576096001489994,0.9482226001489994,,,,
6.580821,927,1079.0,0.1589506001489994,0.1589506001489994,0.4549276001489994,1.1455406001489994,,,,
6.5819,927,1079.0,0.1589506001489994,0.2576096001489994,0.5535866001489994,1.3428586001489993,,,,
6.582979,927,1079.0,0.2576096001489994,0.2576096001489994,0.6522456001489993,1.4415176001489993,,,,
6.584058,927,1079.0,0.2576096001489994,0.3562686001489994,0.6522456001489993,1.5401766001489994,,,,
6.585137,927,1079.0,0.3562686001489994,0.4549276001489994,0.6522456001489993,1.5401766001489994,,,,
6.586216,927,1079.0,0.3562686001489994,0.4549276001489994,0.7509046001489994,1.6388356001489994,,,,
6.587295,927,1079.0,0.4549276001489994,0.4549276001489994,0.8495636001489993,1.9348126001489994,,,,
6.588374,927,1079.0,0.4549276001489994,0.5535866001489994,0.9482226001489994,2.1321306001489995,,,,
6.589453,927,1079.0,0.4549276001489994,0.5535866001489994,0.9482226001489994,2.1321306001489995,,,,
6.590532,927,1079.0,0.3562686001489994,0.4549276001489994,0.8495636001489993,2.0334716001489994,,,,
6.591611,927,1079.0,0.3562686001489994,0.4549276001489994,0.8495636001489993,1.8361536001489993,,,,
6.59269,927,1079.0,0.3562686001489994,0.4549276001489994,0.7509046001489994,1.7374946001489993,,,,
6.593769,927,1079.0,0.3562686001489994,0.4549276001489994,0.7509046001489994,1.7374946001489993,,,,
6.594848,927,1079.0,0.3562686001489994,0.3562686001489994,0.8495636001489993,1.8361536001489993,,,,
6.595927,927,1079.0,0.2576096001489994,0.3562686001489994,0.8495636001489993,1.8361536001489993,,,,
6.597006,927,1079.0,0.2576096001489994,0.3562686001489994,0.7509046001489994,1.8361536001489993,,,,
6.598085,927,1079.0,0.1589506001489994,0.3562686001489994,0.7509046001489994,1.6388356001489994,,,,
6.599164,927,1079.0,0.1589506001489994,0.4549276001489994,0.6522456001489993,1.6388356001489994,,,,
6.600243,927,1079.0,0.1589506001489994,0.4549276001489994,0.7509046001489994,1.7374946001489993,,,,
6.601322,927,1079.0,0.2576096001489994,0.4549276001489994,0.9482226001489994,2.0334716001489994,,,,
6.602401,927,1079.0,0.2576096001489994,0.4549276001489994,1.0468816001489993,2.2307896001489995,,,,
6.60348,927,1079.0,0.2576096001489994,0.5535866001489994,1.1455406001489994,2.329448600148999,,,,
6.604559,927,1079.0,0.3562686001489994,0.5535866001489994,1.1455406001489994,2.428107600148999,,,,
6.605638,927,1079.0,0.3562686001489994,0.6522456001489993,1.1455406001489994,2.329448600148999,,,,
6.606717,927,1079.0,0.4549276001489994,0.7509046001489994,1.2441996001489994,2.428107600148999,,,,
6.607796,927,1079.0,0.4549276001489994,0.7509046001489994,1.3428586001489993,2.7240846001489993,,,,
6.608875,927,1079.0,0.4549276001489994,0.7509046001489994,1.3428586001489993,2.7240846001489993,,,,
6.609954,927,1079.0,0.3562686001489994,0.6522456001489993,1.3428586001489993,2.6254256001489993,,,,
6.611033,927,1079.0,0.3562686001489994,0.6522456001489993,1.2441996001489994,2.5267666001489992,,,,
6.612112,927,1079.0,0.3562686001489994,0.6522456001489993,1.1455406001489994,2.428107600148999,,,,
6.613191,927,1079.0,0.3562686001489994,0.6522456001489993,1.0468816001489993,2.329448600148999,,,,
6.61427,927,1079.0,0.3562686001489994,0.5535866001489994,1.0468816001489993,2.329448600148999,,,,
6.615349,927,1079.0,0.3562686001489994,0.5535866001489994,1.0468816001489993,2.2307896001489995,,,,
6.616428,927,1079.0,0.2576096001489994,0.4549276001489994,1.0468816001489993,2.2307896001489995,,,,
6.617507,927,1079.0,0.2576096001489994,0.4549276001489994,0.9482226001489994,2.1321306001489995,,,,
6.618586,927,1079.0,0.1589506001489994,0.5535866001489994,0.9482226001489994,2.1321306001489995,,,,
6.619665,927,1079.0,0.2576096001489994,0.5535866001489994,0.9482226001489994,2.0334716001489994,,,,
6.620744,927,1079.0,0.3562686001489994,0.5535866001489994,1.0468816001489993,2.1321306001489995,,,,
6.621823,927,1079.0,0.2576096001489994,0.6522456001489993,1.1455406001489994,2.329448600148999,,,,
6.622902,927,1079.0,0.2576096001489994,0.6522456001489993,1.1455406001489994,2.5267666001489992,,,,
6.623981,927,1079.0,0.3562686001489994,0.5535866001489994,1.2441996001489994,2.5267666001489992,,,,
6.62506,927,1079.0,0.3562686001489994,0.6522456001489993,1.2441996001489994,2.5267666001489992,,,,
6.626139,927,1079.0,0.3562686001489994,0.6522456001489993,1.2441996001489994,2.6254256001489993,,,,
6.627218,927,1079.0,0.4549276001489994,0.7509046001489994,1.3428586001489993,2.6254256001489993,,,,
6.628297,927,1079.0,0.4549276001489994,0.7509046001489994,1.3428586001489993,2.6254256001489993,,,,
6.629376,927,1079.0,0.4549276001489994,0.7509046001489994,1.2441996001489994,2.5267666001489992,,,,
6.630455,927,1079.0,0.4549276001489994,0.6522456001489993,1.2441996001489994,2.5267666001489992,,,,
6.631534,927,1079.0,0.3562686001489994,0.6522456001489993,1.1455406001489994,2.428107600148999,,,,
6.632613,927,1079.0,0.3562686001489994,0.5535866001489994,1.0468816001489993,2.2307896001489995,,,,
6.633692,927,1079.0,0.3562686001489994,0.5535866001489994,0.9482226001489994,2.1321306001489995,,,,
6.634771,927,1079.0,0.2576096001489994,0.5535866001489994,0.8495636001489993,1.9348126001489994,,,,
6.63585,927,1079.0,0.2576096001489994,0.4549276001489994,0.9482226001489994,1.9348126001489994,,,,
6.636929,927,1079.0,0.1589506001489994,0.3562686001489994,0.8495636001489993,1.8361536001489993,,,,
6.638008,927,1079.0,0.1589506001489994,0.3562686001489994,0.8495636001489993,1.8361536001489993,,,,
6.639087,927,1079.0,0.1589506001489994,0.3562686001489994,0.8495636001489993,1.8361536001489993,,,,
6.640166,927,1079.0,0.2576096001489994,0.4549276001489994,0.8495636001489993,1.7374946001489993,,,,
6.641245,927,1079.0,0.2576096001489994,0.4549276001489994,0.7509046001489994,1.8361536001489993,,,,
6.642324,927,1079.0,0.3562686001489994,0.4549276001489994,0.8495636001489993,1.9348126001489994,,,,
6.643403,927,1079.0,0.3562686001489994,0.4549276001489994,0.9482226001489994,2.0334716001489994,,,,
6.644482,927,1079.0,0.2576096001489994,0.4549276001489994,0.9482226001489994,2.1321306001489995,,,,
6.645561,927,1079.0,0.3562686001489994,0.5535866001489994,0.9482226001489994,2.1321306001489995,,,,
6.64664,927,1079.0,0.4549276001489994,0.5535866001489994,0.9482226001489994,2.1321306001489995,,,,
6.647719,927,1079.0,0.4549276001489994,0.6522456001489993,0.9482226001489994,2.0334716001489994,,,,
6.648798,927,1079.0,0.4549276001489994,0.5535866001489994,0.8495636001489993,1.9348126001489994,,,,
6.649877,927,1079.0,0.3562686001489994,0.5535866001489994,0.7509046001489994,1.8361536001489993,,,,
6.650956,927,1079.0,0.2576096001489994,0.3562686001489994,0.7509046001489994,1.7374946001489993,,,,
6.652035,927,1079.0,0.2576096001489994,0.3562686001489994,0.6522456001489993,1.6388356001489994,,,,
6.653114,927,1079.0,0.2576096001489994,0.3562686001489994,0.5535866001489994,1.4415176001489993,,,,
6.654193,927,1079.0,0.2576096001489994,0.2576096001489994,0.4549276001489994,1.2441996001489994,,,,
6.655272,927,1079.0,0.1589506001489994,0.2576096001489994,0.3562686001489994,1.0468816001489993,,,,
6.656351,927,1079.0,0.1589506001489994,0.1589506001489994,0.2576096001489994,0.9482226001489994,,,,
6.65743,927,1079.0,0.060291600148999404,0.1589506001489994,0.3562686001489994,0.9482226001489994,,,,
6.658509,927,1079.0,0.060291600148999404,0.1589506001489994,0.3562686001489994,1.0468816001489993,,,,
6.659588,927,1079.0,0.1589506001489994,0.1589506001489994,0.3562686001489994,1.1455406001489994,,,,
6.660667,927,1079.0,0.1589506001489994,0.2576096001489994,0.3562686001489994,1.0468816001489993,,,,
6.661746,927,1079.0,0.2576096001489994,0.2576096001489994,0.2576096001489994,1.0468816001489993,,,,
6.662825,927,1079.0,0.2576096001489994,0.2576096001489994,0.3562686001489994,1.0468816001489993,,,,
6.663904,927,1079.0,0.2576096001489994,0.2576096001489994,0.3562686001489994,1.1455406001489994,,,,
6.664983,927,1079.0,0.2576096001489994,0.2576096001489994,0.3562686001489994,1.2441996001489994,,,,
6.666062,927,1079.0,0.3562686001489994,0.2576096001489994,0.4549276001489994,1.3428586001489993,,,,
6.667141,927,1079.0,0.3562686001489994,0.3562686001489994,0.4549276001489994,1.2441996001489994,,,,
6.66822,927,1079.0,0.3562686001489994,0.3562686001489994,0.3562686001489994,1.0468816001489993,,,,
6.669299,927,1079.0,0.3562686001489994,0.2576096001489994,0.2576096001489994,0.8495636001489993,,,,
6.670378,927,1079.0,0.2576096001489994,0.1589506001489994,0.1589506001489994,0.7509046001489994,,,,
6.671457,927,1079.0,0.2576096001489994,0.060291600148999404,0.1589506001489994,0.7509046001489994,,,,
6.672536,927,1079.0,0.1589506001489994,0.060291600148999404,0.060291600148999404,0.6522456001489993,,,,
6.673615,927,1079.0,0.1589506001489994,0.060291600148999404,0.060291600148999404,0.4549276001489994,,,,
6.674694,927,1079.0,0.060291600148999404,-0.03836739985100059,-0.1370263998510006,0.2576096001489994,,,,
6.675773,927,1079.0,0.060291600148999404,-0.03836739985100059,-0.2356853998510006,0.060291600148999404,,,,
6.676852,927,1079.0,0.060291600148999404,-0.03836739985100059,-0.2356853998510006,-0.03836739985100059,,,,
6.677931,927,1079.0,0.060291600148999404,-0.03836739985100059,-0.2356853998510006,0.1589506001489994,,,,
6.67901,927,1079.0,0.060291600148999404,-0.1370263998510006,-0.1370263998510006,0.2576096001489994,,,,
6.680089,927,1079.0,0.060291600148999404,-0.1370263998510006,-0.1370263998510006,0.2576096001489994,,,,
6.681168,927,1079.0,0.1589506001489994,-0.03836739985100059,-0.1370263998510006,0.2576096001489994,,,,
6.682247,927,1079.0,0.1589506001489994,-0.03836739985100059,-0.1370263998510006,0.1589506001489994,,,,
6.683326,927,1079.0,0.1589506001489994,0.060291600148999404,-0.1370263998510006,0.1589506001489994,,,,
6.684405,927,1079.0,0.1589506001489994,0.060291600148999404,-0.1370263998510006,0.2576096001489994,,,,
6.685484,927,1079.0,0.2576096001489994,0.060291600148999404,-0.03836739985100059,0.4549276001489994,,,,
6.686563,927,1079.0,0.2576096001489994,0.060291600148999404,0.060291600148999404,0.5535866001489994,,,,
6.687642,927,1079.0,0.2576096001489994,-0.03836739985100059,-0.03836739985100059,0.4549276001489994,,,,
6.688721,927,1079.0,0.2576096001489994,-0.03836739985100059,-0.1370263998510006,0.1589506001489994,,,,
6.6898,927,1079.0,0.2576096001489994,-0.03836739985100059,-0.2356853998510006,0.060291600148999404,,,,
6.690879,927,1079.0,0.1589506001489994,-0.03836739985100059,-0.33434439985100056,-0.03836739985100059,,,,
6.691958,927,1079.0,0.1589506001489994,-0.1370263998510006,-0.33434439985100056,-0.03836739985100059,,,,
6.693037,927,1079.0,0.060291600148999404,-0.1370263998510006,-0.2356853998510006,-0.03836739985100059,,,,
6.694116,927,1079.0,0.060291600148999404,-0.2356853998510006,-0.33434439985100056,-0.1370263998510006,,,,
6.695195,927,1079.0,0.060291600148999404,-0.2356853998510006,-0.5316623998510006,-0.43300339985100056,,,,
6.696274,927,1079.0,-0.03836739985100059,-0.2356853998510006,-0.5316623998510006,-0.6303213998510006,,,,
6.697353,927,1079.0,0.060291600148999404,-0.2356853998510006,-0.6303213998510006,-0.5316623998510006,,,,
6.698432,927,1079.0,0.060291600148999404,-0.2356853998510006,-0.5316623998510006,-0.33434439985100056,,,,
6.699511,927,1079.0,0.060291600148999404,-0.1370263998510006,-0.43300339985100056,-0.1370263998510006,,,,
6.70059,927,1079.0,0.060291600148999404,-0.1370263998510006,-0.33434439985100056,-0.1370263998510006,,,,
6.701669,927,1079.0,0.060291600148999404,-0.1370263998510006,-0.33434439985100056,-0.1370263998510006,,,,
6.702748,927,1079.0,0.1589506001489994,-0.1370263998510006,-0.33434439985100056,-0.1370263998510006,,,,
6.703827,927,1079.0,0.2576096001489994,-0.03836739985100059,-0.33434439985100056,-0.1370263998510006,,,,
6.704906,927,1079.0,0.2576096001489994,-0.03836739985100059,-0.2356853998510006,0.060291600148999404,,,,
6.705985,927,1079.0,0.2576096001489994,-0.03836739985100059,-0.1370263998510006,0.2576096001489994,,,,
6.707064,927,1079.0,0.2576096001489994,-0.03836739985100059,-0.1370263998510006,0.2576096001489994,,,,
6.708143,927,1079.0,0.1589506001489994,-0.03836739985100059,-0.1370263998510006,0.1589506001489994,,,,
6.709222,927,1079.0,0.1589506001489994,-0.03836739985100059,-0.2356853998510006,-0.03836739985100059,,,,
6.710301,927,1079.0,0.1589506001489994,-0.03836739985100059,-0.33434439985100056,-0.1370263998510006,,,,
6.71138,927,1079.0,0.1589506001489994,-0.1370263998510006,-0.43300339985100056,-0.2356853998510006,,,,
6.712459,927,1079.0,0.060291600148999404,-0.1370263998510006,-0.43300339985100056,-0.1370263998510006,,,,
6.713538,927,1079.0,0.060291600148999404,-0.2356853998510006,-0.43300339985100056,-0.1370263998510006,,,,
6.714617,927,1079.0,0.060291600148999404,-0.2356853998510006,-0.43300339985100056,-0.1370263998510006,,,,
6.715696,927,1079.0,-0.03836739985100059,-0.2356853998510006,-0.5316623998510006,-0.33434439985100056,,,,
6.716775,927,1079.0,-0.03836739985100059,-0.2356853998510006,-0.5316623998510006,-0.43300339985100056,,,,
6.717854,927,1079.0,0.060291600148999404,-0.2356853998510006,-0.43300339985100056,-0.2356853998510006,,,,
6.718933,927,1079.0,0.1589506001489994,-0.1370263998510006,-0.43300339985100056,-0.1370263998510006,,,,
6.720012,927,1079.0,0.060291600148999404,-0.1370263998510006,-0.2356853998510006,0.060291600148999404,,,,
6.721091,927,1079.0,0.060291600148999404,-0.1370263998510006,-0.1370263998510006,0.2576096001489994,,,,
6.72217,927,1079.0,0.1589506001489994,-0.03836739985100059,-0.1370263998510006,0.2576096001489994,,,,
6.723249,927,1079.0,0.1589506001489994,-0.03836739985100059,-0.1370263998510006,0.2576096001489994,,,,
6.724328,927,1079.0,0.2576096001489994,0.060291600148999404,-0.03836739985100059,0.3562686001489994,,,,
6.725407,927,1079.0,0.2576096001489994,0.1589506001489994,0.060291600148999404,0.5535866001489994,,,,
6.726486,927,1079.0,0.2576096001489994,0.1589506001489994,0.1589506001489994,0.6522456001489993,,,,
6.727565,927,1079.0,0.2576096001489994,0.1589506001489994,0.060291600148999404,0.6522456001489993,,,,
6.728644,927,1079.0,0.2576096001489994,0.060291600148999404,0.060291600148999404,0.6522456001489993,,,,
6.729723,927,1079.0,0.1589506001489994,0.060291600148999404,0.060291600148999404,0.4549276001489994,,,,
6.730802,927,1079.0,0.1589506001489994,0.060291600148999404,-0.1370263998510006,0.3562686001489994,,,,
6.731881,927,1079.0,0.2576096001489994,0.060291600148999404,-0.03836739985100059,0.2576096001489994,,,,
6.73296,927,1079.0,0.1589506001489994,0.060291600148999404,-0.1370263998510006,0.2576096001489994,,,,
6.734039,927,1079.0,0.1589506001489994,-0.03836739985100059,-0.03836739985100059,0.4549276001489994,,,,
6.735118,927,1079.0,0.060291600148999404,-0.1370263998510006,-0.03836739985100059,0.3562686001489994,,,,
6.736197,927,1079.0,0.060291600148999404,-0.1370263998510006,-0.03836739985100059,0.4549276001489994,,,,
6.737276,927,1079.0,0.1589506001489994,-0.1370263998510006,-0.03836739985100059,0.4549276001489994,,,,
6.738355,927,1079.0,0.1589506001489994,0.060291600148999404,0.060291600148999404,0.5535866001489994,,,,
6.739434,927,1079.0,0.2576096001489994,0.1589506001489994,0.060291600148999404,0.6522456001489993,,,,
6.740513,927,1079.0,0.2576096001489994,0.1589506001489994,0.2576096001489994,0.9482226001489994,,,,
6.741592,927,1079.0,0.1589506001489994,0.1589506001489994,0.3562686001489994,1.0468816001489993,,,,
6.742671,927,1079.0,0.2576096001489994,0.1589506001489994,0.3562686001489994,1.1455406001489994,,,,
6.74375,927,1079.0,0.2576096001489994,0.2576096001489994,0.4549276001489994,1.3428586001489993,,,,
6.744829,927,1079.0,0.3562686001489994,0.3562686001489994,0.5535866001489994,1.4415176001489993,,,,
6.745908,927,1079.0,0.4549276001489994,0.4549276001489994,0.4549276001489994,1.4415176001489993,,,,
6.746987,927,1079.0,0.3562686001489994,0.4549276001489994,0.5535866001489994,1.4415176001489993,,,,
6.748066,927,1079.0,0.2576096001489994,0.3562686001489994,0.5535866001489994,1.4415176001489993,,,,
6.749145,927,1079.0,0.2576096001489994,0.2576096001489994,0.5535866001489994,1.4415176001489993,,,,
6.750224,927,1079.0,0.2576096001489994,0.2576096001489994,0.5535866001489994,1.4415176001489993,,,,
6.751303,927,1079.0,0.2576096001489994,0.2576096001489994,0.4549276001489994,1.2441996001489994,,,,
6.752382,927,1079.0,0.2576096001489994,0.2576096001489994,0.4549276001489994,1.2441996001489994,,,,
6.753461,927,1079.0,0.1589506001489994,0.2576096001489994,0.4549276001489994,1.1455406001489994,,,,
6.75454,927,1079.0,0.1589506001489994,0.1589506001489994,0.4549276001489994,1.1455406001489994,,,,
6.755619,927,1079.0,0.060291600148999404,0.1589506001489994,0.5535866001489994,1.2441996001489994,,,,
6.756698,927,1079.0,0.1589506001489994,0.2576096001489994,0.5535866001489994,1.4415176001489993,,,,
6.757777,927,1079.0,0.2576096001489994,0.2576096001489994,0.6522456001489993,1.5401766001489994,,,,
6.758856,927,1079.0,0.2576096001489994,0.3562686001489994,0.6522456001489993,1.5401766001489994,,,,
6.759935,927,1079.0,0.3562686001489994,0.4549276001489994,0.6522456001489993,1.6388356001489994,,,,
6.761014,927,1079.0,0.3562686001489994,0.4549276001489994,0.8495636001489993,1.8361536001489993,,,,
6.762093,927,1079.0,0.3562686001489994,0.4549276001489994,0.9482226001489994,2.0334716001489994,,,,
6.763172,927,1079.0,0.3562686001489994,0.4549276001489994,1.0468816001489993,2.2307896001489995,,,,
6.764251,927,1079.0,0.3562686001489994,0.5535866001489994,1.0468816001489993,2.329448600148999,,,,
6.76533,927,1079.0,0.4549276001489994,0.6522456001489993,1.1455406001489994,2.329448600148999,,,,
6.766409,927,1079.0,0.4549276001489994,0.6522456001489993,1.0468816001489993,2.2307896001489995,,,,
6.767488,927,1079.0,0.4549276001489994,0.6522456001489993,1.0468816001489993,2.2307896001489995,,,,
6.768567,927,1079.0,0.3562686001489994,0.5535866001489994,1.0468816001489993,2.2307896001489995,,,,
6.769646,927,1079.0,0.3562686001489994,0.5535866001489994,1.0468816001489993,2.2307896001489995,,,,
6.770725,927,1079.0,0.2576096001489994,0.5535866001489994,0.9482226001489994,2.1321306001489995,,,,
6.771804,927,1079.0,0.2576096001489994,0.4549276001489994,0.9482226001489994,2.0334716001489994,,,,
6.772883,927,1079.0,0.2576096001489994,0.4549276001489994,0.8495636001489993,1.9348126001489994,,,,
6.773962,927,1079.0,0.2576096001489994,0.4549276001489994,0.8495636001489993,1.8361536001489993,,,,
6.775041,927,1079.0,0.1589506001489994,0.4549276001489994,0.8495636001489993,1.8361536001489993,,,,
6.77612,927,1079.0,0.1589506001489994,0.4549276001489994,0.9482226001489994,2.0334716001489994,,,,
6.777199,927,1079.0,0.2576096001489994,0.4549276001489994,1.0468816001489993,2.2307896001489995,,,,
6.778278,927,1079.0,0.2576096001489994,0.4549276001489994,1.0468816001489993,2.329448600148999,,,,
6.779357,927,1079.0,0.3562686001489994,0.5535866001489994,1.0468816001489993,2.2307896001489995,,,,
6.780436,927,1079.0,0.3562686001489994,0.6522456001489993,1.1455406001489994,2.329448600148999,,,,
6.781515,927,1079.0,0.3562686001489994,0.6522456001489993,1.1455406001489994,2.428107600148999,,,,
6.782594,927,1079.0,0.3562686001489994,0.6522456001489993,1.3428586001489993,2.6254256001489993,,,,
6.783673,927,1079.0,0.4549276001489994,0.6522456001489993,1.3428586001489993,2.8227436001489994,,,,
6.784752,927,1079.0,0.4549276001489994,0.7509046001489994,1.4415176001489993,2.8227436001489994,,,,
6.785831,927,1079.0,0.4549276001489994,0.7509046001489994,1.3428586001489993,2.6254256001489993,,,,
6.78691,927,1079.0,0.4549276001489994,0.7509046001489994,1.2441996001489994,2.5267666001489992,,,,
6.787989,927,1079.0,0.4549276001489994,0.7509046001489994,1.1455406001489994,2.428107600148999,,,,
6.789068,927,1079.0,0.3562686001489994,0.6522456001489993,1.1455406001489994,2.428107600148999,,,,
6.790147,927,1079.0,0.2576096001489994,0.6522456001489993,1.1455406001489994,2.428107600148999,,,,
6.791226,927,1079.0,0.2576096001489994,0.5535866001489994,1.1455406001489994,2.329448600148999,,,,
6.792305,927,1079.0,0.2576096001489994,0.5535866001489994,1.0468816001489993,2.2307896001489995,,,,
6.793384,927,1079.0,0.2576096001489994,0.5535866001489994,0.9482226001489994,2.0334716001489994,,,,
6.794463,927,1079.0,0.2576096001489994,0.4549276001489994,0.8495636001489993,1.9348126001489994,,,,
6.795542,927,1079.0,0.2576096001489994,0.4549276001489994,0.9482226001489994,2.0334716001489994,,,,
6.796621,927,1079.0,0.2576096001489994,0.5535866001489994,1.0468816001489993,2.2307896001489995,,,,
6.7977,927,1079.0,0.2576096001489994,0.5535866001489994,1.1455406001489994,2.329448600148999,,,,
6.798779,927,1079.0,0.2576096001489994,0.5535866001489994,1.1455406001489994,2.329448600148999,,,,
6.799858,927,1079.0,0.3562686001489994,0.5535866001489994,1.1455406001489994,2.329448600148999,,,,
6.800937,927,1079.0,0.3562686001489994,0.6522456001489993,1.1455406001489994,2.329448600148999,,,,
6.802016,927,1079.0,0.3562686001489994,0.6522456001489993,1.0468816001489993,2.329448600148999,,,,
6.803095,927,1079.0,0.4549276001489994,0.6522456001489993,1.2441996001489994,2.5267666001489992,,,,
6.804174,927,1079.0,0.4549276001489994,0.6522456001489993,1.2441996001489994,2.7240846001489993,,,,
6.805253,927,1079.0,0.4549276001489994,0.6522456001489993,1.2441996001489994,2.5267666001489992,,,,
6.806332,927,1079.0,0.4549276001489994,0.5535866001489994,1.1455406001489994,2.428107600148999,,,,
6.807411,927,1079.0,0.3562686001489994,0.5535866001489994,1.0468816001489993,2.1321306001489995,,,,
6.80849,927,1079.0,0.3562686001489994,0.5535866001489994,0.9482226001489994,2.0334716001489994,,,,
6.809569,927,1079.0,0.3562686001489994,0.4549276001489994,0.8495636001489993,2.0334716001489994,,,,
6.810648,927,1079.0,0.2576096001489994,0.4549276001489994,0.8495636001489993,1.9348126001489994,,,,
6.811727,927,1079.0,0.2576096001489994,0.3562686001489994,0.8495636001489993,1.8361536001489993,,,,
6.812806,927,1079.0,0.1589506001489994,0.3562686001489994,0.6522456001489993,1.6388356001489994,,,,
6.813885,927,1079.0,0.1589506001489994,0.3562686001489994,0.5535866001489994,1.4415176001489993,,,,
6.814964,927,1079.0,0.1589506001489994,0.3562686001489994,0.5535866001489994,1.4415176001489993,,,,
6.816043,927,1079.0,0.2576096001489994,0.3562686001489994,0.5535866001489994,1.5401766001489994,,,,
6.817122,927,1079.0,0.2576096001489994,0.3562686001489994,0.7509046001489994,1.6388356001489994,,,,
6.818201,927,1079.0,0.2576096001489994,0.3562686001489994,0.7509046001489994,1.7374946001489993,,,,
6.81928,927,1079.0,0.2576096001489994,0.3562686001489994,0.7509046001489994,1.7374946001489993,,,,
6.820359,927,1079.0,0.3562686001489994,0.4549276001489994,0.7509046001489994,1.6388356001489994,,,,
6.821438,927,1079.0,0.3562686001489994,0.4549276001489994,0.6522456001489993,1.6388356001489994,,,,
6.822517,927,1079.0,0.3562686001489994,0.4549276001489994,0.7509046001489994,1.6388356001489994,,,,
6.823596,927,1079.0,0.3562686001489994,0.5535866001489994,0.7509046001489994,1.8361536001489993,,,,
6.824675,927,1079.0,0.3562686001489994,0.4549276001489994,0.7509046001489994,1.7374946001489993,,,,
6.825754,927,1079.0,0.3562686001489994,0.3562686001489994,0.7509046001489994,1.6388356001489994,,,,
6.826833,927,1079.0,0.2576096001489994,0.3562686001489994,0.6522456001489993,1.4415176001489993,,,,
6.827912,927,1079.0,0.2576096001489994,0.2576096001489994,0.4549276001489994,1.2441996001489994,,,,
6.828991,927,1079.0,0.2576096001489994,0.2576096001489994,0.3562686001489994,1.0468816001489993,,,,
6.83007,927,1079.0,0.2576096001489994,0.2576096001489994,0.2576096001489994,1.0468816001489993,,,,
6.831149,927,1079.0,0.1589506001489994,0.1589506001489994,0.2576096001489994,0.9482226001489994,,,,
6.832228,927,1079.0,0.060291600148999404,0.060291600148999404,0.2576096001489994,0.8495636001489993,,,,
6.833307,927,1079.0,0.060291600148999404,0.060291600148999404,0.1589506001489994,0.6522456001489993,,,,
6.834386,927,1079.0,0.060291600148999404,0.060291600148999404,0.060291600148999404,0.5535866001489994,,,,
6.835465,927,1079.0,0.1589506001489994,0.060291600148999404,0.060291600148999404,0.5535866001489994,,,,
6.836544,927,1079.0,0.1589506001489994,0.1589506001489994,0.060291600148999404,0.6522456001489993,,,,
6.837623,927,1079.0,0.1589506001489994,0.1589506001489994,0.1589506001489994,0.7509046001489994,,,,
6.838702,927,1079.0,0.2576096001489994,0.060291600148999404,0.2576096001489994,0.8495636001489993,,,,
6.839781,927,1079.0,0.1589506001489994,0.1589506001489994,0.2576096001489994,0.8495636001489993,,,,
6.84086,927,1079.0,0.2576096001489994,0.060291600148999404,0.1589506001489994,0.7509046001489994,,,,
6.841939,927,1079.0,0.2576096001489994,0.1589506001489994,0.1589506001489994,0.7509046001489994,,,,
6.843018,927,1079.0,0.3562686001489994,0.2576096001489994,0.1589506001489994,0.8495636001489993,,,,
6.844097,927,1079.0,0.3562686001489994,0.1589506001489994,0.1589506001489994,0.7509046001489994,,,,
6.845176,927,1079.0,0.2576096001489994,0.1589506001489994,0.1589506001489994,0.7509046001489994,,,,
6.846255,927,1079.0,0.2576096001489994,0.060291600148999404,0.060291600148999404,0.6522456001489993,,,,
6.847334,927,1079.0,0.1589506001489994,0.060291600148999404,0.060291600148999404,0.4549276001489994,,,,
6.848413,927,1079.0,0.1589506001489994,-0.03836739985100059,-0.1370263998510006,0.2576096001489994,,,,
6.849492,927,1079.0,0.1589506001489994,-0.03836739985100059,-0.2356853998510006,0.1589506001489994,,,,
6.850571,927,1079.0,0.1589506001489994,-0.03836739985100059,-0.2356853998510006,0.060291600148999404,,,,
6.85165,927,1079.0,0.060291600148999404,-0.1370263998510006,-0.33434439985100056,-0.03836739985100059,,,,
6.852729,927,1079.0,0.060291600148999404,-0.2356853998510006,-0.33434439985100056,-0.03836739985100059,,,,
6.853808,927,1079.0,-0.03836739985100059,-0.2356853998510006,-0.33434439985100056,-0.1370263998510006,,,,
6.854887,927,1079.0,0.060291600148999404,-0.1370263998510006,-0.33434439985100056,-0.03836739985100059,,,,
6.855966,927,1079.0,0.060291600148999404,-0.1370263998510006,-0.43300339985100056,-0.1370263998510006,,,,
6.857045,927,1079.0,0.060291600148999404,-0.03836739985100059,-0.33434439985100056,-0.1370263998510006,,,,
6.858124,927,1079.0,0.1589506001489994,-0.03836739985100059,-0.2356853998510006,-0.03836739985100059,,,,
6.859203,927,1079.0,0.1589506001489994,-0.1370263998510006,-0.2356853998510006,0.1589506001489994,,,,
6.860282,927,1079.0,0.1589506001489994,-0.03836739985100059,-0.1370263998510006,0.1589506001489994,,,,
6.861361,927,1079.0,0.1589506001489994,-0.03836739985100059,-0.1370263998510006,0.2576096001489994,,,,
6.86244,927,1079.0,0.2576096001489994,0.060291600148999404,-0.1370263998510006,0.2576096001489994,,,,
6.863519,927,1079.0,0.2576096001489994,0.060291600148999404,-0.2356853998510006,0.1589506001489994,,,,
6.864598,927,1079.0,0.2576096001489994,0.060291600148999404,-0.2356853998510006,0.060291600148999404,,,,
6.865677,927,1079.0,0.2576096001489994,-0.03836739985100059,-0.2356853998510006,0.060291600148999404,,,,
6.866756,927,1079.0,0.1589506001489994,-0.1370263998510006,-0.2356853998510006,0.060291600148999404,,,,
6.867835,927,1079.0,0.060291600148999404,-0.1370263998510006,-0.33434439985100056,-0.1370263998510006,,,,
6.868914,927,1079.0,0.060291600148999404,-0.1370263998510006,-0.33434439985100056,-0.2356853998510006,,,,
6.869993,927,1079.0,0.060291600148999404,-0.1370263998510006,-0.5316623998510006,-0.33434439985100056,,,,
6.871072,927,1079.0,0.060291600148999404,-0.2356853998510006,-0.5316623998510006,-0.43300339985100056,,,,
6.872151,927,1079.0,0.060291600148999404,-0.2356853998510006,-0.5316623998510006,-0.5316623998510006,,,,
6.87323,927,1079.0,-0.03836739985100059,-0.2356853998510006,-0.5316623998510006,-0.43300339985100056,,,,
6.874309,927,1079.0,0.060291600148999404,-0.33434439985100056,-0.5316623998510006,-0.2356853998510006,,,,
6.875388,927,1079.0,-0.03836739985100059,-0.2356853998510006,-0.43300339985100056,-0.2356853998510006,,,,
6.876467,927,1079.0,0.060291600148999404,-0.1370263998510006,-0.43300339985100056,-0.2356853998510006,,,,
6.877546,927,1079.0,0.1589506001489994,-0.1370263998510006,-0.43300339985100056,-0.2356853998510006,,,,
6.878625,927,1079.0,0.1589506001489994,-0.1370263998510006,-0.33434439985100056,-0.1370263998510006,,,,
6.879704,927,1079.0,0.1589506001489994,-0.1370263998510006,-0.33434439985100056,0.060291600148999404,,,,
6.880783,927,1079.0,0.1589506001489994,-0.1370263998510006,-0.2356853998510006,0.1589506001489994,,,,
6.881862,927,1079.0,0.2576096001489994,-0.03836739985100059,-0.1370263998510006,0.3562686001489994,,,,
6.882941,927,1079.0,0.2576096001489994,0.060291600148999404,-0.1370263998510006,0.3562686001489994,,,,
6.88402,927,1079.0,0.2576096001489994,0.060291600148999404,-0.1370263998510006,0.1589506001489994,,,,
6.885099,927,1079.0,0.2576096001489994,0.060291600148999404,-0.2356853998510006,0.060291600148999404,,,,
6.886178,927,1079.0,0.1589506001489994,-0.03836739985100059,-0.2356853998510006,0.060291600148999404,,,,
6.887257,927,1079.0,0.1589506001489994,-0.03836739985100059,-0.2356853998510006,0.1589506001489994,,,,
6.888336,927,1079.0,0.1589506001489994,-0.1370263998510006,-0.2356853998510006,0.1589506001489994,,,,
6.889415,927,1079.0,0.060291600148999404,-0.1370263998510006,-0.2356853998510006,0.060291600148999404,,,,
6.890494,927,1079.0,0.060291600148999404,-0.1370263998510006,-0.33434439985100056,-0.1370263998510006,,,,
6.891573,927,1079.0,0.060291600148999404,-0.2356853998510006,-0.43300339985100056,-0.2356853998510006,,,,
6.892652,927,1079.0,0.060291600148999404,-0.1370263998510006,-0.43300339985100056,-0.2356853998510006,,,,
6.893731,927,1079.0,0.060291600148999404,-0.2356853998510006,-0.33434439985100056,-0.03836739985100059,,,,
6.89481,927,1079.0,0.060291600148999404,-0.2356853998510006,-0.1370263998510006,0.1589506001489994,,,,
6.895889,927,1079.0,0.060291600148999404,-0.1370263998510006,-0.1370263998510006,0.2576096001489994,,,,
6.896968,927,1079.0,0.1589506001489994,-0.03836739985100059,-0.03836739985100059,0.3562686001489994,,,,
6.898047,927,1079.0,0.1589506001489994,0.060291600148999404,-0.03836739985100059,0.3562686001489994,,,,
6.899126,927,1079.0,0.2576096001489994,0.060291600148999404,-0.03836739985100059,0.3562686001489994,,,,
6.900205,927,1079.0,0.2576096001489994,0.060291600148999404,0.060291600148999404,0.6522456001489993,,,,
6.901284,927,1079.0,0.2576096001489994,0.1589506001489994,0.2576096001489994,0.8495636001489993,,,,
6.902363,927,1079.0,0.3562686001489994,0.1589506001489994,0.2576096001489994,1.0468816001489993,,,,
6.903442,927,1079.0,0.2576096001489994,0.1589506001489994,0.2576096001489994,0.9482226001489994,,,,
6.904521,927,1079.0,0.2576096001489994,0.2576096001489994,0.1589506001489994,0.7509046001489994,,,,
6.9056,927,1079.0,0.2576096001489994,0.1589506001489994,0.1589506001489994,0.7509046001489994,,,,
6.906679,927,1079.0,0.2576096001489994,0.1589506001489994,0.060291600148999404,0.7509046001489994,,,,
6.907758,927,1079.0,0.2576096001489994,0.1589506001489994,0.1589506001489994,0.7509046001489994,,,,
6.908837,927,1079.0,0.1589506001489994,0.060291600148999404,0.1589506001489994,0.7509046001489994,,,,
6.909916,927,1079.0,0.060291600148999404,0.060291600148999404,0.1589506001489994,0.7509046001489994,,,,
6.910995,927,1079.0,0.1589506001489994,0.060291600148999404,0.060291600148999404,0.5535866001489994,,,,
6.912074,927,1079.0,0.060291600148999404,0.060291600148999404,0.060291600148999404,0.4549276001489994,,,,
6.913153,927,1079.0,0.1589506001489994,0.060291600148999404,0.060291600148999404,0.5535866001489994,,,,
6.914232,927,1079.0,0.1589506001489994,0.1589506001489994,0.2576096001489994,0.8495636001489993,,,,
6.915311,927,1079.0,0.1589506001489994,0.1589506001489994,0.3562686001489994,1.1455406001489994,,,,
6.91639,927,1079.0,0.1589506001489994,0.1589506001489994,0.4549276001489994,1.2441996001489994,,,,
6.917469,927,1079.0,0.2576096001489994,0.2576096001489994,0.4549276001489994,1.2441996001489994,,,,
6.918548,927,1079.0,0.2576096001489994,0.3562686001489994,0.4549276001489994,1.3428586001489993,,,,
6.919627,927,1079.0,0.2576096001489994,0.3562686001489994,0.5535866001489994,1.3428586001489993,,,,
6.920706,927,1079.0,0.3562686001489994,0.4549276001489994,0.7509046001489994,1.6388356001489994,,,,
6.921785,927,1079.0,0.3562686001489994,0.4549276001489994,0.7509046001489994,1.8361536001489993,,,,
6.922864,927,1079.0,0.2576096001489994,0.4549276001489994,0.8495636001489993,1.9348126001489994,,,,
6.923943,927,1079.0,0.3562686001489994,0.3562686001489994,0.8495636001489993,1.8361536001489993,,,,
6.925022,927,1079.0,0.2576096001489994,0.4549276001489994,0.7509046001489994,1.6388356001489994,,,,
6.926101,927,1079.0,0.3562686001489994,0.4549276001489994,0.6522456001489993,1.5401766001489994,,,,
6.92718,927,1079.0,0.2576096001489994,0.4549276001489994,0.6522456001489993,1.5401766001489994,,,,
6.928259,927,1079.0,0.2576096001489994,0.4549276001489994,0.6522456001489993,1.6388356001489994,,,,
6.929338,927,1079.0,0.2576096001489994,0.3562686001489994,0.6522456001489993,1.6388356001489994,,,,
6.930417,927,1079.0,0.1589506001489994,0.3562686001489994,0.6522456001489993,1.5401766001489994,,,,
6.931496,927,1079.0,0.1589506001489994,0.2576096001489994,0.5535866001489994,1.4415176001489993,,,,
6.932575,927,1079.0,0.1589506001489994,0.3562686001489994,0.6522456001489993,1.5401766001489994,,,,
6.933654,927,1079.0,0.2576096001489994,0.4549276001489994,0.6522456001489993,1.5401766001489994,,,,
6.934733,927,1079.0,0.2576096001489994,0.4549276001489994,0.7509046001489994,1.8361536001489993,,,,
6.935812,927,1079.0,0.2576096001489994,0.4549276001489994,0.9482226001489994,2.0334716001489994,,,,
6.936891,927,1079.0,0.2576096001489994,0.5535866001489994,1.0468816001489993,2.2307896001489995,,,,
6.93797,927,1079.0,0.3562686001489994,0.5535866001489994,1.0468816001489993,2.2307896001489995,,,,
6.939049,927,1079.0,0.3562686001489994,0.5535866001489994,1.0468816001489993,2.2307896001489995,,,,
6.940128,927,1079.0,0.4549276001489994,0.6522456001489993,1.0468816001489993,2.329448600148999,,,,
6.941207,927,1079.0,0.4549276001489994,0.7509046001489994,1.1455406001489994,2.5267666001489992,,,,
6.942286,927,1079.0,0.4549276001489994,0.7509046001489994,1.2441996001489994,2.5267666001489992,,,,
6.943365,927,1079.0,0.3562686001489994,0.6522456001489993,1.2441996001489994,2.5267666001489992,,,,
6.944444,927,1079.0,0.3562686001489994,0.6522456001489993,1.2441996001489994,2.5267666001489992,,,,
6.945523,927,1079.0,0.3562686001489994,0.6522456001489993,1.1455406001489994,2.329448600148999,,,,
6.946602,927,1079.0,0.3562686001489994,0.5535866001489994,1.0468816001489993,2.2307896001489995,,,,
6.947681,927,1079.0,0.3562686001489994,0.5535866001489994,1.0468816001489993,2.2307896001489995,,,,
6.94876,927,1079.0,0.2576096001489994,0.5535866001489994,1.0468816001489993,2.1321306001489995,,,,
6.949839,927,1079.0,0.2576096001489994,0.4549276001489994,1.0468816001489993,2.2307896001489995,,,,
6.950918,927,1079.0,0.1589506001489994,0.4549276001489994,0.9482226001489994,2.1321306001489995,,,,
6.951997,927,1079.0,0.1589506001489994,0.4549276001489994,0.9482226001489994,2.1321306001489995,,,,
6.953076,927,1079.0,0.2576096001489994,0.5535866001489994,0.9482226001489994,2.1321306001489995,,,,
6.954155,927,1079.0,0.2576096001489994,0.5535866001489994,1.0468816001489993,2.2307896001489995,,,,
6.955234,927,1079.0,0.3562686001489994,0.6522456001489993,1.0468816001489993,2.329448600148999,,,,
6.956313,927,1079.0,0.3562686001489994,0.5535866001489994,1.1455406001489994,2.428107600148999,,,,
6.957392,927,1079.0,0.3562686001489994,0.5535866001489994,1.2441996001489994,2.6254256001489993,,,,
6.958471,927,1079.0,0.3562686001489994,0.6522456001489993,1.2441996001489994,2.5267666001489992,,,,
6.95955,927,1079.0,0.4549276001489994,0.6522456001489993,1.3428586001489993,2.7240846001489993,,,,
6.960629,927,1079.0,0.4549276001489994,0.7509046001489994,1.3428586001489993,2.7240846001489993,,,,
6.961708,927,1079.0,0.5535866001489994,0.8495636001489993,1.3428586001489993,2.7240846001489993,,,,
6.962787,927,1079.0,0.4549276001489994,0.7509046001489994,1.2441996001489994,2.6254256001489993,,,,
6.963866,927,1079.0,0.3562686001489994,0.6522456001489993,1.2441996001489994,2.6254256001489993,,,,
6.964945,927,1079.0,0.3562686001489994,0.6522456001489993,1.1455406001489994,2.5267666001489992,,,,
6.966024,927,1079.0,0.3562686001489994,0.5535866001489994,1.1455406001489994,2.329448600148999,,,,
6.967103,927,1079.0,0.3562686001489994,0.5535866001489994,1.0468816001489993,2.2307896001489995,,,,
6.968182,927,1079.0,0.2576096001489994,0.5535866001489994,0.9482226001489994,2.0334716001489994,,,,
6.969261,927,1079.0,0.2576096001489994,0.5535866001489994,0.9482226001489994,1.9348126001489994,,,,
6.97034,927,1079.0,0.1589506001489994,0.4549276001489994,0.8495636001489993,1.9348126001489994,,,,
6.971419,927,1079.0,0.1589506001489994,0.3562686001489994,0.8495636001489993,1.9348126001489994,,,,
6.972498,927,1079.0,0.1589506001489994,0.3562686001489994,0.8495636001489993,2.0334716001489994,,,,
6.973577,927,1079.0,0.2576096001489994,0.4549276001489994,0.9482226001489994,2.0334716001489994,,,,
6.974656,927,1079.0,0.2576096001489994,0.5535866001489994,0.9482226001489994,2.0334716001489994,,,,
6.975735,927,1079.0,0.3562686001489994,0.5535866001489994,0.9482226001489994,2.1321306001489995,,,,
6.976814,927,1079.0,0.3562686001489994,0.5535866001489994,1.0468816001489993,2.1321306001489995,,,,
6.977893,927,1079.0,0.2576096001489994,0.5535866001489994,1.0468816001489993,2.2307896001489995,,,,
6.978972,927,1079.0,0.3562686001489994,0.5535866001489994,1.0468816001489993,2.329448600148999,,,,
6.980051,927,1079.0,0.3562686001489994,0.5535866001489994,1.1455406001489994,2.428107600148999,,,,
6.98113,927,1079.0,0.3562686001489994,0.6522456001489993,1.0468816001489993,2.329448600148999,,,,
6.982209,927,1079.0,0.3562686001489994,0.6522456001489993,1.0468816001489993,2.1321306001489995,,,,
6.983288,927,1079.0,0.3562686001489994,0.5535866001489994,0.8495636001489993,2.0334716001489994,,,,
6.984367,927,1079.0,0.3562686001489994,0.4549276001489994,0.8495636001489993,1.9348126001489994,,,,
6.985446,927,1079.0,0.2576096001489994,0.3562686001489994,0.7509046001489994,1.9348126001489994,,,,
6.986525,927,1079.0,0.2576096001489994,0.3562686001489994,0.7509046001489994,1.7374946001489993,,,,
6.987604,927,1079.0,0.2576096001489994,0.3562686001489994,0.6522456001489993,1.5401766001489994,,,,
6.988683,927,1079.0,0.2576096001489994,0.3562686001489994,0.4549276001489994,1.3428586001489993,,,,
6.989762,927,1079.0,0.1589506001489994,0.2576096001489994,0.4549276001489994,1.1455406001489994,,,,
6.990841,927,1079.0,0.060291600148999404,0.2576096001489994,0.4549276001489994,1.1455406001489994,,,,
6.99192,927,1079.0,0.1589506001489994,0.1589506001489994,0.4549276001489994,1.2441996001489994,,,,
6.992999,927,1079.0,0.1589506001489994,0.1589506001489994,0.4549276001489994,1.3428586001489993,,,,
6.994078,927,1079.0,0.1589506001489994,0.2576096001489994,0.5535866001489994,1.3428586001489993,,,,
6.995157,927,1079.0,0.2576096001489994,0.2576096001489994,0.4549276001489994,1.2441996001489994,,,,
6.996236,927,1079.0,0.2576096001489994,0.3562686001489994,0.4549276001489994,1.2441996001489994,,,,
6.997315,927,1079.0,0.2576096001489994,0.3562686001489994,0.4549276001489994,1.3428586001489993,,,,
6.998394,927,1079.0,0.2576096001489994,0.2576096001489994,0.5535866001489994,1.4415176001489993,,,,
6.999473,927,1079.0,0.2576096001489994,0.3562686001489994,0.6522456001489993,1.5401766001489994,,,,
7.000552,927,1079.0,0.3562686001489994,0.3562686001489994,0.6522456001489993,1.5401766001489994,,,,
7.001631,927,1079.0,0.3562686001489994,0.3562686001489994,0.5535866001489994,1.3428586001489993,,,,
7.00271,927,1079.0,0.3562686001489994,0.3562686001489994,0.3562686001489994,1.0468816001489993,,,,
7.003789,927,1079.0,0.2576096001489994,0.2576096001489994,0.2576096001489994,0.9482226001489994,,,,
7.004868,927,1079.0,0.2576096001489994,0.2576096001489994,0.2576096001489994,0.9482226001489994,,,,
7.005947,927,1079.0,0.1589506001489994,0.1589506001489994,0.2576096001489994,0.8495636001489993,,,,
7.007026,927,1079.0,0.1589506001489994,0.060291600148999404,0.1589506001489994,0.7509046001489994,,,,
7.008105,927,1079.0,0.060291600148999404,0.060291600148999404,0.060291600148999404,0.5535866001489994,,,,
7.009184,927,1079.0,0.1589506001489994,0.060291600148999404,-0.03836739985100059,0.2576096001489994,,,,
7.010263,927,1079.0,0.060291600148999404,-0.03836739985100059,-0.1370263998510006,0.1589506001489994,,,,
7.011342,927,1079.0,0.060291600148999404,-0.03836739985100059,-0.03836739985100059,0.2576096001489994,,,,
7.012421,927,1079.0,0.060291600148999404,-0.03836739985100059,-0.03836739985100059,0.3562686001489994,,,,
7.0135,927,1079.0,0.060291600148999404,-0.03836739985100059,0.060291600148999404,0.4549276001489994,,,,
7.014579,927,1079.0,0.1589506001489994,-0.03836739985100059,0.060291600148999404,0.5535866001489994,,,,
7.015658,927,1079.0,0.1589506001489994,0.060291600148999404,-0.03836739985100059,0.4549276001489994,,,,
7.016737,927,1079.0,0.2576096001489994,0.060291600148999404,-0.03836739985100059,0.4549276001489994,,,,
7.017816,927,1079.0,0.2576096001489994,0.060291600148999404,-0.03836739985100059,0.4549276001489994,,,,
7.018895,927,1079.0,0.2576096001489994,0.060291600148999404,0.060291600148999404,0.6522456001489993,,,,
7.019974,927,1079.0,0.2576096001489994,0.060291600148999404,0.060291600148999404,0.7509046001489994,,,,
7.021053,927,1079.0,0.2576096001489994,0.060291600148999404,0.060291600148999404,0.6522456001489993,,,,
7.022132,927,1079.0,0.2576096001489994,0.060291600148999404,-0.03836739985100059,0.4549276001489994,,,,
7.023211,927,1079.0,0.2576096001489994,0.060291600148999404,-0.1370263998510006,0.1589506001489994,,,,
7.02429,927,1079.0,0.1589506001489994,-0.03836739985100059,-0.2356853998510006,0.060291600148999404,,,,
7.025369,927,1079.0,0.1589506001489994,-0.03836739985100059,-0.2356853998510006,0.060291600148999404,,,,
7.026448,927,1079.0,0.1589506001489994,-0.1370263998510006,-0.2356853998510006,0.060291600148999404,,,,
7.027527,927,1079.0,0.060291600148999404,-0.1370263998510006,-0.33434439985100056,-0.03836739985100059,,,,
7.028606,927,1079.0,0.060291600148999404,-0.2356853998510006,-0.43300339985100056,-0.2356853998510006,,,,
7.029685,927,1079.0,0.060291600148999404,-0.2356853998510006,-0.5316623998510006,-0.43300339985100056,,,,
7.030764,927,1079.0,0.060291600148999404,-0.2356853998510006,-0.5316623998510006,-0.43300339985100056,,,,
7.031843,927,1079.0,0.060291600148999404,-0.2356853998510006,-0.5316623998510006,-0.33434439985100056,,,,
7.032922,927,1079.0,0.060291600148999404,-0.1370263998510006,-0.43300339985100056,-0.1370263998510006,,,,
7.034001,927,1079.0,0.060291600148999404,-0.1370263998510006,-0.33434439985100056,-0.03836739985100059,,,,
7.03508,927,1079.0,0.060291600148999404,-0.1370263998510006,-0.2356853998510006,0.060291600148999404,,,,
7.036159,927,1079.0,0.1589506001489994,-0.1370263998510006,-0.33434439985100056,0.060291600148999404,,,,
7.037238,927,1079.0,0.1589506001489994,-0.03836739985100059,-0.33434439985100056,-0.03836739985100059,,,,
7.038317,927,1079.0,0.2576096001489994,0.060291600148999404,-0.2356853998510006,0.1589506001489994,,,,
7.039396,927,1079.0,0.2576096001489994,-0.03836739985100059,-0.1370263998510006,0.2576096001489994,,,,
7.040475,927,1079.0,0.2576096001489994,-0.03836739985100059,-0.1370263998510006,0.2576096001489994,,,,
7.041554,927,1079.0,0.2576096001489994,-0.03836739985100059,-0.2356853998510006,0.2576096001489994,,,,
7.042633,927,1079.0,0.1589506001489994,-0.1370263998510006,-0.33434439985100056,0.060291600148999404,,,,
7.043712,927,1079.0,0.1589506001489994,-0.1370263998510006,-0.43300339985100056,-0.1370263998510006,,,,
7.044791,927,1079.0,0.1589506001489994,-0.1370263998510006,-0.43300339985100056,-0.2356853998510006,,,,
7.04587,927,1079.0,0.1589506001489994,-0.1370263998510006,-0.5316623998510006,-0.2356853998510006,,,,
7.046949,927,1079.0,0.060291600148999404,-0.1370263998510006,-0.43300339985100056,-0.2356853998510006,,,,
7.048028,927,1079.0,0.060291600148999404,-0.33434439985100056,-0.5316623998510006,-0.2356853998510006,,,,
7.049107,927,1079.0,-0.03836739985100059,-0.33434439985100056,-0.5316623998510006,-0.33434439985100056,,,,
7.050186,927,1079.0,0.060291600148999404,-0.2356853998510006,-0.5316623998510006,-0.43300339985100056,,,,
7.051265,927,1079.0,0.060291600148999404,-0.1370263998510006,-0.43300339985100056,-0.33434439985100056,,,,
7.052344,927,1079.0,0.060291600148999404,-0.1370263998510006,-0.43300339985100056,-0.2356853998510006,,,,
7.053423,927,1079.0,0.1589506001489994,-0.1370263998510006,-0.33434439985100056,-0.03836739985100059,,,,
7.054502,927,1079.0,0.1589506001489994,-0.1370263998510006,-0.2356853998510006,0.1589506001489994,,,,
7.055581,927,1079.0,0.1589506001489994,-0.1370263998510006,-0.1370263998510006,0.1589506001489994,,,,
7.05666,927,1079.0,0.1589506001489994,-0.03836739985100059,-0.1370263998510006,0.1589506001489994,,,,
7.057739,927,1079.0,0.2576096001489994,0.060291600148999404,-0.1370263998510006,0.2576096001489994,,,,
7.058818,927,1079.0,0.2576096001489994,0.060291600148999404,-0.03836739985100059,0.4549276001489994,,,,
7.059897,927,1079.0,0.2576096001489994,0.060291600148999404,-0.03836739985100059,0.4549276001489994,,,,
7.060976,927,1079.0,0.2576096001489994,0.060291600148999404,-0.03836739985100059,0.5535866001489994,,,,
7.062055,927,1079.0,0.1589506001489994,-0.03836739985100059,-0.03836739985100059,0.4549276001489994,,,,
7.063134,927,1079.0,0.1589506001489994,-0.03836739985100059,-0.03836739985100059,0.3562686001489994,,,,
7.064213,927,1079.0,0.1589506001489994,0.060291600148999404,-0.1370263998510006,0.2576096001489994,,,,
7.065292,927,1079.0,0.1589506001489994,-0.03836739985100059,-0.1370263998510006,0.1589506001489994,,,,
7.066371,927,1079.0,0.1589506001489994,-0.03836739985100059,-0.2356853998510006,0.1589506001489994,,,,
7.06745,927,1079.0,0.060291600148999404,-0.1370263998510006,-0.1370263998510006,0.1589506001489994,,,,
7.068529,927,1079.0,0.060291600148999404,-0.1370263998510006,-0.2356853998510006,0.1589506001489994,,,,
7.069608,927,1079.0,0.060291600148999404,-0.1370263998510006,-0.2356853998510006,0.2576096001489994,,,,
7.070687,927,1079.0,0.060291600148999404,-0.03836739985100059,-0.1370263998510006,0.2576096001489994,,,,
7.071766,927,1079.0,0.1589506001489994,-0.03836739985100059,-0.03836739985100059,0.3562686001489994,,,,
7.072845,927,1079.0,0.1589506001489994,0.060291600148999404,-0.03836739985100059,0.4549276001489994,,,,
7.073924,927,1079.0,0.2576096001489994,0.060291600148999404,0.060291600148999404,0.6522456001489993,,,,
7.075003,927,1079.0,0.2576096001489994,0.060291600148999404,0.1589506001489994,0.8495636001489993,,,,
7.076082,927,1079.0,0.2576096001489994,0.060291600148999404,0.2576096001489994,1.0468816001489993,,,,
7.077161,927,1079.0,0.2576096001489994,0.1589506001489994,0.3562686001489994,1.0468816001489993,,,,
7.07824,927,1079.0,0.3562686001489994,0.2576096001489994,0.4549276001489994,1.1455406001489994,,,,
7.079319,927,1079.0,0.3562686001489994,0.3562686001489994,0.4549276001489994,1.1455406001489994,,,,
7.080398,927,1079.0,0.3562686001489994,0.2576096001489994,0.3562686001489994,1.1455406001489994,,,,
7.081477,927,1079.0,0.2576096001489994,0.2576096001489994,0.4549276001489994,1.2441996001489994,,,,
7.082556,927,1079.0,0.2576096001489994,0.2576096001489994,0.3562686001489994,1.1455406001489994,,,,
7.083635,927,1079.0,0.2576096001489994,0.1589506001489994,0.3562686001489994,1.1455406001489994,,,,
7.084714,927,1079.0,0.2576096001489994,0.1589506001489994,0.3562686001489994,1.0468816001489993,,,,
7.085793,927,1079.0,0.2576096001489994,0.2576096001489994,0.2576096001489994,0.9482226001489994,,,,
7.086872,927,1079.0,0.1589506001489994,0.2576096001489994,0.2576096001489994,0.9482226001489994,,,,
7.087951,927,1079.0,0.1589506001489994,0.1589506001489994,0.2576096001489994,0.9482226001489994,,,,
7.08903,927,1079.0,0.1589506001489994,0.1589506001489994,0.3562686001489994,1.0468816001489993,,,,
7.090109,927,1079.0,0.1589506001489994,0.1589506001489994,0.4549276001489994,1.2441996001489994,,,,
7.091188,927,1079.0,0.1589506001489994,0.2576096001489994,0.5535866001489994,1.3428586001489993,,,,
7.092267,927,1079.0,0.2576096001489994,0.2576096001489994,0.5535866001489994,1.3428586001489993,,,,
7.093346,927,1079.0,0.2576096001489994,0.3562686001489994,0.6522456001489993,1.4415176001489993,,,,
7.094425,927,1079.0,0.2576096001489994,0.3562686001489994,0.6522456001489993,1.5401766001489994,,,,
7.095504,927,1079.0,0.3562686001489994,0.4549276001489994,0.7509046001489994,1.7374946001489993,,,,
7.096583,927,1079.0,0.3562686001489994,0.4549276001489994,0.8495636001489993,2.0334716001489994,,,,
7.097662,927,1079.0,0.3562686001489994,0.5535866001489994,0.9482226001489994,2.1321306001489995,,,,
7.098741,927,1079.0,0.4549276001489994,0.5535866001489994,0.9482226001489994,2.1321306001489995,,,,
7.09982,927,1079.0,0.4549276001489994,0.5535866001489994,0.8495636001489993,2.0334716001489994,,,,
7.100899,927,1079.0,0.3562686001489994,0.5535866001489994,0.8495636001489993,1.9348126001489994,,,,
7.101978,927,1079.0,0.3562686001489994,0.4549276001489994,0.8495636001489993,2.0334716001489994,,,,
7.103057,927,1079.0,0.2576096001489994,0.4549276001489994,0.8495636001489993,2.0334716001489994,,,,
7.104136,927,1079.0,0.2576096001489994,0.4549276001489994,0.9482226001489994,2.0334716001489994,,,,
7.105215,927,1079.0,0.2576096001489994,0.4549276001489994,0.8495636001489993,1.9348126001489994,,,,
7.106294,927,1079.0,0.2576096001489994,0.4549276001489994,0.7509046001489994,1.7374946001489993,,,,
7.107373,927,1079.0,0.2576096001489994,0.4549276001489994,0.7509046001489994,1.6388356001489994,,,,
7.108452,927,1079.0,0.1589506001489994,0.3562686001489994,0.7509046001489994,1.6388356001489994,,,,
7.109531,927,1079.0,0.1589506001489994,0.4549276001489994,0.8495636001489993,1.8361536001489993,,,,
7.11061,927,1079.0,0.2576096001489994,0.4549276001489994,0.9482226001489994,2.0334716001489994,,,,
7.111689,927,1079.0,0.2576096001489994,0.4549276001489994,1.0468816001489993,2.2307896001489995,,,,
7.112768,927,1079.0,0.3562686001489994,0.5535866001489994,1.0468816001489993,2.2307896001489995,,,,
7.113847,927,1079.0,0.3562686001489994,0.5535866001489994,1.0468816001489993,2.2307896001489995,,,,
7.114926,927,1079.0,0.3562686001489994,0.6522456001489993,1.0468816001489993,2.329448600148999,,,,
7.116005,927,1079.0,0.3562686001489994,0.6522456001489993,1.1455406001489994,2.5267666001489992,,,,
7.117084,927,1079.0,0.4549276001489994,0.7509046001489994,1.3428586001489993,2.7240846001489993,,,,
7.118163,927,1079.0,0.4549276001489994,0.6522456001489993,1.3428586001489993,2.8227436001489994,,,,
7.119242,927,1079.0,0.4549276001489994,0.6522456001489993,1.3428586001489993,2.7240846001489993,,,,
7.120321,927,1079.0,0.4549276001489994,0.7509046001489994,1.2441996001489994,2.5267666001489992,,,,
7.1214,927,1079.0,0.4549276001489994,0.6522456001489993,1.1455406001489994,2.428107600148999,,,,
7.122479,927,1079.0,0.3562686001489994,0.6522456001489993,1.1455406001489994,2.329448600148999,,,,
7.123558,927,1079.0,0.3562686001489994,0.6522456001489993,1.1455406001489994,2.329448600148999,,,,
7.124637,927,1079.0,0.2576096001489994,0.5535866001489994,1.1455406001489994,2.329448600148999,,,,
7.125716,927,1079.0,0.2576096001489994,0.4549276001489994,1.0468816001489993,2.2307896001489995,,,,
7.126795,927,1079.0,0.2576096001489994,0.4549276001489994,0.9482226001489994,2.0334716001489994,,,,
7.127874,927,1079.0,0.2576096001489994,0.4549276001489994,0.9482226001489994,1.9348126001489994,,,,
7.128953,927,1079.0,0.2576096001489994,0.4549276001489994,0.9482226001489994,2.0334716001489994,,,,
7.130032,927,1079.0,0.2576096001489994,0.5535866001489994,1.0468816001489993,2.1321306001489995,,,,
7.131111,927,1079.0,0.2576096001489994,0.5535866001489994,1.0468816001489993,2.329448600148999,,,,
7.13219,927,1079.0,0.3562686001489994,0.4549276001489994,1.1455406001489994,2.428107600148999,,,,
7.133269,927,1079.0,0.3562686001489994,0.5535866001489994,1.1455406001489994,2.428107600148999,,,,
7.134348,927,1079.0,0.3562686001489994,0.6522456001489993,1.1455406001489994,2.428107600148999,,,,
7.135427,927,1079.0,0.3562686001489994,0.6522456001489993,1.1455406001489994,2.428107600148999,,,,
7.136506,927,1079.0,0.4549276001489994,0.6522456001489993,1.2441996001489994,2.5267666001489992,,,,
7.137585,927,1079.0,0.4549276001489994,0.6522456001489993,1.3428586001489993,2.7240846001489993,,,,
7.138664,927,1079.0,0.4549276001489994,0.6522456001489993,1.3428586001489993,2.7240846001489993,,,,
7.139743,927,1079.0,0.4549276001489994,0.5535866001489994,1.2441996001489994,2.5267666001489992,,,,
7.140822,927,1079.0,0.3562686001489994,0.6522456001489993,1.0468816001489993,2.329448600148999,,,,
7.141901,927,1079.0,0.3562686001489994,0.5535866001489994,0.9482226001489994,2.1321306001489995,,,,
7.14298,927,1079.0,0.3562686001489994,0.5535866001489994,0.9482226001489994,2.0334716001489994,,,,
7.144059,927,1079.0,0.2576096001489994,0.4549276001489994,0.8495636001489993,2.0334716001489994,,,,
7.145138,927,1079.0,0.2576096001489994,0.4549276001489994,0.8495636001489993,1.9348126001489994,,,,
7.146217,927,1079.0,0.1589506001489994,0.3562686001489994,0.8495636001489993,1.8361536001489993,,,,
7.147296,927,1079.0,0.1589506001489994,0.3562686001489994,0.7509046001489994,1.6388356001489994,,,,
7.148375,927,1079.0,0.1589506001489994,0.3562686001489994,0.7509046001489994,1.6388356001489994,,,,
7.149454,927,1079.0,0.2576096001489994,0.4549276001489994,0.7509046001489994,1.6388356001489994,,,,
7.150533,927,1079.0,0.2576096001489994,0.4549276001489994,0.7509046001489994,1.7374946001489993,,,,
7.151612,927,1079.0,0.2576096001489994,0.4549276001489994,0.8495636001489993,1.8361536001489993,,,,
7.152691,927,1079.0,0.2576096001489994,0.3562686001489994,0.8495636001489993,1.9348126001489994,,,,
7.15377,927,1079.0,0.2576096001489994,0.4549276001489994,0.8495636001489993,1.9348126001489994,,,,
7.154849,927,1079.0,0.3562686001489994,0.4549276001489994,0.8495636001489993,1.8361536001489993,,,,
7.155928,927,1079.0,0.3562686001489994,0.5535866001489994,0.8495636001489993,1.8361536001489993,,,,
7.157007,927,1079.0,0.4549276001489994,0.5535866001489994,0.8495636001489993,1.9348126001489994,,,,
7.158086,927,1079.0,0.4549276001489994,0.5535866001489994,0.8495636001489993,2.0334716001489994,,,,
7.159165,927,1079.0,0.3562686001489994,0.4549276001489994,0.8495636001489993,1.9348126001489994,,,,
7.160244,927,1079.0,0.2576096001489994,0.4549276001489994,0.7509046001489994,1.7374946001489993,,,,
7.161323,927,1079.0,0.2576096001489994,0.3562686001489994,0.5535866001489994,1.4415176001489993,,,,
7.162402,927,1079.0,0.3562686001489994,0.3562686001489994,0.4549276001489994,1.2441996001489994,,,,
7.163481,927,1079.0,0.2576096001489994,0.3562686001489994,0.4549276001489994,1.1455406001489994,,,,
7.16456,927,1079.0,0.2576096001489994,0.2576096001489994,0.3562686001489994,1.0468816001489993,,,,
7.165639,927,1079.0,0.1589506001489994,0.1589506001489994,0.3562686001489994,1.0468816001489993,,,,
7.166718,927,1079.0,0.060291600148999404,0.060291600148999404,0.2576096001489994,0.8495636001489993,,,,
7.167797,927,1079.0,0.060291600148999404,0.060291600148999404,0.2576096001489994,0.8495636001489993,,,,
7.168876,927,1079.0,0.1589506001489994,0.1589506001489994,0.2576096001489994,0.8495636001489993,,,,
7.169955,927,1079.0,0.1589506001489994,0.1589506001489994,0.1589506001489994,0.8495636001489993,,,,
7.171034,927,1079.0,0.2576096001489994,0.2576096001489994,0.2576096001489994,0.8495636001489993,,,,
7.172113,927,1079.0,0.2576096001489994,0.1589506001489994,0.3562686001489994,1.0468816001489993,,,,
7.173192,927,1079.0,0.1589506001489994,0.1589506001489994,0.3562686001489994,1.0468816001489993,,,,
7.174271,927,1079.0,0.2576096001489994,0.1589506001489994,0.2576096001489994,1.0468816001489993,,,,
7.17535,927,1079.0,0.2576096001489994,0.2576096001489994,0.3562686001489994,1.0468816001489993,,,,
7.176429,927,1079.0,0.3562686001489994,0.2576096001489994,0.3562686001489994,1.0468816001489993,,,,
7.177508,927,1079.0,0.3562686001489994,0.2576096001489994,0.2576096001489994,1.0468816001489993,,,,
7.178587,927,1079.0,0.2576096001489994,0.2576096001489994,0.2576096001489994,0.9482226001489994,,,,
7.179666,927,1079.0,0.2576096001489994,0.1589506001489994,0.2576096001489994,0.8495636001489993,,,,
7.180745,927,1079.0,0.1589506001489994,0.060291600148999404,0.1589506001489994,0.7509046001489994,,,,
7.181824,927,1079.0,0.1589506001489994,-0.03836739985100059,0.060291600148999404,0.5535866001489994,,,,
7.182903,927,1079.0,0.1589506001489994,0.060291600148999404,-0.03836739985100059,0.3562686001489994,,,,
7.183982,927,1079.0,0.1589506001489994,0.060291600148999404,-0.1370263998510006,0.2576096001489994,,,,
7.185061,927,1079.0,0.060291600148999404,-0.03836739985100059,-0.2356853998510006,0.2576096001489994,,,,
7.18614,927,1079.0,0.060291600148999404,-0.1370263998510006,-0.2356853998510006,0.060291600148999404,,,,
7.187219,927,1079.0,0.060291600148999404,-0.1370263998510006,-0.2356853998510006,0.060291600148999404,,,,
7.188298,927,1079.0,0.060291600148999404,-0.1370263998510006,-0.2356853998510006,0.060291600148999404,,,,
7.189377,927,1079.0,0.060291600148999404,-0.1370263998510006,-0.2356853998510006,0.060291600148999404,,,,
7.190456,927,1079.0,0.1589506001489994,-0.03836739985100059,-0.2356853998510006,0.060291600148999404,,,,
7.191535,927,1079.0,0.1589506001489994,-0.03836739985100059,-0.2356853998510006,0.1589506001489994,,,,
7.192614,927,1079.0,0.1589506001489994,-0.03836739985100059,-0.1370263998510006,0.2576096001489994,,,,
7.193693,927,1079.0,0.1589506001489994,-0.03836739985100059,-0.1370263998510006,0.3562686001489994,,,,
7.194772,927,1079.0,0.1589506001489994,-0.03836739985100059,-0.03836739985100059,0.4549276001489994,,,,
7.195851,927,1079.0,0.2576096001489994,0.060291600148999404,-0.03836739985100059,0.4549276001489994,,,,
7.19693,927,1079.0,0.2576096001489994,0.060291600148999404,-0.03836739985100059,0.3562686001489994,,,,
7.198009,927,1079.0,0.2576096001489994,0.060291600148999404,-0.1370263998510006,0.2576096001489994,,,,
7.199088,927,1079.0,0.2576096001489994,-0.03836739985100059,-0.2356853998510006,0.1589506001489994,,,,
7.200167,927,1079.0,0.1589506001489994,-0.03836739985100059,-0.2356853998510006,0.060291600148999404,,,,
7.201246,927,1079.0,0.1589506001489994,-0.1370263998510006,-0.2356853998510006,0.060291600148999404,,,,
7.202325,927,1079.0,0.060291600148999404,-0.1370263998510006,-0.33434439985100056,-0.1370263998510006,,,,
7.203404,927,1079.0,0.060291600148999404,-0.1370263998510006,-0.43300339985100056,-0.2356853998510006,,,,
7.204483,927,1079.0,0.060291600148999404,-0.1370263998510006,-0.5316623998510006,-0.33434439985100056,,,,
7.205562,927,1079.0,0.060291600148999404,-0.2356853998510006,-0.5316623998510006,-0.43300339985100056,,,,
7.206641,927,1079.0,-0.03836739985100059,-0.2356853998510006,-0.5316623998510006,-0.43300339985100056,,,,
7.20772,927,1079.0,-0.03836739985100059,-0.2356853998510006,-0.43300339985100056,-0.33434439985100056,,,,
7.208799,927,1079.0,0.060291600148999404,-0.2356853998510006,-0.43300339985100056,-0.1370263998510006,,,,
7.209878,927,1079.0,0.060291600148999404,-0.2356853998510006,-0.33434439985100056,-0.2356853998510006,,,,
7.210957,927,1079.0,0.1589506001489994,-0.1370263998510006,-0.33434439985100056,-0.1370263998510006,,,,
7.212036,927,1079.0,0.1589506001489994,-0.1370263998510006,-0.33434439985100056,-0.1370263998510006,,,,
7.213115,927,1079.0,0.1589506001489994,-0.03836739985100059,-0.2356853998510006,-0.03836739985100059,,,,
7.214194,927,1079.0,0.1589506001489994,-0.03836739985100059,-0.2356853998510006,0.1589506001489994,,,,
7.215273,927,1079.0,0.2576096001489994,-0.03836739985100059,-0.1370263998510006,0.3562686001489994,,,,
7.216352,927,1079.0,0.2576096001489994,-0.03836739985100059,-0.03836739985100059,0.2576096001489994,,,,
7.217431,927,1079.0,0.2576096001489994,-0.03836739985100059,-0.1370263998510006,0.2576096001489994,,,,
7.21851,927,1079.0,0.2576096001489994,0.060291600148999404,-0.2356853998510006,0.060291600148999404,,,,
7.219589,927,1079.0,0.1589506001489994,-0.03836739985100059,-0.33434439985100056,0.060291600148999404,,,,
7.220668,927,1079.0,0.1589506001489994,-0.03836739985100059,-0.2356853998510006,-0.03836739985100059,,,,
7.221747,927,1079.0,0.1589506001489994,-0.1370263998510006,-0.2356853998510006,-0.03836739985100059,,,,
7.222826,927,1079.0,0.060291600148999404,-0.1370263998510006,-0.33434439985100056,-0.03836739985100059,,,,
7.223905,927,1079.0,0.1589506001489994,-0.2356853998510006,-0.43300339985100056,-0.1370263998510006,,,,
7.224984,927,1079.0,0.060291600148999404,-0.1370263998510006,-0.5316623998510006,-0.33434439985100056,,,,
7.226063,927,1079.0,0.060291600148999404,-0.2356853998510006,-0.5316623998510006,-0.33434439985100056,,,,
7.227142,927,1079.0,0.060291600148999404,-0.2356853998510006,-0.43300339985100056,-0.2356853998510006,,,,
7.228221,927,1079.0,0.060291600148999404,-0.1370263998510006,-0.33434439985100056,-0.03836739985100059,,,,
7.2293,927,1079.0,0.060291600148999404,-0.1370263998510006,-0.1370263998510006,0.1589506001489994,,,,
7.230379,927,1079.0,0.1589506001489994,-0.03836739985100059,-0.1370263998510006,0.2576096001489994,,,,
7.231458,927,1079.0,0.1589506001489994,-0.03836739985100059,-0.1370263998510006,0.2576096001489994,,,,
7.232537,927,1079.0,0.1589506001489994,0.060291600148999404,-0.1370263998510006,0.2576096001489994,,,,
7.233616,927,1079.0,0.2576096001489994,0.060291600148999404,-0.03836739985100059,0.4549276001489994,,,,
7.234695,927,1079.0,0.2576096001489994,0.060291600148999404,0.060291600148999404,0.6522456001489993,,,,
7.235774,927,1079.0,0.2576096001489994,0.1589506001489994,0.1589506001489994,0.8495636001489993,,,,
7.236853,927,1079.0,0.2576096001489994,0.1589506001489994,0.2576096001489994,0.8495636001489993,,,,
7.237932,927,1079.0,0.2576096001489994,0.1589506001489994,0.1589506001489994,0.6522456001489993,,,,
7.239011,927,1079.0,0.2576096001489994,0.1589506001489994,0.060291600148999404,0.5535866001489994,,,,
7.24009,927,1079.0,0.2576096001489994,0.1589506001489994,-0.03836739985100059,0.4549276001489994,,,,
7.241169,927,1079.0,0.2576096001489994,0.060291600148999404,0.060291600148999404,0.5535866001489994,,,,
7.242248,927,1079.0,0.1589506001489994,0.060291600148999404,0.060291600148999404,0.5535866001489994,,,,
7.243327,927,1079.0,0.1589506001489994,0.060291600148999404,0.060291600148999404,0.5535866001489994,,,,
7.244406,927,1079.0,0.1589506001489994,0.060291600148999404,-0.03836739985100059,0.4549276001489994,,,,
7.245485,927,1079.0,0.060291600148999404,0.060291600148999404,-0.03836739985100059,0.3562686001489994,,,,
7.246564,927,1079.0,0.060291600148999404,0.060291600148999404,-0.03836739985100059,0.4549276001489994,,,,
7.247643,927,1079.0,0.060291600148999404,0.060291600148999404,0.060291600148999404,0.6522456001489993,,,,
7.248722,927,1079.0,0.1589506001489994,0.060291600148999404,0.2576096001489994,0.8495636001489993,,,,
7.249801,927,1079.0,0.1589506001489994,0.1589506001489994,0.2576096001489994,1.0468816001489993,,,,
7.25088,927,1079.0,0.1589506001489994,0.1589506001489994,0.3562686001489994,1.1455406001489994,,,,
7.251959,927,1079.0,0.2576096001489994,0.2576096001489994,0.4549276001489994,1.1455406001489994,,,,
7.253038,927,1079.0,0.2576096001489994,0.2576096001489994,0.4549276001489994,1.1455406001489994,,,,
7.254117,927,1079.0,0.3562686001489994,0.3562686001489994,0.5535866001489994,1.4415176001489993,,,,
7.255196,927,1079.0,0.3562686001489994,0.4549276001489994,0.6522456001489993,1.6388356001489994,,,,
7.256275,927,1079.0,0.3562686001489994,0.3562686001489994,0.7509046001489994,1.7374946001489993,,,,
7.257354,927,1079.0,0.3562686001489994,0.3562686001489994,0.7509046001489994,1.6388356001489994,,,,
7.258433,927,1079.0,0.3562686001489994,0.3562686001489994,0.6522456001489993,1.5401766001489994,,,,
7.259512,927,1079.0,0.2576096001489994,0.3562686001489994,0.5535866001489994,1.3428586001489993,,,,
7.260591,927,1079.0,0.2576096001489994,0.3562686001489994,0.5535866001489994,1.3428586001489993,,,,
7.26167,927,1079.0,0.2576096001489994,0.2576096001489994,0.5535866001489994,1.3428586001489993,,,,
7.262749,927,1079.0,0.1589506001489994,0.2576096001489994,0.5535866001489994,1.4415176001489993,,,,
7.263828,927,1079.0,0.2576096001489994,0.2576096001489994,0.5535866001489994,1.4415176001489993,,,,
7.264907,927,1079.0,0.1589506001489994,0.2576096001489994,0.4549276001489994,1.3428586001489993,,,,
7.265986,927,1079.0,0.1589506001489994,0.2576096001489994,0.4549276001489994,1.3428586001489993,,,,
7.267065,927,1079.0,0.1589506001489994,0.3562686001489994,0.5535866001489994,1.3428586001489993,,,,
7.268144,927,1079.0,0.2576096001489994,0.3562686001489994,0.6522456001489993,1.6388356001489994,,,,
7.269223,927,1079.0,0.2576096001489994,0.4549276001489994,0.7509046001489994,1.7374946001489993,,,,
7.270302,927,1079.0,0.2576096001489994,0.4549276001489994,0.8495636001489993,2.0334716001489994,,,,
7.271381,927,1079.0,0.2576096001489994,0.4549276001489994,0.9482226001489994,2.1321306001489995,,,,
7.27246,927,1079.0,0.3562686001489994,0.5535866001489994,1.0468816001489993,2.1321306001489995,,,,
7.273539,927,1079.0,0.4549276001489994,0.6522456001489993,1.0468816001489993,2.2307896001489995,,,,
7.274618,927,1079.0,0.4549276001489994,0.6522456001489993,1.0468816001489993,2.329448600148999,,,,
7.275697,927,1079.0,0.4549276001489994,0.6522456001489993,1.0468816001489993,2.428107600148999,,,,
7.276776,927,1079.0,0.4549276001489994,0.5535866001489994,1.1455406001489994,2.428107600148999,,,,
7.277855,927,1079.0,0.3562686001489994,0.5535866001489994,1.1455406001489994,2.329448600148999,,,,
7.278934,927,1079.0,0.3562686001489994,0.5535866001489994,1.0468816001489993,2.2307896001489995,,,,
7.280013,927,1079.0,0.2576096001489994,0.5535866001489994,0.9482226001489994,2.1321306001489995,,,,
7.281092,927,1079.0,0.3562686001489994,0.5535866001489994,0.9482226001489994,2.0334716001489994,,,,
7.282171,927,1079.0,0.2576096001489994,0.5535866001489994,0.9482226001489994,2.0334716001489994,,,,
7.28325,927,1079.0,0.2576096001489994,0.5535866001489994,0.9482226001489994,2.0334716001489994,,,,
7.284329,927,1079.0,0.2576096001489994,0.3562686001489994,0.9482226001489994,2.0334716001489994,,,,
7.285408,927,1079.0,0.1589506001489994,0.4549276001489994,0.9482226001489994,2.0334716001489994,,,,
7.286487,927,1079.0,0.2576096001489994,0.4549276001489994,0.9482226001489994,2.0334716001489994,,,,
7.287566,927,1079.0,0.2576096001489994,0.5535866001489994,0.9482226001489994,2.1321306001489995,,,,
7.288645,927,1079.0,0.3562686001489994,0.5535866001489994,1.0468816001489993,2.2307896001489995,,,,
7.289724,927,1079.0,0.3562686001489994,0.5535866001489994,1.1455406001489994,2.329448600148999,,,,
7.290803,927,1079.0,0.3562686001489994,0.6522456001489993,1.2441996001489994,2.5267666001489992,,,,
7.291882,927,1079.0,0.3562686001489994,0.6522456001489993,1.2441996001489994,2.6254256001489993,,,,
7.292961,927,1079.0,0.3562686001489994,0.6522456001489993,1.2441996001489994,2.6254256001489993,,,,
7.29404,927,1079.0,0.4549276001489994,0.6522456001489993,1.3428586001489993,2.7240846001489993,,,,
7.295119,927,1079.0,0.5535866001489994,0.7509046001489994,1.3428586001489993,2.7240846001489993,,,,
7.296198,927,1079.0,0.4549276001489994,0.7509046001489994,1.2441996001489994,2.6254256001489993,,,,
7.297277,927,1079.0,0.4549276001489994,0.6522456001489993,1.2441996001489994,2.6254256001489993,,,,
7.298356,927,1079.0,0.3562686001489994,0.6522456001489993,1.2441996001489994,2.5267666001489992,,,,
7.299435,927,1079.0,0.3562686001489994,0.5535866001489994,1.1455406001489994,2.428107600148999,,,,
7.300514,927,1079.0,0.2576096001489994,0.5535866001489994,1.1455406001489994,2.2307896001489995,,,,
7.301593,927,1079.0,0.3562686001489994,0.5535866001489994,1.0468816001489993,2.1321306001489995,,,,
7.302672,927,1079.0,0.2576096001489994,0.5535866001489994,0.9482226001489994,2.0334716001489994,,,,
7.303751,927,1079.0,0.2576096001489994,0.4549276001489994,0.9482226001489994,1.9348126001489994,,,,
7.30483,927,1079.0,0.1589506001489994,0.4549276001489994,0.9482226001489994,2.0334716001489994,,,,
7.305909,927,1079.0,0.1589506001489994,0.4549276001489994,0.9482226001489994,2.0334716001489994,,,,
7.306988,927,1079.0,0.2576096001489994,0.4549276001489994,0.9482226001489994,2.1321306001489995,,,,
7.308067,927,1079.0,0.2576096001489994,0.5535866001489994,0.9482226001489994,2.1321306001489995,,,,
7.309146,927,1079.0,0.2576096001489994,0.5535866001489994,1.0468816001489993,2.1321306001489995,,,,
7.310225,927,1079.0,0.2576096001489994,0.6522456001489993,1.0468816001489993,2.2307896001489995,,,,
7.311304,927,1079.0,0.3562686001489994,0.5535866001489994,1.0468816001489993,2.329448600148999,,,,
7.312383,927,1079.0,0.3562686001489994,0.5535866001489994,1.1455406001489994,2.428107600148999,,,,
7.313462,927,1079.0,0.4549276001489994,0.6522456001489993,1.2441996001489994,2.5267666001489992,,,,
7.314541,927,1079.0,0.4549276001489994,0.6522456001489993,1.1455406001489994,2.428107600148999,,,,
7.31562,927,1079.0,0.4549276001489994,0.6522456001489993,1.0468816001489993,2.2307896001489995,,,,
7.316699,927,1079.0,0.4549276001489994,0.6522456001489993,1.0468816001489993,2.1321306001489995,,,,
7.317778,927,1079.0,0.3562686001489994,0.6522456001489993,0.9482226001489994,2.0334716001489994,,,,
7.318857,927,1079.0,0.3562686001489994,0.5535866001489994,0.8495636001489993,2.0334716001489994,,,,
7.319936,927,1079.0,0.2576096001489994,0.4549276001489994,0.8495636001489993,1.8361536001489993,,,,
7.321015,927,1079.0,0.2576096001489994,0.3562686001489994,0.7509046001489994,1.7374946001489993,,,,
7.322094,927,1079.0,0.2576096001489994,0.3562686001489994,0.6522456001489993,1.5401766001489994,,,,
7.323173,927,1079.0,0.2576096001489994,0.3562686001489994,0.5535866001489994,1.3428586001489993,,,,
7.324252,927,1079.0,0.1589506001489994,0.2576096001489994,0.5535866001489994,1.3428586001489993,,,,
7.325331,927,1079.0,0.1589506001489994,0.2576096001489994,0.6522456001489993,1.4415176001489993,,,,
7.32641,927,1079.0,0.2576096001489994,0.2576096001489994,0.6522456001489993,1.5401766001489994,,,,
7.327489,927,1079.0,0.2576096001489994,0.3562686001489994,0.6522456001489993,1.5401766001489994,,,,
7.328568,927,1079.0,0.2576096001489994,0.3562686001489994,0.6522456001489993,1.4415176001489993,,,,
7.329647,927,1079.0,0.2576096001489994,0.3562686001489994,0.6522456001489993,1.4415176001489993,,,,
7.330726,927,1079.0,0.3562686001489994,0.3562686001489994,0.6522456001489993,1.4415176001489993,,,,
7.331805,927,1079.0,0.3562686001489994,0.3562686001489994,0.6522456001489993,1.5401766001489994,,,,
7.332884,927,1079.0,0.3562686001489994,0.3562686001489994,0.7509046001489994,1.7374946001489993,,,,
7.333963,927,1079.0,0.3562686001489994,0.3562686001489994,0.7509046001489994,1.7374946001489993,,,,
7.335042,927,1079.0,0.3562686001489994,0.3562686001489994,0.6522456001489993,1.5401766001489994,,,,
7.336121,927,1079.0,0.3562686001489994,0.3562686001489994,0.5535866001489994,1.3428586001489993,,,,
7.3372,927,1079.0,0.3562686001489994,0.2576096001489994,0.4549276001489994,1.1455406001489994,,,,
7.338279,927,1079.0,0.2576096001489994,0.2576096001489994,0.3562686001489994,1.0468816001489993,,,,
7.339358,927,1079.0,0.2576096001489994,0.1589506001489994,0.3562686001489994,1.0468816001489993,,,,
7.340437,927,1079.0,0.1589506001489994,0.1589506001489994,0.3562686001489994,0.9482226001489994,,,,
7.341516,927,1079.0,0.1589506001489994,0.060291600148999404,0.2576096001489994,0.7509046001489994,,,,
7.342595,927,1079.0,0.1589506001489994,0.060291600148999404,0.060291600148999404,0.5535866001489994,,,,
7.343674,927,1079.0,0.060291600148999404,0.060291600148999404,-0.03836739985100059,0.3562686001489994,,,,
7.344753,927,1079.0,0.1589506001489994,0.060291600148999404,-0.03836739985100059,0.4549276001489994,,,,
7.345832,927,1079.0,0.1589506001489994,0.060291600148999404,0.060291600148999404,0.5535866001489994,,,,
7.346911,927,1079.0,0.1589506001489994,0.060291600148999404,0.1589506001489994,0.6522456001489993,,,,
7.34799,927,1079.0,0.1589506001489994,0.060291600148999404,0.1589506001489994,0.7509046001489994,,,,
7.349069,927,1079.0,0.1589506001489994,0.060291600148999404,0.060291600148999404,0.6522456001489993,,,,
7.350148,927,1079.0,0.2576096001489994,0.1589506001489994,0.060291600148999404,0.5535866001489994,,,,
7.351227,927,1079.0,0.2576096001489994,0.1589506001489994,0.060291600148999404,0.5535866001489994,,,,
7.352306,927,1079.0,0.2576096001489994,0.1589506001489994,0.1589506001489994,0.7509046001489994,,,,
7.353385,927,1079.0,0.2576096001489994,0.1589506001489994,0.2576096001489994,0.8495636001489993,,,,
7.354464,927,1079.0,0.3562686001489994,0.1589506001489994,0.1589506001489994,0.7509046001489994,,,,
7.355543,927,1079.0,0.2576096001489994,0.060291600148999404,0.060291600148999404,0.6522456001489993,,,,
7.356622,927,1079.0,0.2576096001489994,0.060291600148999404,-0.03836739985100059,0.3562686001489994,,,,
7.357701,927,1079.0,0.1589506001489994,0.060291600148999404,-0.1370263998510006,0.2576096001489994,,,,
7.35878,927,1079.0,0.1589506001489994,-0.03836739985100059,-0.1370263998510006,0.1589506001489994,,,,
7.359859,927,1079.0,0.1589506001489994,-0.03836739985100059,-0.2356853998510006,0.1589506001489994,,,,
7.360938,927,1079.0,0.060291600148999404,-0.1370263998510006,-0.2356853998510006,0.060291600148999404,,,,
7.362017,927,1079.0,0.060291600148999404,-0.1370263998510006,-0.33434439985100056,-0.1370263998510006,,,,
7.363096,927,1079.0,-0.03836739985100059,-0.1370263998510006,-0.43300339985100056,-0.2356853998510006,,,,
7.364175,927,1079.0,0.060291600148999404,-0.1370263998510006,-0.43300339985100056,-0.33434439985100056,,,,
7.365254,927,1079.0,0.060291600148999404,-0.1370263998510006,-0.43300339985100056,-0.2356853998510006,,,,
7.366333,927,1079.0,0.1589506001489994,-0.1370263998510006,-0.33434439985100056,-0.03836739985100059,,,,
7.367412,927,1079.0,0.060291600148999404,-0.1370263998510006,-0.2356853998510006,0.060291600148999404,,,,
7.368491,927,1079.0,0.060291600148999404,-0.1370263998510006,-0.2356853998510006,0.060291600148999404,,,,
7.36957,927,1079.0,0.1589506001489994,-0.1370263998510006,-0.2356853998510006,0.060291600148999404,,,,
7.370649,927,1079.0,0.1589506001489994,-0.03836739985100059,-0.2356853998510006,0.060291600148999404,,,,
7.371728,927,1079.0,0.2576096001489994,0.060291600148999404,-0.2356853998510006,0.1589506001489994,,,,
7.372807,927,1079.0,0.2576096001489994,0.060291600148999404,-0.1370263998510006,0.2576096001489994,,,,
7.373886,927,1079.0,0.2576096001489994,0.060291600148999404,-0.1370263998510006,0.2576096001489994,,,,
7.374965,927,1079.0,0.1589506001489994,-0.03836739985100059,-0.2356853998510006,0.2576096001489994,,,,
7.376044,927,1079.0,0.1589506001489994,-0.1370263998510006,-0.2356853998510006,0.1589506001489994,,,,
7.377123,927,1079.0,0.1589506001489994,-0.1370263998510006,-0.33434439985100056,-0.03836739985100059,,,,
7.378202,927,1079.0,0.1589506001489994,-0.1370263998510006,-0.43300339985100056,-0.2356853998510006,,,,
7.379281,927,1079.0,0.1589506001489994,-0.1370263998510006,-0.43300339985100056,-0.33434439985100056,,,,
7.38036,927,1079.0,0.060291600148999404,-0.2356853998510006,-0.5316623998510006,-0.33434439985100056,,,,
7.381439,927,1079.0,0.060291600148999404,-0.2356853998510006,-0.43300339985100056,-0.33434439985100056,,,,
7.382518,927,1079.0,-0.03836739985100059,-0.33434439985100056,-0.5316623998510006,-0.43300339985100056,,,,
7.383597,927,1079.0,-0.03836739985100059,-0.2356853998510006,-0.5316623998510006,-0.43300339985100056,,,,
7.384676,927,1079.0,0.060291600148999404,-0.2356853998510006,-0.5316623998510006,-0.33434439985100056,,,,
7.385755,927,1079.0,0.060291600148999404,-0.2356853998510006,-0.43300339985100056,-0.2356853998510006,,,,
7.386834,927,1079.0,0.1589506001489994,-0.1370263998510006,-0.33434439985100056,-0.1370263998510006,,,,
7.387913,927,1079.0,0.1589506001489994,-0.1370263998510006,-0.2356853998510006,-0.03836739985100059,,,,
7.388992,927,1079.0,0.1589506001489994,-0.1370263998510006,-0.2356853998510006,0.1589506001489994,,,,
7.390071,927,1079.0,0.1589506001489994,-0.03836739985100059,-0.2356853998510006,0.1589506001489994,,,,
7.39115,927,1079.0,0.2576096001489994,-0.03836739985100059,-0.1370263998510006,0.2576096001489994,,,,
7.392229,927,1079.0,0.2576096001489994,0.060291600148999404,-0.1370263998510006,0.2576096001489994,,,,
7.393308,927,1079.0,0.2576096001489994,0.1589506001489994,-0.1370263998510006,0.3562686001489994,,,,
7.394387,927,1079.0,0.2576096001489994,0.060291600148999404,-0.1370263998510006,0.2576096001489994,,,,
7.395466,927,1079.0,0.2576096001489994,0.060291600148999404,-0.1370263998510006,0.3562686001489994,,,,
7.396545,927,1079.0,0.1589506001489994,-0.03836739985100059,-0.1370263998510006,0.2576096001489994,,,,
7.397624,927,1079.0,0.1589506001489994,-0.1370263998510006,-0.2356853998510006,0.1589506001489994,,,,
7.398703,927,1079.0,0.1589506001489994,-0.03836739985100059,-0.33434439985100056,0.060291600148999404,,,,
7.399782,927,1079.0,0.060291600148999404,-0.03836739985100059,-0.33434439985100056,-0.03836739985100059,,,,
7.400861,927,1079.0,0.060291600148999404,-0.1370263998510006,-0.33434439985100056,-0.03836739985100059,,,,
7.40194,927,1079.0,0.060291600148999404,-0.1370263998510006,-0.33434439985100056,-0.03836739985100059,,,,
7.403019,927,1079.0,0.060291600148999404,-0.1370263998510006,-0.2356853998510006,0.060291600148999404,,,,
7.404098,927,1079.0,0.060291600148999404,-0.1370263998510006,-0.2356853998510006,0.1589506001489994,,,,
7.405177,927,1079.0,0.060291600148999404,-0.03836739985100059,-0.1370263998510006,0.1589506001489994,,,,
7.406256,927,1079.0,0.1589506001489994,0.060291600148999404,-0.03836739985100059,0.2576096001489994,,,,
7.407335,927,1079.0,0.1589506001489994,0.060291600148999404,-0.03836739985100059,0.4549276001489994,,,,
7.408414,927,1079.0,0.1589506001489994,0.060291600148999404,0.060291600148999404,0.5535866001489994,,,,
7.409493,927,1079.0,0.1589506001489994,0.060291600148999404,0.1589506001489994,0.7509046001489994,,,,
7.410572,927,1079.0,0.2576096001489994,0.1589506001489994,0.2576096001489994,0.9482226001489994,,,,
7.411651,927,1079.0,0.2576096001489994,0.2576096001489994,0.2576096001489994,1.0468816001489993,,,,
7.41273,927,1079.0,0.3562686001489994,0.2576096001489994,0.3562686001489994,0.9482226001489994,,,,
7.413809,927,1079.0,0.3562686001489994,0.2576096001489994,0.2576096001489994,0.9482226001489994,,,,
7.414888,927,1079.0,0.3562686001489994,0.2576096001489994,0.2576096001489994,0.9482226001489994,,,,
7.415967,927,1079.0,0.2576096001489994,0.1589506001489994,0.2576096001489994,0.9482226001489994,,,,
7.417046,927,1079.0,0.1589506001489994,0.1589506001489994,0.2576096001489994,0.9482226001489994,,,,
7.418125,927,1079.0,0.1589506001489994,0.1589506001489994,0.2576096001489994,0.9482226001489994,,,,
7.419204,927,1079.0,0.1589506001489994,0.1589506001489994,0.2576096001489994,0.7509046001489994,,,,
7.420283,927,1079.0,0.1589506001489994,0.1589506001489994,0.1589506001489994,0.7509046001489994,,,,
7.421362,927,1079.0,0.1589506001489994,0.1589506001489994,0.1589506001489994,0.7509046001489994,,,,
7.422441,927,1079.0,0.1589506001489994,0.060291600148999404,0.1589506001489994,0.7509046001489994,,,,
7.42352,927,1079.0,0.1589506001489994,0.060291600148999404,0.2576096001489994,1.0468816001489993,,,,
7.424599,927,1079.0,0.1589506001489994,0.1589506001489994,0.3562686001489994,1.1455406001489994,,,,
7.425678,927,1079.0,0.1589506001489994,0.2576096001489994,0.4549276001489994,1.2441996001489994,,,,
7.426757,927,1079.0,0.2576096001489994,0.2576096001489994,0.4549276001489994,1.2441996001489994,,,,
7.427836,927,1079.0,0.2576096001489994,0.3562686001489994,0.5535866001489994,1.3428586001489993,,,,
7.428915,927,1079.0,0.2576096001489994,0.3562686001489994,0.6522456001489993,1.5401766001489994,,,,
7.429994,927,1079.0,0.3562686001489994,0.3562686001489994,0.7509046001489994,1.7374946001489993,,,,
7.431073,927,1079.0,0.3562686001489994,0.4549276001489994,0.8495636001489993,2.0334716001489994,,,,
7.432152,927,1079.0,0.3562686001489994,0.5535866001489994,0.9482226001489994,2.0334716001489994,,,,
7.433231,927,1079.0,0.4549276001489994,0.5535866001489994,0.8495636001489993,1.8361536001489993,,,,
7.43431,927,1079.0,0.4549276001489994,0.5535866001489994,0.7509046001489994,1.7374946001489993,,,,
7.435389,927,1079.0,0.3562686001489994,0.4549276001489994,0.7509046001489994,1.7374946001489993,,,,
7.436468,927,1079.0,0.2576096001489994,0.4549276001489994,0.7509046001489994,1.7374946001489993,,,,
7.437547,927,1079.0,0.2576096001489994,0.4549276001489994,0.7509046001489994,1.8361536001489993,,,,
7.438626,927,1079.0,0.2576096001489994,0.4549276001489994,0.7509046001489994,1.7374946001489993,,,,
7.439705,927,1079.0,0.2576096001489994,0.3562686001489994,0.6522456001489993,1.6388356001489994,,,,
7.440784,927,1079.0,0.2576096001489994,0.3562686001489994,0.6522456001489993,1.4415176001489993,,,,
7.441863,927,1079.0,0.1589506001489994,0.3562686001489994,0.6522456001489993,1.4415176001489993,,,,
7.442942,927,1079.0,0.1589506001489994,0.3562686001489994,0.7509046001489994,1.6388356001489994,,,,
7.444021,927,1079.0,0.1589506001489994,0.4549276001489994,0.8495636001489993,1.8361536001489993,,,,
7.4451,927,1079.0,0.2576096001489994,0.4549276001489994,0.9482226001489994,2.1321306001489995,,,,
7.446179,927,1079.0,0.2576096001489994,0.4549276001489994,0.9482226001489994,2.1321306001489995,,,,
7.447258,927,1079.0,0.3562686001489994,0.5535866001489994,0.9482226001489994,2.2307896001489995,,,,
7.448337,927,1079.0,0.3562686001489994,0.5535866001489994,1.0468816001489993,2.2307896001489995,,,,
7.449416,927,1079.0,0.3562686001489994,0.6522456001489993,1.0468816001489993,2.329448600148999,,,,
7.450495,927,1079.0,0.4549276001489994,0.6522456001489993,1.2441996001489994,2.5267666001489992,,,,
7.451574,927,1079.0,0.4549276001489994,0.6522456001489993,1.2441996001489994,2.7240846001489993,,,,
7.452653,927,1079.0,0.4549276001489994,0.6522456001489993,1.3428586001489993,2.6254256001489993,,,,
7.453732,927,1079.0,0.4549276001489994,0.6522456001489993,1.2441996001489994,2.5267666001489992,,,,
7.454811,927,1079.0,0.4549276001489994,0.6522456001489993,1.1455406001489994,2.329448600148999,,,,
7.45589,927,1079.0,0.3562686001489994,0.6522456001489993,1.1455406001489994,2.329448600148999,,,,
7.456969,927,1079.0,0.3562686001489994,0.5535866001489994,1.0468816001489993,2.329448600148999,,,,
7.458048,927,1079.0,0.2576096001489994,0.5535866001489994,1.0468816001489993,2.329448600148999,,,,
7.459127,927,1079.0,0.2576096001489994,0.4549276001489994,1.0468816001489993,2.2307896001489995,,,,
7.460206,927,1079.0,0.1589506001489994,0.4549276001489994,0.9482226001489994,2.1321306001489995,,,,
7.461285,927,1079.0,0.1589506001489994,0.4549276001489994,0.8495636001489993,1.9348126001489994,,,,
7.462364,927,1079.0,0.2576096001489994,0.4549276001489994,0.9482226001489994,2.0334716001489994,,,,
7.463443,927,1079.0,0.2576096001489994,0.5535866001489994,1.0468816001489993,2.1321306001489995,,,,
7.464522,927,1079.0,0.2576096001489994,0.5535866001489994,1.1455406001489994,2.329448600148999,,,,
7.465601,927,1079.0,0.2576096001489994,0.5535866001489994,1.1455406001489994,2.428107600148999,,,,
7.46668,927,1079.0,0.3562686001489994,0.5535866001489994,1.1455406001489994,2.428107600148999,,,,
7.467759,927,1079.0,0.3562686001489994,0.6522456001489993,1.1455406001489994,2.5267666001489992,,,,
7.468838,927,1079.0,0.3562686001489994,0.6522456001489993,1.1455406001489994,2.5267666001489992,,,,
7.469917,927,1079.0,0.4549276001489994,0.7509046001489994,1.2441996001489994,2.6254256001489993,,,,
7.470996,927,1079.0,0.4549276001489994,0.7509046001489994,1.3428586001489993,2.8227436001489994,,,,
7.472075,927,1079.0,0.4549276001489994,0.7509046001489994,1.3428586001489993,2.8227436001489994,,,,
7.473154,927,1079.0,0.4549276001489994,0.6522456001489993,1.2441996001489994,2.6254256001489993,,,,
7.474233,927,1079.0,0.3562686001489994,0.6522456001489993,1.2441996001489994,2.428107600148999,,,,
7.475312,927,1079.0,0.3562686001489994,0.6522456001489993,1.0468816001489993,2.329448600148999,,,,
7.476391,927,1079.0,0.3562686001489994,0.5535866001489994,0.9482226001489994,2.1321306001489995,,,,
7.47747,927,1079.0,0.2576096001489994,0.5535866001489994,1.0468816001489993,2.1321306001489995,,,,
7.478549,927,1079.0,0.2576096001489994,0.4549276001489994,0.9482226001489994,2.1321306001489995,,,,
7.479628,927,1079.0,0.2576096001489994,0.3562686001489994,0.9482226001489994,2.0334716001489994,,,,
7.480707,927,1079.0,0.1589506001489994,0.3562686001489994,0.8495636001489993,1.8361536001489993,,,,
7.481786,927,1079.0,0.2576096001489994,0.4549276001489994,0.7509046001489994,1.7374946001489993,,,,
7.482865,927,1079.0,0.2576096001489994,0.4549276001489994,0.7509046001489994,1.7374946001489993,,,,
7.483944,927,1079.0,0.2576096001489994,0.4549276001489994,0.8495636001489993,1.8361536001489993,,,,
7.485023,927,1079.0,0.2576096001489994,0.4549276001489994,0.9482226001489994,2.0334716001489994,,,,
7.486102,927,1079.0,0.2576096001489994,0.4549276001489994,0.9482226001489994,2.0334716001489994,,,,
7.487181,927,1079.0,0.2576096001489994,0.4549276001489994,0.9482226001489994,2.1321306001489995,,,,
7.48826,927,1079.0,0.3562686001489994,0.4549276001489994,0.9482226001489994,2.0334716001489994,,,,
7.489339,927,1079.0,0.3562686001489994,0.5535866001489994,1.0468816001489993,2.0334716001489994,,,,
7.490418,927,1079.0,0.4549276001489994,0.6522456001489993,1.0468816001489993,2.2307896001489995,,,,
7.491497,927,1079.0,0.4549276001489994,0.6522456001489993,0.9482226001489994,2.1321306001489995,,,,
7.492576,927,1079.0,0.3562686001489994,0.5535866001489994,0.9482226001489994,2.1321306001489995,,,,
7.493655,927,1079.0,0.3562686001489994,0.4549276001489994,0.8495636001489993,2.0334716001489994,,,,
7.494734,927,1079.0,0.3562686001489994,0.4549276001489994,0.7509046001489994,1.7374946001489993,,,,
7.495813,927,1079.0,0.3562686001489994,0.3562686001489994,0.6522456001489993,1.5401766001489994,,,,
7.496892,927,1079.0,0.2576096001489994,0.3562686001489994,0.5535866001489994,1.3428586001489993,,,,
7.497971,927,1079.0,0.2576096001489994,0.3562686001489994,0.4549276001489994,1.2441996001489994,,,,
7.49905,927,1079.0,0.1589506001489994,0.2576096001489994,0.4549276001489994,1.2441996001489994,,,,
7.500129,927,1079.0,0.060291600148999404,0.1589506001489994,0.4549276001489994,1.1455406001489994,,,,
7.501208,927,1079.0,0.1589506001489994,0.1589506001489994,0.3562686001489994,1.1455406001489994,,,,
7.502287,927,1079.0,0.1589506001489994,0.1589506001489994,0.3562686001489994,1.0468816001489993,,,,
7.503366,927,1079.0,0.1589506001489994,0.2576096001489994,0.3562686001489994,1.0468816001489993,,,,
7.504445,927,1079.0,0.2576096001489994,0.2576096001489994,0.3562686001489994,1.1455406001489994,,,,
7.505524,927,1079.0,0.2576096001489994,0.2576096001489994,0.3562686001489994,1.2441996001489994,,,,
7.506603,927,1079.0,0.2576096001489994,0.2576096001489994,0.4549276001489994,1.2441996001489994,,,,
7.507682,927,1079.0,0.2576096001489994,0.2576096001489994,0.4549276001489994,1.2441996001489994,,,,
7.508761,927,1079.0,0.2576096001489994,0.2576096001489994,0.4549276001489994,1.2441996001489994,,,,
7.50984,927,1079.0,0.3562686001489994,0.3562686001489994,0.4549276001489994,1.3428586001489993,,,,
7.510919,927,1079.0,0.3562686001489994,0.3562686001489994,0.4549276001489994,1.2441996001489994,,,,
7.511998,927,1079.0,0.3562686001489994,0.3562686001489994,0.3562686001489994,1.0468816001489993,,,,
7.513077,927,1079.0,0.3562686001489994,0.2576096001489994,0.2576096001489994,1.0468816001489993,,,,
7.514156,927,1079.0,0.2576096001489994,0.1589506001489994,0.2576096001489994,0.9482226001489994,,,,
7.515235,927,1079.0,0.2576096001489994,0.1589506001489994,0.1589506001489994,0.7509046001489994,,,,
7.516314,927,1079.0,0.2576096001489994,0.060291600148999404,0.060291600148999404,0.6522456001489993,,,,
7.517393,927,1079.0,0.1589506001489994,0.060291600148999404,-0.03836739985100059,0.4549276001489994,,,,
7.518472,927,1079.0,0.1589506001489994,0.060291600148999404,-0.1370263998510006,0.3562686001489994,,,,
7.519551,927,1079.0,0.060291600148999404,-0.03836739985100059,-0.1370263998510006,0.2576096001489994,,,,
7.52063,927,1079.0,0.060291600148999404,-0.1370263998510006,-0.1370263998510006,0.2576096001489994,,,,
7.521709,927,1079.0,0.060291600148999404,-0.03836739985100059,-0.1370263998510006,0.2576096001489994,,,,
7.522788,927,1079.0,0.1589506001489994,-0.03836739985100059,-0.1370263998510006,0.2576096001489994,,,,
7.523867,927,1079.0,0.1589506001489994,-0.03836739985100059,-0.1370263998510006,0.2576096001489994,,,,
7.524946,927,1079.0,0.1589506001489994,0.060291600148999404,-0.1370263998510006,0.2576096001489994,,,,
7.526025,927,1079.0,0.2576096001489994,0.060291600148999404,-0.03836739985100059,0.3562686001489994,,,,
7.527104,927,1079.0,0.1589506001489994,0.060291600148999404,-0.03836739985100059,0.4549276001489994,,,,
7.528183,927,1079.0,0.1589506001489994,0.060291600148999404,0.060291600148999404,0.5535866001489994,,,,
7.529262,927,1079.0,0.2576096001489994,0.060291600148999404,0.060291600148999404,0.5535866001489994,,,,
7.530341,927,1079.0,0.2576096001489994,0.060291600148999404,-0.03836739985100059,0.5535866001489994,,,,
7.53142,927,1079.0,0.2576096001489994,0.060291600148999404,-0.1370263998510006,0.3562686001489994,,,,
7.532499,927,1079.0,0.2576096001489994,0.060291600148999404,-0.1370263998510006,0.2576096001489994,,,,
7.533578,927,1079.0,0.2576096001489994,-0.03836739985100059,-0.2356853998510006,0.1589506001489994,,,,
7.534657,927,1079.0,0.1589506001489994,-0.1370263998510006,-0.2356853998510006,0.1589506001489994,,,,
7.535736,927,1079.0,0.1589506001489994,-0.1370263998510006,-0.33434439985100056,0.060291600148999404,,,,
7.536815,927,1079.0,0.060291600148999404,-0.1370263998510006,-0.33434439985100056,-0.03836739985100059,,,,
7.537894,927,1079.0,0.060291600148999404,-0.1370263998510006,-0.43300339985100056,-0.33434439985100056,,,,
7.538973,927,1079.0,0.060291600148999404,-0.2356853998510006,-0.5316623998510006,-0.43300339985100056,,,,
7.540052,927,1079.0,-0.03836739985100059,-0.2356853998510006,-0.5316623998510006,-0.43300339985100056,,,,
7.541131,927,1079.0,0.060291600148999404,-0.2356853998510006,-0.43300339985100056,-0.2356853998510006,,,,
7.54221,927,1079.0,0.060291600148999404,-0.2356853998510006,-0.43300339985100056,-0.1370263998510006,,,,
7.543289,927,1079.0,0.060291600148999404,-0.1370263998510006,-0.33434439985100056,-0.1370263998510006,,,,
7.544368,927,1079.0,0.1589506001489994,-0.1370263998510006,-0.33434439985100056,-0.1370263998510006,,,,
7.545447,927,1079.0,0.1589506001489994,-0.03836739985100059,-0.33434439985100056,-0.1370263998510006,,,,
7.546526,927,1079.0,0.1589506001489994,-0.03836739985100059,-0.33434439985100056,-0.03836739985100059,,,,
7.547605,927,1079.0,0.1589506001489994,-0.03836739985100059,-0.2356853998510006,0.060291600148999404,,,,
7.548684,927,1079.0,0.2576096001489994,-0.03836739985100059,-0.1370263998510006,0.2576096001489994,,,,
7.549763,927,1079.0,0.2576096001489994,0.060291600148999404,-0.1370263998510006,0.3562686001489994,,,,
7.550842,927,1079.0,0.2576096001489994,-0.03836739985100059,-0.2356853998510006,0.1589506001489994,,,,
7.551921,927,1079.0,0.2576096001489994,-0.03836739985100059,-0.33434439985100056,0.060291600148999404,,,,
7.553,927,1079.0,0.1589506001489994,-0.03836739985100059,-0.33434439985100056,-0.03836739985100059,,,,
7.554079,927,1079.0,0.1589506001489994,-0.03836739985100059,-0.33434439985100056,-0.1370263998510006,,,,
7.555158,927,1079.0,0.1589506001489994,-0.1370263998510006,-0.33434439985100056,-0.1370263998510006,,,,
7.556237,927,1079.0,0.060291600148999404,-0.1370263998510006,-0.33434439985100056,-0.1370263998510006,,,,
7.557316,927,1079.0,0.060291600148999404,-0.1370263998510006,-0.43300339985100056,-0.2356853998510006,,,,
7.558395,927,1079.0,0.060291600148999404,-0.1370263998510006,-0.5316623998510006,-0.33434439985100056,,,,
7.559474,927,1079.0,0.060291600148999404,-0.2356853998510006,-0.5316623998510006,-0.43300339985100056,,,,
7.560553,927,1079.0,0.060291600148999404,-0.2356853998510006,-0.43300339985100056,-0.33434439985100056,,,,
7.561632,927,1079.0,0.060291600148999404,-0.2356853998510006,-0.33434439985100056,-0.1370263998510006,,,,
7.562711,927,1079.0,0.060291600148999404,-0.2356853998510006,-0.2356853998510006,0.060291600148999404,,,,
7.56379,927,1079.0,0.060291600148999404,-0.1370263998510006,-0.2356853998510006,0.1589506001489994,,,,
7.564869,927,1079.0,0.1589506001489994,-0.1370263998510006,-0.2356853998510006,0.1589506001489994,,,,
7.565948,927,1079.0,0.1589506001489994,-0.03836739985100059,-0.1370263998510006,0.1589506001489994,,,,
7.567027,927,1079.0,0.2576096001489994,-0.03836739985100059,-0.1370263998510006,0.2576096001489994,,,,
7.568106,927,1079.0,0.2576096001489994,0.060291600148999404,-0.03836739985100059,0.5535866001489994,,,,
7.569185,927,1079.0,0.2576096001489994,0.060291600148999404,0.060291600148999404,0.6522456001489993,,,,
7.570264,927,1079.0,0.2576096001489994,0.060291600148999404,0.060291600148999404,0.6522456001489993,,,,
7.571343,927,1079.0,0.2576096001489994,0.060291600148999404,-0.03836739985100059,0.5535866001489994,,,,
7.572422,927,1079.0,0.2576096001489994,0.060291600148999404,-0.03836739985100059,0.3562686001489994,,,,
7.573501,927,1079.0,0.1589506001489994,0.060291600148999404,-0.1370263998510006,0.2576096001489994,,,,
7.57458,927,1079.0,0.1589506001489994,0.060291600148999404,-0.1370263998510006,0.3562686001489994,,,,
7.575659,927,1079.0,0.1589506001489994,0.060291600148999404,-0.03836739985100059,0.3562686001489994,,,,
7.576738,927,1079.0,0.060291600148999404,-0.03836739985100059,-0.1370263998510006,0.3562686001489994,,,,
7.577817,927,1079.0,0.060291600148999404,-0.03836739985100059,-0.1370263998510006,0.2576096001489994,,,,
7.578896,927,1079.0,0.060291600148999404,-0.03836739985100059,-0.1370263998510006,0.1589506001489994,,,,
7.579975,927,1079.0,0.060291600148999404,-0.03836739985100059,-0.1370263998510006,0.2576096001489994,,,,
7.581054,927,1079.0,0.060291600148999404,0.060291600148999404,-0.03836739985100059,0.3562686001489994,,,,
7.582133,927,1079.0,0.1589506001489994,0.060291600148999404,0.060291600148999404,0.5535866001489994,,,,
7.583212,927,1079.0,0.1589506001489994,0.060291600148999404,0.1589506001489994,0.7509046001489994,,,,
7.584291,927,1079.0,0.1589506001489994,0.060291600148999404,0.2576096001489994,0.9482226001489994,,,,
7.58537,927,1079.0,0.1589506001489994,0.1589506001489994,0.3562686001489994,0.9482226001489994,,,,
7.586449,927,1079.0,0.2576096001489994,0.2576096001489994,0.2576096001489994,0.9482226001489994,,,,
7.587528,927,1079.0,0.2576096001489994,0.2576096001489994,0.4549276001489994,1.1455406001489994,,,,
7.588607,927,1079.0,0.3562686001489994,0.2576096001489994,0.5535866001489994,1.3428586001489993,,,,
7.589686,927,1079.0,0.3562686001489994,0.3562686001489994,0.5535866001489994,1.4415176001489993,,,,
7.590765,927,1079.0,0.2576096001489994,0.2576096001489994,0.5535866001489994,1.4415176001489993,,,,
7.591844,927,1079.0,0.2576096001489994,0.2576096001489994,0.5535866001489994,1.3428586001489993,,,,
7.592923,927,1079.0,0.2576096001489994,0.2576096001489994,0.4549276001489994,1.1455406001489994,,,,
7.594002,927,1079.0,0.2576096001489994,0.2576096001489994,0.4549276001489994,1.1455406001489994,,,,
7.595081,927,1079.0,0.2576096001489994,0.2576096001489994,0.3562686001489994,1.0468816001489993,,,,
7.59616,927,1079.0,0.2576096001489994,0.1589506001489994,0.3562686001489994,1.1455406001489994,,,,
7.597239,927,1079.0,0.1589506001489994,0.2576096001489994,0.4549276001489994,1.1455406001489994,,,,
7.598318,927,1079.0,0.1589506001489994,0.1589506001489994,0.3562686001489994,1.1455406001489994,,,,
7.599397,927,1079.0,0.1589506001489994,0.1589506001489994,0.4549276001489994,1.1455406001489994,,,,
7.600476,927,1079.0,0.1589506001489994,0.2576096001489994,0.4549276001489994,1.2441996001489994,,,,
7.601555,927,1079.0,0.2576096001489994,0.3562686001489994,0.5535866001489994,1.3428586001489993,,,,
7.602634,927,1079.0,0.2576096001489994,0.3562686001489994,0.6522456001489993,1.5401766001489994,,,,
7.603713,927,1079.0,0.2576096001489994,0.4549276001489994,0.7509046001489994,1.7374946001489993,,,,
7.604792,927,1079.0,0.2576096001489994,0.3562686001489994,0.8495636001489993,1.8361536001489993,,,,
7.605871,927,1079.0,0.3562686001489994,0.4549276001489994,0.8495636001489993,1.9348126001489994,,,,
7.60695,927,1079.0,0.3562686001489994,0.5535866001489994,0.9482226001489994,2.0334716001489994,,,,
7.608029,927,1079.0,0.4549276001489994,0.6522456001489993,1.0468816001489993,2.1321306001489995,,,,
7.609108,927,1079.0,0.4549276001489994,0.6522456001489993,1.0468816001489993,2.2307896001489995,,,,
7.610187,927,1079.0,0.4549276001489994,0.5535866001489994,1.0468816001489993,2.2307896001489995,,,,
7.611266,927,1079.0,0.3562686001489994,0.5535866001489994,0.9482226001489994,2.2307896001489995,,,,
7.612345,927,1079.0,0.3562686001489994,0.4549276001489994,0.9482226001489994,2.1321306001489995,,,,
7.613424,927,1079.0,0.2576096001489994,0.4549276001489994,0.9482226001489994,2.0334716001489994,,,,
7.614503,927,1079.0,0.3562686001489994,0.4549276001489994,0.8495636001489993,1.8361536001489993,,,,
7.615582,927,1079.0,0.2576096001489994,0.4549276001489994,0.8495636001489993,1.8361536001489993,,,,
7.616661,927,1079.0,0.2576096001489994,0.4549276001489994,0.7509046001489994,1.8361536001489993,,,,
7.61774,927,1079.0,0.2576096001489994,0.3562686001489994,0.7509046001489994,1.8361536001489993,,,,
7.618819,927,1079.0,0.1589506001489994,0.3562686001489994,0.8495636001489993,1.9348126001489994,,,,
7.619898,927,1079.0,0.2576096001489994,0.4549276001489994,0.9482226001489994,1.9348126001489994,,,,
7.620977,927,1079.0,0.2576096001489994,0.4549276001489994,0.9482226001489994,2.0334716001489994,,,,
7.622056,927,1079.0,0.2576096001489994,0.5535866001489994,0.9482226001489994,2.1321306001489995,,,,
7.623135,927,1079.0,0.3562686001489994,0.5535866001489994,1.0468816001489993,2.2307896001489995,,,,
7.624214,927,1079.0,0.3562686001489994,0.5535866001489994,1.1455406001489994,2.428107600148999,,,,
7.625293,927,1079.0,0.3562686001489994,0.5535866001489994,1.1455406001489994,2.5267666001489992,,,,
7.626372,927,1079.0,0.3562686001489994,0.6522456001489993,1.2441996001489994,2.6254256001489993,,,,
7.627451,927,1079.0,0.4549276001489994,0.7509046001489994,1.3428586001489993,2.7240846001489993,,,,
7.62853,927,1079.0,0.5535866001489994,0.7509046001489994,1.2441996001489994,2.6254256001489993,,,,
7.629609,927,1079.0,0.4549276001489994,0.7509046001489994,1.2441996001489994,2.6254256001489993,,,,
7.630688,927,1079.0,0.4549276001489994,0.6522456001489993,1.1455406001489994,2.5267666001489992,,,,
7.631767,927,1079.0,0.3562686001489994,0.5535866001489994,1.1455406001489994,2.5267666001489992,,,,
7.632846,927,1079.0,0.3562686001489994,0.5535866001489994,1.1455406001489994,2.428107600148999,,,,
7.633925,927,1079.0,0.3562686001489994,0.5535866001489994,1.1455406001489994,2.329448600148999,,,,
7.635004,927,1079.0,0.3562686001489994,0.5535866001489994,0.9482226001489994,2.1321306001489995,,,,
7.636083,927,1079.0,0.2576096001489994,0.5535866001489994,0.9482226001489994,2.0334716001489994,,,,
7.637162,927,1079.0,0.2576096001489994,0.4549276001489994,0.9482226001489994,1.9348126001489994,,,,
7.638241,927,1079.0,0.2576096001489994,0.4549276001489994,0.9482226001489994,2.0334716001489994,,,,
7.63932,927,1079.0,0.2576096001489994,0.4549276001489994,0.9482226001489994,2.1321306001489995,,,,
7.640399,927,1079.0,0.2576096001489994,0.4549276001489994,1.0468816001489993,2.2307896001489995,,,,
7.641478,927,1079.0,0.2576096001489994,0.5535866001489994,1.0468816001489993,2.2307896001489995,,,,
7.642557,927,1079.0,0.3562686001489994,0.5535866001489994,1.0468816001489993,2.2307896001489995,,,,
7.643636,927,1079.0,0.3562686001489994,0.5535866001489994,1.0468816001489993,2.329448600148999,,,,
7.644715,927,1079.0,0.3562686001489994,0.5535866001489994,1.1455406001489994,2.428107600148999,,,,
7.645794,927,1079.0,0.3562686001489994,0.5535866001489994,1.2441996001489994,2.5267666001489992,,,,
7.646873,927,1079.0,0.4549276001489994,0.6522456001489993,1.3428586001489993,2.6254256001489993,,,,
7.647952,927,1079.0,0.4549276001489994,0.6522456001489993,1.2441996001489994,2.6254256001489993,,,,
7.649031,927,1079.0,0.4549276001489994,0.6522456001489993,1.1455406001489994,2.428107600148999,,,,
7.65011,927,1079.0,0.4549276001489994,0.6522456001489993,1.0468816001489993,2.329448600148999,,,,
7.651189,927,1079.0,0.3562686001489994,0.6522456001489993,0.9482226001489994,2.2307896001489995,,,,
7.652268,927,1079.0,0.3562686001489994,0.5535866001489994,0.9482226001489994,2.1321306001489995,,,,
7.653347,927,1079.0,0.3562686001489994,0.4549276001489994,0.9482226001489994,2.1321306001489995,,,,
7.654426,927,1079.0,0.2576096001489994,0.4549276001489994,0.8495636001489993,1.9348126001489994,,,,
7.655505,927,1079.0,0.2576096001489994,0.4549276001489994,0.7509046001489994,1.7374946001489993,,,,
7.656584,927,1079.0,0.2576096001489994,0.3562686001489994,0.6522456001489993,1.5401766001489994,,,,
7.657663,927,1079.0,0.2576096001489994,0.3562686001489994,0.6522456001489993,1.4415176001489993,,,,
7.658742,927,1079.0,0.1589506001489994,0.3562686001489994,0.6522456001489993,1.5401766001489994,,,,
7.659821,927,1079.0,0.2576096001489994,0.3562686001489994,0.7509046001489994,1.7374946001489993,,,,
7.6609,927,1079.0,0.2576096001489994,0.3562686001489994,0.7509046001489994,1.8361536001489993,,,,
7.661979,927,1079.0,0.2576096001489994,0.4549276001489994,0.7509046001489994,1.7374946001489993,,,,
7.663058,927,1079.0,0.2576096001489994,0.4549276001489994,0.7509046001489994,1.6388356001489994,,,,
7.664137,927,1079.0,0.2576096001489994,0.4549276001489994,0.7509046001489994,1.6388356001489994,,,,
7.665216,927,1079.0,0.3562686001489994,0.4549276001489994,0.7509046001489994,1.7374946001489993,,,,
7.666295,927,1079.0,0.3562686001489994,0.4549276001489994,0.8495636001489993,1.9348126001489994,,,,
7.667374,927,1079.0,0.4549276001489994,0.4549276001489994,0.8495636001489993,2.0334716001489994,,,,
7.668453,927,1079.0,0.3562686001489994,0.4549276001489994,0.8495636001489993,1.8361536001489993,,,,
7.669532,927,1079.0,0.3562686001489994,0.4549276001489994,0.7509046001489994,1.6388356001489994,,,,
7.670611,927,1079.0,0.3562686001489994,0.4549276001489994,0.5535866001489994,1.3428586001489993,,,,
7.67169,927,1079.0,0.2576096001489994,0.3562686001489994,0.4549276001489994,1.2441996001489994,,,,
7.672769,927,1079.0,0.2576096001489994,0.2576096001489994,0.4549276001489994,1.2441996001489994,,,,
7.673848,927,1079.0,0.2576096001489994,0.2576096001489994,0.4549276001489994,1.1455406001489994,,,,
7.674927,927,1079.0,0.1589506001489994,0.1589506001489994,0.3562686001489994,1.0468816001489993,,,,
7.676006,927,1079.0,0.060291600148999404,0.1589506001489994,0.2576096001489994,0.8495636001489993,,,,
7.677085,927,1079.0,0.1589506001489994,0.060291600148999404,0.060291600148999404,0.6522456001489993,,,,
7.678164,927,1079.0,0.1589506001489994,0.060291600148999404,0.1589506001489994,0.6522456001489993,,,,
7.679243,927,1079.0,0.1589506001489994,0.1589506001489994,0.1589506001489994,0.7509046001489994,,,,
7.680322,927,1079.0,0.1589506001489994,0.060291600148999404,0.2576096001489994,0.8495636001489993,,,,
7.681401,927,1079.0,0.1589506001489994,0.1589506001489994,0.2576096001489994,0.9482226001489994,,,,
7.68248,927,1079.0,0.2576096001489994,0.060291600148999404,0.2576096001489994,0.9482226001489994,,,,
7.683559,927,1079.0,0.2576096001489994,0.1589506001489994,0.2576096001489994,0.8495636001489993,,,,
7.684638,927,1079.0,0.2576096001489994,0.2576096001489994,0.1589506001489994,0.8495636001489993,,,,
7.685717,927,1079.0,0.2576096001489994,0.2576096001489994,0.2576096001489994,0.9482226001489994,,,,
7.686796,927,1079.0,0.3562686001489994,0.2576096001489994,0.3562686001489994,1.0468816001489993,,,,
7.687875,927,1079.0,0.3562686001489994,0.2576096001489994,0.3562686001489994,1.0468816001489993,,,,
7.688954,927,1079.0,0.3562686001489994,0.1589506001489994,0.2576096001489994,0.8495636001489993,,,,
7.690033,927,1079.0,0.2576096001489994,0.1589506001489994,0.1589506001489994,0.6522456001489993,,,,
7.691112,927,1079.0,0.1589506001489994,0.060291600148999404,0.060291600148999404,0.4549276001489994,,,,
7.692191,927,1079.0,0.1589506001489994,0.060291600148999404,-0.03836739985100059,0.3562686001489994,,,,
7.69327,927,1079.0,0.1589506001489994,0.060291600148999404,-0.1370263998510006,0.2576096001489994,,,,
7.694349,927,1079.0,0.1589506001489994,-0.03836739985100059,-0.1370263998510006,0.2576096001489994,,,,
7.695428,927,1079.0,0.060291600148999404,-0.1370263998510006,-0.2356853998510006,0.1589506001489994,,,,
7.696507,927,1079.0,0.060291600148999404,-0.1370263998510006,-0.33434439985100056,-0.03836739985100059,,,,
7.697586,927,1079.0,0.060291600148999404,-0.2356853998510006,-0.33434439985100056,-0.1370263998510006,,,,
7.698665,927,1079.0,0.060291600148999404,-0.1370263998510006,-0.33434439985100056,-0.1370263998510006,,,,
7.699744,927,1079.0,0.1589506001489994,-0.1370263998510006,-0.2356853998510006,0.060291600148999404,,,,
7.700823,927,1079.0,0.1589506001489994,-0.1370263998510006,-0.2356853998510006,0.1589506001489994,,,,
7.701902,927,1079.0,0.1589506001489994,-0.1370263998510006,-0.1370263998510006,0.2576096001489994,,,,
7.702981,927,1079.0,0.1589506001489994,-0.03836739985100059,-0.1370263998510006,0.2576096001489994,,,,
7.70406,927,1079.0,0.1589506001489994,-0.03836739985100059,-0.1370263998510006,0.1589506001489994,,,,
7.705139,927,1079.0,0.2576096001489994,0.060291600148999404,-0.1370263998510006,0.2576096001489994,,,,
7.706218,927,1079.0,0.3562686001489994,0.060291600148999404,-0.1370263998510006,0.3562686001489994,,,,
7.707297,927,1079.0,0.3562686001489994,0.060291600148999404,-0.1370263998510006,0.3562686001489994,,,,
7.708376,927,1079.0,0.2576096001489994,-0.03836739985100059,-0.1370263998510006,0.2576096001489994,,,,
7.709455,927,1079.0,0.2576096001489994,-0.1370263998510006,-0.2356853998510006,0.1589506001489994,,,,
7.710534,927,1079.0,0.1589506001489994,-0.03836739985100059,-0.33434439985100056,0.060291600148999404,,,,
7.711613,927,1079.0,0.1589506001489994,-0.03836739985100059,-0.43300339985100056,-0.1370263998510006,,,,
7.712692,927,1079.0,0.1589506001489994,-0.1370263998510006,-0.43300339985100056,-0.2356853998510006,,,,
7.713771,927,1079.0,0.060291600148999404,-0.1370263998510006,-0.5316623998510006,-0.2356853998510006,,,,
7.71485,927,1079.0,0.060291600148999404,-0.2356853998510006,-0.5316623998510006,-0.33434439985100056,,,,
7.715929,927,1079.0,0.060291600148999404,-0.33434439985100056,-0.5316623998510006,-0.33434439985100056,,,,
7.717008,927,1079.0,-0.03836739985100059,-0.33434439985100056,-0.5316623998510006,-0.33434439985100056,,,,
7.718087,927,1079.0,0.060291600148999404,-0.2356853998510006,-0.5316623998510006,-0.33434439985100056,,,,
7.719166,927,1079.0,0.060291600148999404,-0.1370263998510006,-0.43300339985100056,-0.2356853998510006,,,,
7.720245,927,1079.0,0.060291600148999404,-0.1370263998510006,-0.43300339985100056,-0.1370263998510006,,,,
7.721324,927,1079.0,0.1589506001489994,-0.1370263998510006,-0.33434439985100056,-0.03836739985100059,,,,
7.722403,927,1079.0,0.1589506001489994,-0.03836739985100059,-0.33434439985100056,0.060291600148999404,,,,
7.723482,927,1079.0,0.1589506001489994,-0.1370263998510006,-0.2356853998510006,0.1589506001489994,,,,
7.724561,927,1079.0,0.1589506001489994,-0.03836739985100059,-0.1370263998510006,0.2576096001489994,,,,
7.72564,927,1079.0,0.2576096001489994,0.060291600148999404,-0.1370263998510006,0.2576096001489994,,,,
7.726719,927,1079.0,0.2576096001489994,0.060291600148999404,-0.1370263998510006,0.2576096001489994,,,,
7.727798,927,1079.0,0.2576096001489994,0.060291600148999404,-0.1370263998510006,0.2576096001489994,,,,
7.728877,927,1079.0,0.2576096001489994,-0.03836739985100059,-0.1370263998510006,0.1589506001489994,,,,
7.729956,927,1079.0,0.1589506001489994,-0.03836739985100059,-0.1370263998510006,0.1589506001489994,,,,
7.731035,927,1079.0,0.1589506001489994,-0.03836739985100059,-0.2356853998510006,0.060291600148999404,,,,
7.732114,927,1079.0,0.1589506001489994,-0.03836739985100059,-0.33434439985100056,-0.03836739985100059,,,,
7.733193,927,1079.0,0.1589506001489994,-0.1370263998510006,-0.33434439985100056,-0.1370263998510006,,,,
7.734272,927,1079.0,0.060291600148999404,-0.1370263998510006,-0.43300339985100056,-0.1370263998510006,,,,
7.735351,927,1079.0,0.060291600148999404,-0.1370263998510006,-0.43300339985100056,-0.1370263998510006,,,,
7.73643,927,1079.0,0.060291600148999404,-0.2356853998510006,-0.43300339985100056,-0.1370263998510006,,,,
7.737509,927,1079.0,0.060291600148999404,-0.1370263998510006,-0.33434439985100056,0.060291600148999404,,,,
7.738588,927,1079.0,0.060291600148999404,-0.1370263998510006,-0.2356853998510006,0.060291600148999404,,,,
7.739667,927,1079.0,0.060291600148999404,-0.03836739985100059,-0.1370263998510006,0.1589506001489994,,,,
7.740746,927,1079.0,0.1589506001489994,0.060291600148999404,-0.1370263998510006,0.2576096001489994,,,,
7.741825,927,1079.0,0.1589506001489994,0.060291600148999404,-0.03836739985100059,0.3562686001489994,,,,
7.742904,927,1079.0,0.1589506001489994,0.060291600148999404,0.060291600148999404,0.5535866001489994,,,,
7.743983,927,1079.0,0.1589506001489994,0.060291600148999404,0.1589506001489994,0.7509046001489994,,,,
7.745062,927,1079.0,0.2576096001489994,0.1589506001489994,0.1589506001489994,0.8495636001489993,,,,
7.746141,927,1079.0,0.2576096001489994,0.1589506001489994,0.2576096001489994,0.8495636001489993,,,,
7.74722,927,1079.0,0.3562686001489994,0.2576096001489994,0.1589506001489994,0.7509046001489994,,,,
7.748299,927,1079.0,0.2576096001489994,0.1589506001489994,0.1589506001489994,0.7509046001489994,,,,
7.749378,927,1079.0,0.2576096001489994,0.1589506001489994,0.1589506001489994,0.7509046001489994,,,,
7.750457,927,1079.0,0.2576096001489994,0.060291600148999404,0.1589506001489994,0.7509046001489994,,,,
7.751536,927,1079.0,0.1589506001489994,0.060291600148999404,0.1589506001489994,0.7509046001489994,,,,
7.752615,927,1079.0,0.1589506001489994,0.1589506001489994,0.060291600148999404,0.6522456001489993,,,,
7.753694,927,1079.0,0.1589506001489994,0.060291600148999404,0.060291600148999404,0.5535866001489994,,,,
7.754773,927,1079.0,0.060291600148999404,0.060291600148999404,0.060291600148999404,0.4549276001489994,,,,
7.755852,927,1079.0,0.060291600148999404,0.060291600148999404,0.060291600148999404,0.5535866001489994,,,,
7.756931,927,1079.0,0.060291600148999404,0.060291600148999404,0.1589506001489994,0.7509046001489994,,,,
7.75801,927,1079.0,0.060291600148999404,0.060291600148999404,0.2576096001489994,0.9482226001489994,,,,
7.759089,927,1079.0,0.1589506001489994,0.1589506001489994,0.2576096001489994,1.0468816001489993,,,,
7.760168,927,1079.0,0.2576096001489994,0.2576096001489994,0.3562686001489994,1.0468816001489993,,,,
7.761247,927,1079.0,0.2576096001489994,0.2576096001489994,0.3562686001489994,1.1455406001489994,,,,
7.762326,927,1079.0,0.2576096001489994,0.2576096001489994,0.4549276001489994,1.3428586001489993,,,,
7.763405,927,1079.0,0.2576096001489994,0.2576096001489994,0.5535866001489994,1.4415176001489993,,,,
7.764484,927,1079.0,0.2576096001489994,0.3562686001489994,0.7509046001489994,1.6388356001489994,,,,
7.765563,927,1079.0,0.3562686001489994,0.4549276001489994,0.7509046001489994,1.7374946001489993,,,,
7.766642,927,1079.0,0.3562686001489994,0.4549276001489994,0.7509046001489994,1.6388356001489994,,,,
7.767721,927,1079.0,0.3562686001489994,0.4549276001489994,0.6522456001489993,1.5401766001489994,,,,
7.7688,927,1079.0,0.2576096001489994,0.4549276001489994,0.6522456001489993,1.4415176001489993,,,,
7.769879,927,1079.0,0.2576096001489994,0.3562686001489994,0.6522456001489993,1.5401766001489994,,,,
7.770958,927,1079.0,0.2576096001489994,0.3562686001489994,0.6522456001489993,1.5401766001489994,,,,
7.772037,927,1079.0,0.2576096001489994,0.2576096001489994,0.6522456001489993,1.6388356001489994,,,,
7.773116,927,1079.0,0.1589506001489994,0.2576096001489994,0.6522456001489993,1.4415176001489993,,,,
7.774195,927,1079.0,0.1589506001489994,0.2576096001489994,0.5535866001489994,1.3428586001489993,,,,
7.775274,927,1079.0,0.1589506001489994,0.2576096001489994,0.5535866001489994,1.2441996001489994,,,,
7.776353,927,1079.0,0.1589506001489994,0.3562686001489994,0.6522456001489993,1.4415176001489993,,,,
7.777432,927,1079.0,0.2576096001489994,0.3562686001489994,0.7509046001489994,1.6388356001489994,,,,
7.778511,927,1079.0,0.2576096001489994,0.3562686001489994,0.7509046001489994,1.8361536001489993,,,,
7.77959,927,1079.0,0.2576096001489994,0.4549276001489994,0.8495636001489993,2.0334716001489994,,,,
7.780669,927,1079.0,0.3562686001489994,0.5535866001489994,0.9482226001489994,2.0334716001489994,,,,
7.781748,927,1079.0,0.3562686001489994,0.5535866001489994,0.9482226001489994,2.0334716001489994,,,,
7.782827,927,1079.0,0.3562686001489994,0.5535866001489994,0.9482226001489994,2.1321306001489995,,,,
7.783906,927,1079.0,0.4549276001489994,0.6522456001489993,1.0468816001489993,2.329448600148999,,,,
7.784985,927,1079.0,0.4549276001489994,0.6522456001489993,1.2441996001489994,2.5267666001489992,,,,
7.786064,927,1079.0,0.4549276001489994,0.6522456001489993,1.1455406001489994,2.5267666001489992,,,,
7.787143,927,1079.0,0.4549276001489994,0.5535866001489994,1.1455406001489994,2.329448600148999,,,,
7.788222,927,1079.0,0.3562686001489994,0.6522456001489993,1.0468816001489993,2.2307896001489995,,,,
7.789301,927,1079.0,0.3562686001489994,0.5535866001489994,1.0468816001489993,2.1321306001489995,,,,
7.79038,927,1079.0,0.3562686001489994,0.5535866001489994,0.9482226001489994,2.1321306001489995,,,,
7.791459,927,1079.0,0.3562686001489994,0.5535866001489994,0.9482226001489994,2.2307896001489995,,,,
7.792538,927,1079.0,0.2576096001489994,0.4549276001489994,1.0468816001489993,2.1321306001489995,,,,
7.793617,927,1079.0,0.2576096001489994,0.4549276001489994,0.9482226001489994,2.0334716001489994,,,,
7.794696,927,1079.0,0.1589506001489994,0.4549276001489994,0.8495636001489993,1.8361536001489993,,,,
7.795775,927,1079.0,0.2576096001489994,0.4549276001489994,0.8495636001489993,1.9348126001489994,,,,
7.796854,927,1079.0,0.2576096001489994,0.5535866001489994,0.9482226001489994,2.0334716001489994,,,,
7.797933,927,1079.0,0.3562686001489994,0.5535866001489994,1.0468816001489993,2.2307896001489995,,,,
7.799012,927,1079.0,0.2576096001489994,0.5535866001489994,1.0468816001489993,2.329448600148999,,,,
7.800091,927,1079.0,0.3562686001489994,0.5535866001489994,1.1455406001489994,2.5267666001489992,,,,
7.80117,927,1079.0,0.3562686001489994,0.5535866001489994,1.1455406001489994,2.428107600148999,,,,
7.802249,927,1079.0,0.3562686001489994,0.6522456001489993,1.1455406001489994,2.428107600148999,,,,
7.803328,927,1079.0,0.4549276001489994,0.7509046001489994,1.2441996001489994,2.6254256001489993,,,,
7.804407,927,1079.0,0.4549276001489994,0.7509046001489994,1.3428586001489993,2.7240846001489993,,,,
7.805486,927,1079.0,0.4549276001489994,0.7509046001489994,1.3428586001489993,2.7240846001489993,,,,
7.806565,927,1079.0,0.4549276001489994,0.6522456001489993,1.2441996001489994,2.6254256001489993,,,,
7.807644,927,1079.0,0.4549276001489994,0.6522456001489993,1.2441996001489994,2.5267666001489992,,,,
7.808723,927,1079.0,0.3562686001489994,0.5535866001489994,1.0468816001489993,2.329448600148999,,,,
7.809802,927,1079.0,0.3562686001489994,0.5535866001489994,1.0468816001489993,2.2307896001489995,,,,
7.810881,927,1079.0,0.3562686001489994,0.5535866001489994,1.0468816001489993,2.1321306001489995,,,,
7.81196,927,1079.0,0.3562686001489994,0.4549276001489994,0.9482226001489994,2.0334716001489994,,,,
7.813039,927,1079.0,0.2576096001489994,0.4549276001489994,0.9482226001489994,2.0334716001489994,,,,
7.814118,927,1079.0,0.2576096001489994,0.3562686001489994,0.8495636001489993,1.9348126001489994,,,,
7.815197,927,1079.0,0.1589506001489994,0.3562686001489994,0.8495636001489993,1.8361536001489993,,,,
7.816276,927,1079.0,0.2576096001489994,0.4549276001489994,0.8495636001489993,1.9348126001489994,,,,
7.817355,927,1079.0,0.2576096001489994,0.4549276001489994,0.8495636001489993,1.9348126001489994,,,,
7.818434,927,1079.0,0.3562686001489994,0.5535866001489994,0.9482226001489994,2.0334716001489994,,,,
7.819513,927,1079.0,0.3562686001489994,0.5535866001489994,0.9482226001489994,2.2307896001489995,,,,
7.820592,927,1079.0,0.3562686001489994,0.5535866001489994,1.0468816001489993,2.2307896001489995,,,,
7.821671,927,1079.0,0.2576096001489994,0.4549276001489994,1.0468816001489993,2.2307896001489995,,,,
7.82275,927,1079.0,0.3562686001489994,0.5535866001489994,1.0468816001489993,2.2307896001489995,,,,
7.823829,927,1079.0,0.4549276001489994,0.6522456001489993,1.0468816001489993,2.2307896001489995,,,,
7.824908,927,1079.0,0.4549276001489994,0.6522456001489993,1.0468816001489993,2.2307896001489995,,,,
7.825987,927,1079.0,0.4549276001489994,0.5535866001489994,0.9482226001489994,2.1321306001489995,,,,
7.827066,927,1079.0,0.3562686001489994,0.5535866001489994,0.9482226001489994,2.1321306001489995,,,,
7.828145,927,1079.0,0.3562686001489994,0.4549276001489994,0.8495636001489993,1.9348126001489994,,,,
7.829224,927,1079.0,0.3562686001489994,0.4549276001489994,0.7509046001489994,1.7374946001489993,,,,
7.830303,927,1079.0,0.2576096001489994,0.4549276001489994,0.6522456001489993,1.5401766001489994,,,,
7.831382,927,1079.0,0.2576096001489994,0.3562686001489994,0.6522456001489993,1.4415176001489993,,,,
7.832461,927,1079.0,0.2576096001489994,0.3562686001489994,0.5535866001489994,1.4415176001489993,,,,
7.83354,927,1079.0,0.1589506001489994,0.2576096001489994,0.5535866001489994,1.3428586001489993,,,,
7.834619,927,1079.0,0.1589506001489994,0.2576096001489994,0.4549276001489994,1.2441996001489994,,,,
7.835698,927,1079.0,0.1589506001489994,0.2576096001489994,0.5535866001489994,1.3428586001489993,,,,
7.836777,927,1079.0,0.1589506001489994,0.2576096001489994,0.4549276001489994,1.2441996001489994,,,,
7.837856,927,1079.0,0.2576096001489994,0.3562686001489994,0.4549276001489994,1.3428586001489993,,,,
7.838935,927,1079.0,0.2576096001489994,0.3562686001489994,0.5535866001489994,1.3428586001489993,,,,
7.840014,927,1079.0,0.2576096001489994,0.3562686001489994,0.5535866001489994,1.4415176001489993,,,,
7.841093,927,1079.0,0.2576096001489994,0.3562686001489994,0.5535866001489994,1.5401766001489994,,,,
7.842172,927,1079.0,0.2576096001489994,0.3562686001489994,0.6522456001489993,1.5401766001489994,,,,
7.843251,927,1079.0,0.3562686001489994,0.3562686001489994,0.6522456001489993,1.5401766001489994,,,,
7.84433,927,1079.0,0.3562686001489994,0.4549276001489994,0.5535866001489994,1.4415176001489993,,,,
7.845409,927,1079.0,0.3562686001489994,0.3562686001489994,0.5535866001489994,1.3428586001489993,,,,
7.846488,927,1079.0,0.3562686001489994,0.2576096001489994,0.4549276001489994,1.2441996001489994,,,,
7.847567,927,1079.0,0.2576096001489994,0.2576096001489994,0.3562686001489994,1.1455406001489994,,,,
7.848646,927,1079.0,0.2576096001489994,0.1589506001489994,0.2576096001489994,1.0468816001489993,,,,
7.849725,927,1079.0,0.1589506001489994,0.1589506001489994,0.2576096001489994,0.8495636001489993,,,,
7.850804,927,1079.0,0.1589506001489994,0.1589506001489994,0.1589506001489994,0.6522456001489993,,,,
7.851883,927,1079.0,0.1589506001489994,0.1589506001489994,0.060291600148999404,0.4549276001489994,,,,
7.852962,927,1079.0,0.060291600148999404,0.060291600148999404,0.060291600148999404,0.3562686001489994,,,,
7.854041,927,1079.0,0.060291600148999404,-0.03836739985100059,-0.03836739985100059,0.3562686001489994,,,,
7.85512,927,1079.0,0.060291600148999404,0.060291600148999404,0.060291600148999404,0.4549276001489994,,,,
7.856199,927,1079.0,0.060291600148999404,0.060291600148999404,0.060291600148999404,0.4549276001489994,,,,
7.857278,927,1079.0,0.1589506001489994,0.060291600148999404,0.060291600148999404,0.4549276001489994,,,,
7.858357,927,1079.0,0.1589506001489994,0.1589506001489994,0.060291600148999404,0.4549276001489994,,,,
7.859436,927,1079.0,0.1589506001489994,0.1589506001489994,0.060291600148999404,0.4549276001489994,,,,
7.860515,927,1079.0,0.1589506001489994,0.1589506001489994,0.060291600148999404,0.5535866001489994,,,,
7.861594,927,1079.0,0.2576096001489994,0.060291600148999404,0.060291600148999404,0.7509046001489994,,,,
7.862673,927,1079.0,0.2576096001489994,0.1589506001489994,0.1589506001489994,0.8495636001489993,,,,
7.863752,927,1079.0,0.2576096001489994,0.1589506001489994,0.1589506001489994,0.7509046001489994,,,,
7.864831,927,1079.0,0.2576096001489994,0.1589506001489994,0.060291600148999404,0.5535866001489994,,,,
7.86591,927,1079.0,0.2576096001489994,0.060291600148999404,-0.03836739985100059,0.3562686001489994,,,,
7.866989,927,1079.0,0.1589506001489994,0.060291600148999404,-0.1370263998510006,0.2576096001489994,,,,
7.868068,927,1079.0,0.1589506001489994,-0.03836739985100059,-0.1370263998510006,0.2576096001489994,,,,
7.869147,927,1079.0,0.060291600148999404,-0.1370263998510006,-0.1370263998510006,0.1589506001489994,,,,
7.870226,927,1079.0,0.060291600148999404,-0.1370263998510006,-0.2356853998510006,0.060291600148999404,,,,
7.871305,927,1079.0,0.060291600148999404,-0.1370263998510006,-0.33434439985100056,-0.1370263998510006,,,,
7.872384,927,1079.0,0.060291600148999404,-0.1370263998510006,-0.43300339985100056,-0.33434439985100056,,,,
7.873463,927,1079.0,0.060291600148999404,-0.2356853998510006,-0.43300339985100056,-0.33434439985100056,,,,
7.874542,927,1079.0,0.060291600148999404,-0.2356853998510006,-0.43300339985100056,-0.2356853998510006,,,,
7.875621,927,1079.0,0.060291600148999404,-0.2356853998510006,-0.33434439985100056,-0.03836739985100059,,,,
7.8767,927,1079.0,0.060291600148999404,-0.1370263998510006,-0.2356853998510006,-0.03836739985100059,,,,
7.877779,927,1079.0,0.1589506001489994,-0.1370263998510006,-0.2356853998510006,-0.03836739985100059,,,,
7.878858,927,1079.0,0.1589506001489994,-0.03836739985100059,-0.2356853998510006,-0.03836739985100059,,,,
7.879937,927,1079.0,0.1589506001489994,-0.03836739985100059,-0.33434439985100056,-0.03836739985100059,,,,
7.881016,927,1079.0,0.1589506001489994,-0.03836739985100059,-0.2356853998510006,0.1589506001489994,,,,
7.882095,927,1079.0,0.2576096001489994,-0.03836739985100059,-0.03836739985100059,0.3562686001489994,,,,
7.883174,927,1079.0,0.2576096001489994,-0.03836739985100059,-0.03836739985100059,0.3562686001489994,,,,
7.884253,927,1079.0,0.2576096001489994,-0.03836739985100059,-0.1370263998510006,0.2576096001489994,,,,
7.885332,927,1079.0,0.1589506001489994,-0.03836739985100059,-0.2356853998510006,0.060291600148999404,,,,
7.886411,927,1079.0,0.1589506001489994,-0.03836739985100059,-0.33434439985100056,-0.03836739985100059,,,,
7.88749,927,1079.0,0.1589506001489994,-0.1370263998510006,-0.33434439985100056,-0.1370263998510006,,,,
7.888569,927,1079.0,0.1589506001489994,-0.1370263998510006,-0.33434439985100056,-0.1370263998510006,,,,
7.889648,927,1079.0,0.060291600148999404,-0.1370263998510006,-0.33434439985100056,-0.1370263998510006,,,,
7.890727,927,1079.0,0.060291600148999404,-0.2356853998510006,-0.43300339985100056,-0.2356853998510006,,,,
7.891806,927,1079.0,0.060291600148999404,-0.2356853998510006,-0.5316623998510006,-0.43300339985100056,,,,
7.892885,927,1079.0,0.060291600148999404,-0.2356853998510006,-0.5316623998510006,-0.5316623998510006,,,,
7.893964,927,1079.0,0.060291600148999404,-0.2356853998510006,-0.5316623998510006,-0.43300339985100056,,,,
7.895043,927,1079.0,0.060291600148999404,-0.2356853998510006,-0.43300339985100056,-0.2356853998510006,,,,
7.896122,927,1079.0,0.060291600148999404,-0.2356853998510006,-0.33434439985100056,-0.03836739985100059,,,,
7.897201,927,1079.0,0.1589506001489994,-0.1370263998510006,-0.2356853998510006,0.060291600148999404,,,,
7.89828,927,1079.0,0.1589506001489994,-0.1370263998510006,-0.2356853998510006,0.060291600148999404,,,,
7.899359,927,1079.0,0.1589506001489994,-0.03836739985100059,-0.2356853998510006,0.060291600148999404,,,,
7.900438,927,1079.0,0.1589506001489994,-0.03836739985100059,-0.2356853998510006,0.1589506001489994,,,,
7.901517,927,1079.0,0.2576096001489994,0.060291600148999404,-0.03836739985100059,0.3562686001489994,,,,
7.902596,927,1079.0,0.2576096001489994,0.060291600148999404,0.060291600148999404,0.5535866001489994,,,,
7.903675,927,1079.0,0.2576096001489994,0.060291600148999404,0.060291600148999404,0.5535866001489994,,,,
7.904754,927,1079.0,0.2576096001489994,0.060291600148999404,-0.03836739985100059,0.4549276001489994,,,,
7.905833,927,1079.0,0.2576096001489994,-0.03836739985100059,-0.1370263998510006,0.2576096001489994,,,,
7.906912,927,1079.0,0.1589506001489994,-0.03836739985100059,-0.1370263998510006,0.1589506001489994,,,,
7.907991,927,1079.0,0.1589506001489994,-0.03836739985100059,-0.1370263998510006,0.1589506001489994,,,,
7.90907,927,1079.0,0.060291600148999404,-0.03836739985100059,-0.1370263998510006,0.1589506001489994,,,,
7.910149,927,1079.0,0.060291600148999404,-0.03836739985100059,-0.1370263998510006,0.1589506001489994,,,,
7.911228,927,1079.0,0.060291600148999404,-0.1370263998510006,-0.2356853998510006,0.1589506001489994,,,,
7.912307,927,1079.0,0.060291600148999404,-0.1370263998510006,-0.2356853998510006,0.060291600148999404,,,,
7.913386,927,1079.0,0.060291600148999404,-0.03836739985100059,-0.2356853998510006,0.060291600148999404,,,,
7.914465,927,1079.0,0.1589506001489994,-0.03836739985100059,-0.1370263998510006,0.2576096001489994,,,,
7.915544,927,1079.0,0.1589506001489994,0.060291600148999404,-0.03836739985100059,0.3562686001489994,,,,
7.916623,927,1079.0,0.1589506001489994,0.060291600148999404,0.060291600148999404,0.5535866001489994,,,,
7.917702,927,1079.0,0.1589506001489994,0.060291600148999404,0.1589506001489994,0.7509046001489994,,,,
7.918781,927,1079.0,0.2576096001489994,0.060291600148999404,0.1589506001489994,0.8495636001489993,,,,
7.91986,927,1079.0,0.2576096001489994,0.1589506001489994,0.2576096001489994,0.7509046001489994,,,,
7.920939,927,1079.0,0.3562686001489994,0.2576096001489994,0.2576096001489994,0.9482226001489994,,,,
7.922018,927,1079.0,0.3562686001489994,0.2576096001489994,0.4549276001489994,1.1455406001489994,,,,
7.923097,927,1079.0,0.3562686001489994,0.3562686001489994,0.4549276001489994,1.1455406001489994,,,,
7.924176,927,1079.0,0.2576096001489994,0.2576096001489994,0.3562686001489994,1.2441996001489994,,,,
7.925255,927,1079.0,0.2576096001489994,0.2576096001489994,0.3562686001489994,1.1455406001489994,,,,
7.926334,927,1079.0,0.2576096001489994,0.2576096001489994,0.3562686001489994,1.0468816001489993,,,,
7.927413,927,1079.0,0.2576096001489994,0.1589506001489994,0.2576096001489994,0.9482226001489994,,,,
7.928492,927,1079.0,0.2576096001489994,0.1589506001489994,0.2576096001489994,0.9482226001489994,,,,
7.929571,927,1079.0,0.2576096001489994,0.1589506001489994,0.2576096001489994,0.9482226001489994,,,,
7.93065,927,1079.0,0.1589506001489994,0.1589506001489994,0.2576096001489994,0.9482226001489994,,,,
7.931729,927,1079.0,0.060291600148999404,0.1589506001489994,0.2576096001489994,0.9482226001489994,,,,
7.932808,927,1079.0,0.1589506001489994,0.060291600148999404,0.2576096001489994,0.9482226001489994,,,,
7.933887,927,1079.0,0.1589506001489994,0.1589506001489994,0.3562686001489994,1.0468816001489993,,,,
7.934966,927,1079.0,0.2576096001489994,0.2576096001489994,0.4549276001489994,1.1455406001489994,,,,
7.936045,927,1079.0,0.2576096001489994,0.2576096001489994,0.4549276001489994,1.3428586001489993,,,,
7.937124,927,1079.0,0.2576096001489994,0.3562686001489994,0.6522456001489993,1.4415176001489993,,,,
7.938203,927,1079.0,0.2576096001489994,0.3562686001489994,0.6522456001489993,1.6388356001489994,,,,
7.939282,927,1079.0,0.2576096001489994,0.3562686001489994,0.7509046001489994,1.7374946001489993,,,,
7.940361,927,1079.0,0.3562686001489994,0.4549276001489994,0.8495636001489993,1.8361536001489993,,,,
7.94144,927,1079.0,0.4549276001489994,0.5535866001489994,0.8495636001489993,1.9348126001489994,,,,
7.942519,927,1079.0,0.4549276001489994,0.5535866001489994,0.9482226001489994,2.0334716001489994,,,,
7.943598,927,1079.0,0.4549276001489994,0.5535866001489994,0.9482226001489994,2.0334716001489994,,,,
7.944677,927,1079.0,0.3562686001489994,0.5535866001489994,0.9482226001489994,2.0334716001489994,,,,
7.945756,927,1079.0,0.3562686001489994,0.4549276001489994,0.9482226001489994,1.9348126001489994,,,,
7.946835,927,1079.0,0.2576096001489994,0.4549276001489994,0.8495636001489993,1.8361536001489993,,,,
7.947914,927,1079.0,0.2576096001489994,0.4549276001489994,0.8495636001489993,1.7374946001489993,,,,
7.948993,927,1079.0,0.2576096001489994,0.4549276001489994,0.7509046001489994,1.6388356001489994,,,,
7.950072,927,1079.0,0.2576096001489994,0.3562686001489994,0.7509046001489994,1.6388356001489994,,,,
7.951151,927,1079.0,0.1589506001489994,0.3562686001489994,0.7509046001489994,1.6388356001489994,,,,
7.95223,927,1079.0,0.1589506001489994,0.2576096001489994,0.8495636001489993,1.7374946001489993,,,,
7.953309,927,1079.0,0.1589506001489994,0.3562686001489994,0.8495636001489993,1.8361536001489993,,,,
7.954388,927,1079.0,0.2576096001489994,0.4549276001489994,0.8495636001489993,1.9348126001489994,,,,
7.955467,927,1079.0,0.2576096001489994,0.4549276001489994,0.8495636001489993,2.0334716001489994,,,,
7.956546,927,1079.0,0.3562686001489994,0.5535866001489994,0.9482226001489994,2.1321306001489995,,,,
7.957625,927,1079.0,0.3562686001489994,0.5535866001489994,1.0468816001489993,2.2307896001489995,,,,
7.958704,927,1079.0,0.3562686001489994,0.5535866001489994,1.1455406001489994,2.428107600148999,,,,
7.959783,927,1079.0,0.3562686001489994,0.6522456001489993,1.1455406001489994,2.5267666001489992,,,,
7.960862,927,1079.0,0.4549276001489994,0.6522456001489993,1.2441996001489994,2.7240846001489993,,,,
7.961941,927,1079.0,0.4549276001489994,0.7509046001489994,1.2441996001489994,2.6254256001489993,,,,
7.96302,927,1079.0,0.4549276001489994,0.7509046001489994,1.2441996001489994,2.5267666001489992,,,,
7.964099,927,1079.0,0.4549276001489994,0.6522456001489993,1.1455406001489994,2.428107600148999,,,,
7.965178,927,1079.0,0.3562686001489994,0.6522456001489993,1.1455406001489994,2.428107600148999,,,,
7.966257,927,1079.0,0.3562686001489994,0.5535866001489994,1.1455406001489994,2.428107600148999,,,,
7.967336,927,1079.0,0.3562686001489994,0.4549276001489994,1.0468816001489993,2.329448600148999,,,,
7.968415,927,1079.0,0.2576096001489994,0.5535866001489994,1.0468816001489993,2.2307896001489995,,,,
7.969494,927,1079.0,0.2576096001489994,0.5535866001489994,0.9482226001489994,2.0334716001489994,,,,
7.970573,927,1079.0,0.2576096001489994,0.4549276001489994,0.9482226001489994,1.9348126001489994,,,,
7.971652,927,1079.0,0.1589506001489994,0.4549276001489994,0.9482226001489994,1.9348126001489994,,,,
7.972731,927,1079.0,0.2576096001489994,0.4549276001489994,0.9482226001489994,2.1321306001489995,,,,
7.97381,927,1079.0,0.2576096001489994,0.4549276001489994,1.0468816001489993,2.2307896001489995,,,,
7.974889,927,1079.0,0.2576096001489994,0.5535866001489994,1.0468816001489993,2.329448600148999,,,,
7.975968,927,1079.0,0.3562686001489994,0.5535866001489994,1.1455406001489994,2.329448600148999,,,,
7.977047,927,1079.0,0.3562686001489994,0.5535866001489994,1.0468816001489993,2.428107600148999,,,,
7.978126,927,1079.0,0.3562686001489994,0.6522456001489993,1.1455406001489994,2.329448600148999,,,,
7.979205,927,1079.0,0.3562686001489994,0.6522456001489993,1.2441996001489994,2.5267666001489992,,,,
7.980284,927,1079.0,0.4549276001489994,0.6522456001489993,1.2441996001489994,2.7240846001489993,,,,
7.981363,927,1079.0,0.4549276001489994,0.7509046001489994,1.3428586001489993,2.7240846001489993,,,,
7.982442,927,1079.0,0.4549276001489994,0.6522456001489993,1.2441996001489994,2.5267666001489992,,,,
7.983521,927,1079.0,0.4549276001489994,0.6522456001489993,1.1455406001489994,2.428107600148999,,,,
7.9846,927,1079.0,0.3562686001489994,0.5535866001489994,1.0468816001489993,2.329448600148999,,,,
7.985679,927,1079.0,0.3562686001489994,0.5535866001489994,1.0468816001489993,2.2307896001489995,,,,
7.986758,927,1079.0,0.2576096001489994,0.4549276001489994,0.9482226001489994,2.1321306001489995,,,,
7.987837,927,1079.0,0.2576096001489994,0.4549276001489994,0.9482226001489994,2.1321306001489995,,,,
7.988916,927,1079.0,0.2576096001489994,0.3562686001489994,0.8495636001489993,1.9348126001489994,,,,
7.989995,927,1079.0,0.2576096001489994,0.3562686001489994,0.7509046001489994,1.7374946001489993,,,,
7.991074,927,1079.0,0.2576096001489994,0.3562686001489994,0.7509046001489994,1.6388356001489994,,,,
7.992153,927,1079.0,0.1589506001489994,0.3562686001489994,0.7509046001489994,1.7374946001489993,,,,
7.993232,927,1079.0,0.2576096001489994,0.4549276001489994,0.8495636001489993,1.8361536001489993,,,,
7.994311,927,1079.0,0.2576096001489994,0.3562686001489994,0.8495636001489993,1.9348126001489994,,,,
7.99539,927,1079.0,0.2576096001489994,0.4549276001489994,0.9482226001489994,1.9348126001489994,,,,
7.996469,927,1079.0,0.2576096001489994,0.4549276001489994,0.8495636001489993,1.9348126001489994,,,,
7.997548,927,1079.0,0.3562686001489994,0.4549276001489994,0.8495636001489993,1.8361536001489993,,,,
7.998627,927,1079.0,0.3562686001489994,0.4549276001489994,0.8495636001489993,1.9348126001489994,,,,
7.999706,927,1079.0,0.3562686001489994,0.5535866001489994,0.9482226001489994,2.0334716001489994,,,,
8.000785,927,1079.0,0.4549276001489994,0.5535866001489994,0.9482226001489994,2.1321306001489995,,,,
8.001864,927,1079.0,0.3562686001489994,0.5535866001489994,0.9482226001489994,2.0334716001489994,,,,
8.002943,927,1079.0,0.4549276001489994,0.4549276001489994,0.8495636001489993,1.8361536001489993,,,,
8.004022,927,1079.0,0.3562686001489994,0.4549276001489994,0.6522456001489993,1.6388356001489994,,,,
8.005101,927,1079.0,0.2576096001489994,0.4549276001489994,0.6522456001489993,1.4415176001489993,,,,
8.00618,927,1079.0,0.2576096001489994,0.2576096001489994,0.5535866001489994,1.3428586001489993,,,,
8.007259,927,1079.0,0.2576096001489994,0.2576096001489994,0.5535866001489994,1.3428586001489993,,,,
8.008338,927,1079.0,0.1589506001489994,0.1589506001489994,0.4549276001489994,1.2441996001489994,,,,
8.009417,927,1079.0,0.1589506001489994,0.1589506001489994,0.4549276001489994,1.0468816001489993,,,,
8.010496,927,1079.0,0.1589506001489994,0.1589506001489994,0.2576096001489994,0.8495636001489993,,,,
8.011575,927,1079.0,0.1589506001489994,0.1589506001489994,0.2576096001489994,0.8495636001489993,,,,
8.012654,927,1079.0,0.1589506001489994,0.1589506001489994,0.2576096001489994,0.9482226001489994,,,,
8.013733,927,1079.0,0.1589506001489994,0.1589506001489994,0.3562686001489994,1.0468816001489993,,,,
8.014812,927,1079.0,0.1589506001489994,0.1589506001489994,0.3562686001489994,1.1455406001489994,,,,
8.015891,927,1079.0,0.2576096001489994,0.1589506001489994,0.4549276001489994,1.1455406001489994,,,,
8.01697,927,1079.0,0.2576096001489994,0.2576096001489994,0.3562686001489994,1.0468816001489993,,,,
8.018049,927,1079.0,0.2576096001489994,0.2576096001489994,0.3562686001489994,0.9482226001489994,,,,
8.019128,927,1079.0,0.3562686001489994,0.2576096001489994,0.3562686001489994,1.1455406001489994,,,,
8.020207,927,1079.0,0.3562686001489994,0.3562686001489994,0.4549276001489994,1.2441996001489994,,,,
8.021286,927,1079.0,0.3562686001489994,0.2576096001489994,0.4549276001489994,1.1455406001489994,,,,
8.022365,927,1079.0,0.2576096001489994,0.2576096001489994,0.3562686001489994,1.0468816001489993,,,,
8.023444,927,1079.0,0.2576096001489994,0.1589506001489994,0.2576096001489994,0.8495636001489993,,,,
8.024523,927,1079.0,0.2576096001489994,0.1589506001489994,0.1589506001489994,0.6522456001489993,,,,
8.025602,927,1079.0,0.1589506001489994,0.1589506001489994,0.060291600148999404,0.5535866001489994,,,,
8.026681,927,1079.0,0.1589506001489994,0.060291600148999404,-0.03836739985100059,0.4549276001489994,,,,
8.02776,927,1079.0,0.060291600148999404,0.060291600148999404,-0.03836739985100059,0.3562686001489994,,,,
8.028839,927,1079.0,0.060291600148999404,-0.03836739985100059,-0.1370263998510006,0.2576096001489994,,,,
8.029918,927,1079.0,0.060291600148999404,-0.1370263998510006,-0.2356853998510006,0.1589506001489994,,,,
8.030997,927,1079.0,0.060291600148999404,-0.1370263998510006,-0.2356853998510006,0.060291600148999404,,,,
8.032076,927,1079.0,0.060291600148999404,-0.03836739985100059,-0.2356853998510006,0.060291600148999404,,,,
8.033155,927,1079.0,0.1589506001489994,-0.03836739985100059,-0.2356853998510006,0.1589506001489994,,,,
8.034234,927,1079.0,0.1589506001489994,-0.03836739985100059,-0.2356853998510006,0.2576096001489994,,,,
8.035313,927,1079.0,0.1589506001489994,-0.03836739985100059,-0.1370263998510006,0.3562686001489994,,,,
8.036392,927,1079.0,0.1589506001489994,-0.03836739985100059,-0.1370263998510006,0.4549276001489994,,,,
8.037471,927,1079.0,0.1589506001489994,-0.03836739985100059,-0.1370263998510006,0.3562686001489994,,,,
8.03855,927,1079.0,0.2576096001489994,0.060291600148999404,-0.03836739985100059,0.4549276001489994,,,,
8.039629,927,1079.0,0.2576096001489994,0.060291600148999404,-0.03836739985100059,0.4549276001489994,,,,
8.040708,927,1079.0,0.2576096001489994,0.1589506001489994,-0.03836739985100059,0.4549276001489994,,,,
8.041787,927,1079.0,0.2576096001489994,0.060291600148999404,-0.1370263998510006,0.3562686001489994,,,,
8.042866,927,1079.0,0.1589506001489994,0.060291600148999404,-0.1370263998510006,0.2576096001489994,,,,
8.043945,927,1079.0,0.1589506001489994,-0.03836739985100059,-0.2356853998510006,0.1589506001489994,,,,
8.045024,927,1079.0,0.1589506001489994,-0.03836739985100059,-0.2356853998510006,-0.03836739985100059,,,,
8.046103,927,1079.0,0.1589506001489994,-0.03836739985100059,-0.33434439985100056,-0.1370263998510006,,,,
8.047182,927,1079.0,0.1589506001489994,-0.1370263998510006,-0.43300339985100056,-0.2356853998510006,,,,
8.048261,927,1079.0,0.060291600148999404,-0.1370263998510006,-0.43300339985100056,-0.2356853998510006,,,,
8.04934,927,1079.0,-0.03836739985100059,-0.2356853998510006,-0.43300339985100056,-0.33434439985100056,,,,
8.050419,927,1079.0,-0.03836739985100059,-0.2356853998510006,-0.43300339985100056,-0.33434439985100056,,,,
8.051498,927,1079.0,0.060291600148999404,-0.2356853998510006,-0.43300339985100056,-0.33434439985100056,,,,
8.052577,927,1079.0,0.060291600148999404,-0.2356853998510006,-0.43300339985100056,-0.2356853998510006,,,,
8.053656,927,1079.0,0.1589506001489994,-0.1370263998510006,-0.43300339985100056,-0.2356853998510006,,,,
8.054735,927,1079.0,0.1589506001489994,-0.1370263998510006,-0.33434439985100056,-0.03836739985100059,,,,
8.055814,927,1079.0,0.1589506001489994,-0.1370263998510006,-0.33434439985100056,0.060291600148999404,,,,
8.056893,927,1079.0,0.1589506001489994,-0.1370263998510006,-0.2356853998510006,0.060291600148999404,,,,
8.057972,927,1079.0,0.1589506001489994,-0.03836739985100059,-0.2356853998510006,0.1589506001489994,,,,
8.059051,927,1079.0,0.2576096001489994,-0.03836739985100059,-0.1370263998510006,0.2576096001489994,,,,
8.06013,927,1079.0,0.2576096001489994,0.060291600148999404,-0.1370263998510006,0.2576096001489994,,,,
8.061209,927,1079.0,0.2576096001489994,0.060291600148999404,-0.2356853998510006,0.1589506001489994,,,,
8.062288,927,1079.0,0.2576096001489994,-0.03836739985100059,-0.2356853998510006,0.1589506001489994,,,,
8.063367,927,1079.0,0.1589506001489994,-0.1370263998510006,-0.2356853998510006,0.060291600148999404,,,,
8.064446,927,1079.0,0.1589506001489994,-0.1370263998510006,-0.33434439985100056,-0.03836739985100059,,,,
8.065525,927,1079.0,0.1589506001489994,-0.1370263998510006,-0.33434439985100056,-0.1370263998510006,,,,
8.066604,927,1079.0,0.1589506001489994,-0.1370263998510006,-0.43300339985100056,-0.1370263998510006,,,,
8.067683,927,1079.0,0.060291600148999404,-0.1370263998510006,-0.43300339985100056,-0.33434439985100056,,,,
8.068762,927,1079.0,0.060291600148999404,-0.2356853998510006,-0.5316623998510006,-0.33434439985100056,,,,
8.069841,927,1079.0,0.060291600148999404,-0.2356853998510006,-0.43300339985100056,-0.2356853998510006,,,,
8.07092,927,1079.0,0.060291600148999404,-0.2356853998510006,-0.33434439985100056,-0.1370263998510006,,,,
8.071999,927,1079.0,0.060291600148999404,-0.1370263998510006,-0.33434439985100056,-0.03836739985100059,,,,
8.073078,927,1079.0,0.1589506001489994,-0.1370263998510006,-0.2356853998510006,0.060291600148999404,,,,
8.074157,927,1079.0,0.1589506001489994,-0.03836739985100059,-0.2356853998510006,0.1589506001489994,,,,
8.075236,927,1079.0,0.1589506001489994,-0.03836739985100059,-0.1370263998510006,0.1589506001489994,,,,
8.076315,927,1079.0,0.1589506001489994,-0.03836739985100059,-0.1370263998510006,0.3562686001489994,,,,
8.077394,927,1079.0,0.1589506001489994,0.060291600148999404,0.060291600148999404,0.5535866001489994,,,,
8.078473,927,1079.0,0.2576096001489994,0.060291600148999404,0.060291600148999404,0.6522456001489993,,,,
8.079552,927,1079.0,0.2576096001489994,0.1589506001489994,0.1589506001489994,0.6522456001489993,,,,
8.080631,927,1079.0,0.2576096001489994,0.1589506001489994,0.060291600148999404,0.5535866001489994,,,,
8.08171,927,1079.0,0.2576096001489994,0.1589506001489994,0.060291600148999404,0.5535866001489994,,,,
8.082789,927,1079.0,0.2576096001489994,0.1589506001489994,0.060291600148999404,0.5535866001489994,,,,
8.083868,927,1079.0,0.1589506001489994,0.060291600148999404,0.060291600148999404,0.5535866001489994,,,,
8.084947,927,1079.0,0.1589506001489994,0.060291600148999404,0.060291600148999404,0.5535866001489994,,,,
8.086026,927,1079.0,0.1589506001489994,0.060291600148999404,0.060291600148999404,0.4549276001489994,,,,
8.087105,927,1079.0,0.060291600148999404,0.060291600148999404,-0.03836739985100059,0.3562686001489994,,,,
8.088184,927,1079.0,0.060291600148999404,-0.03836739985100059,-0.1370263998510006,0.2576096001489994,,,,
8.089263,927,1079.0,0.060291600148999404,-0.03836739985100059,-0.03836739985100059,0.2576096001489994,,,,
8.090342,927,1079.0,0.060291600148999404,-0.03836739985100059,-0.03836739985100059,0.5535866001489994,,,,
8.091421,927,1079.0,0.1589506001489994,-0.03836739985100059,0.1589506001489994,0.6522456001489993,,,,
8.0925,927,1079.0,0.1589506001489994,0.060291600148999404,0.1589506001489994,0.7509046001489994,,,,
8.093579,927,1079.0,0.1589506001489994,0.1589506001489994,0.2576096001489994,0.8495636001489993,,,,
8.094658,927,1079.0,0.2576096001489994,0.1589506001489994,0.2576096001489994,0.9482226001489994,,,,
8.095737,927,1079.0,0.2576096001489994,0.1589506001489994,0.3562686001489994,1.0468816001489993,,,,
8.096816,927,1079.0,0.2576096001489994,0.2576096001489994,0.4549276001489994,1.2441996001489994,,,,
8.097895,927,1079.0,0.3562686001489994,0.2576096001489994,0.5535866001489994,1.4415176001489993,,,,
8.098974,927,1079.0,0.2576096001489994,0.3562686001489994,0.6522456001489993,1.6388356001489994,,,,
8.100053,927,1079.0,0.3562686001489994,0.3562686001489994,0.5535866001489994,1.5401766001489994,,,,
8.101132,927,1079.0,0.3562686001489994,0.3562686001489994,0.5535866001489994,1.3428586001489993,,,,
8.102211,927,1079.0,0.2576096001489994,0.3562686001489994,0.4549276001489994,1.2441996001489994,,,,
8.10329,927,1079.0,0.2576096001489994,0.3562686001489994,0.4549276001489994,1.3428586001489993,,,,
8.104369,927,1079.0,0.2576096001489994,0.2576096001489994,0.5535866001489994,1.3428586001489993,,,,
8.105448,927,1079.0,0.1589506001489994,0.2576096001489994,0.5535866001489994,1.3428586001489993,,,,
8.106527,927,1079.0,0.1589506001489994,0.2576096001489994,0.5535866001489994,1.2441996001489994,,,,
8.107606,927,1079.0,0.1589506001489994,0.2576096001489994,0.4549276001489994,1.1455406001489994,,,,
8.108685,927,1079.0,0.1589506001489994,0.2576096001489994,0.4549276001489994,1.1455406001489994,,,,
8.109764,927,1079.0,0.2576096001489994,0.2576096001489994,0.4549276001489994,1.2441996001489994,,,,
8.110843,927,1079.0,0.1589506001489994,0.3562686001489994,0.6522456001489993,1.4415176001489993,,,,
8.111922,927,1079.0,0.2576096001489994,0.3562686001489994,0.6522456001489993,1.6388356001489994,,,,
8.113001,927,1079.0,0.2576096001489994,0.3562686001489994,0.8495636001489993,1.8361536001489993,,,,
8.11408,927,1079.0,0.2576096001489994,0.3562686001489994,0.8495636001489993,1.8361536001489993,,,,
8.115159,927,1079.0,0.3562686001489994,0.4549276001489994,0.8495636001489993,1.8361536001489993,,,,
8.116238,927,1079.0,0.3562686001489994,0.4549276001489994,0.8495636001489993,1.9348126001489994,,,,
8.117317,927,1079.0,0.4549276001489994,0.5535866001489994,1.0468816001489993,2.2307896001489995,,,,
8.118396,927,1079.0,0.4549276001489994,0.6522456001489993,1.1455406001489994,2.329448600148999,,,,
8.119475,927,1079.0,0.4549276001489994,0.5535866001489994,1.1455406001489994,2.329448600148999,,,,
8.120554,927,1079.0,0.3562686001489994,0.5535866001489994,1.0468816001489993,2.329448600148999,,,,
8.121633,927,1079.0,0.3562686001489994,0.5535866001489994,0.9482226001489994,2.1321306001489995,,,,
8.122712,927,1079.0,0.3562686001489994,0.5535866001489994,0.9482226001489994,2.0334716001489994,,,,
8.123791,927,1079.0,0.3562686001489994,0.5535866001489994,0.9482226001489994,2.0334716001489994,,,,
8.12487,927,1079.0,0.2576096001489994,0.5535866001489994,0.9482226001489994,2.0334716001489994,,,,
8.125949,927,1079.0,0.2576096001489994,0.4549276001489994,0.9482226001489994,2.0334716001489994,,,,
8.127028,927,1079.0,0.1589506001489994,0.4549276001489994,0.9482226001489994,1.9348126001489994,,,,
8.128107,927,1079.0,0.1589506001489994,0.4549276001489994,0.8495636001489993,1.8361536001489993,,,,
8.129186,927,1079.0,0.2576096001489994,0.4549276001489994,0.8495636001489993,1.8361536001489993,,,,
8.130265,927,1079.0,0.2576096001489994,0.4549276001489994,0.8495636001489993,1.9348126001489994,,,,
8.131344,927,1079.0,0.2576096001489994,0.5535866001489994,0.9482226001489994,2.1321306001489995,,,,
8.132423,927,1079.0,0.2576096001489994,0.5535866001489994,1.0468816001489993,2.329448600148999,,,,
8.133502,927,1079.0,0.3562686001489994,0.5535866001489994,1.1455406001489994,2.428107600148999,,,,
8.134581,927,1079.0,0.3562686001489994,0.5535866001489994,1.1455406001489994,2.428107600148999,,,,
8.13566,927,1079.0,0.4549276001489994,0.6522456001489993,1.1455406001489994,2.428107600148999,,,,
8.136739,927,1079.0,0.4549276001489994,0.7509046001489994,1.2441996001489994,2.5267666001489992,,,,
8.137818,927,1079.0,0.4549276001489994,0.7509046001489994,1.3428586001489993,2.7240846001489993,,,,
8.138897,927,1079.0,0.4549276001489994,0.7509046001489994,1.2441996001489994,2.6254256001489993,,,,
8.139976,927,1079.0,0.4549276001489994,0.6522456001489993,1.2441996001489994,2.6254256001489993,,,,
8.141055,927,1079.0,0.4549276001489994,0.6522456001489993,1.1455406001489994,2.5267666001489992,,,,
8.142134,927,1079.0,0.3562686001489994,0.6522456001489993,1.0468816001489993,2.329448600148999,,,,
8.143213,927,1079.0,0.3562686001489994,0.5535866001489994,1.0468816001489993,2.329448600148999,,,,
8.144292,927,1079.0,0.3562686001489994,0.5535866001489994,0.9482226001489994,2.2307896001489995,,,,
8.145371,927,1079.0,0.2576096001489994,0.5535866001489994,0.9482226001489994,2.1321306001489995,,,,
8.14645,927,1079.0,0.2576096001489994,0.5535866001489994,0.9482226001489994,2.1321306001489995,,,,
8.147529,927,1079.0,0.1589506001489994,0.4549276001489994,0.8495636001489993,2.0334716001489994,,,,
8.148608,927,1079.0,0.1589506001489994,0.4549276001489994,0.8495636001489993,2.0334716001489994,,,,
8.149687,927,1079.0,0.2576096001489994,0.4549276001489994,0.9482226001489994,2.0334716001489994,,,,
8.150766,927,1079.0,0.2576096001489994,0.5535866001489994,0.9482226001489994,2.1321306001489995,,,,
8.151845,927,1079.0,0.2576096001489994,0.5535866001489994,0.9482226001489994,2.2307896001489995,,,,
8.152924,927,1079.0,0.2576096001489994,0.5535866001489994,1.0468816001489993,2.329448600148999,,,,
8.154003,927,1079.0,0.2576096001489994,0.5535866001489994,1.0468816001489993,2.428107600148999,,,,
8.155082,927,1079.0,0.2576096001489994,0.5535866001489994,1.0468816001489993,2.428107600148999,,,,
8.156161,927,1079.0,0.4549276001489994,0.5535866001489994,1.1455406001489994,2.428107600148999,,,,
8.15724,927,1079.0,0.4549276001489994,0.7509046001489994,1.1455406001489994,2.428107600148999,,,,
8.158319,927,1079.0,0.4549276001489994,0.6522456001489993,1.1455406001489994,2.428107600148999,,,,
8.159398,927,1079.0,0.4549276001489994,0.6522456001489993,1.0468816001489993,2.329448600148999,,,,
8.160477,927,1079.0,0.3562686001489994,0.5535866001489994,1.0468816001489993,2.329448600148999,,,,
8.161556,927,1079.0,0.3562686001489994,0.5535866001489994,0.9482226001489994,2.1321306001489995,,,,
8.162635,927,1079.0,0.2576096001489994,0.5535866001489994,0.9482226001489994,2.0334716001489994,,,,
8.163714,927,1079.0,0.2576096001489994,0.4549276001489994,0.8495636001489993,1.8361536001489993,,,,
8.164793,927,1079.0,0.2576096001489994,0.4549276001489994,0.7509046001489994,1.6388356001489994,,,,
8.165872,927,1079.0,0.2576096001489994,0.3562686001489994,0.6522456001489993,1.5401766001489994,,,,
8.166951,927,1079.0,0.1589506001489994,0.2576096001489994,0.6522456001489993,1.4415176001489993,,,,
8.16803,927,1079.0,0.1589506001489994,0.2576096001489994,0.6522456001489993,1.4415176001489993,,,,
8.169109,927,1079.0,0.1589506001489994,0.3562686001489994,0.6522456001489993,1.5401766001489994,,,,
8.170188,927,1079.0,0.2576096001489994,0.3562686001489994,0.6522456001489993,1.5401766001489994,,,,
8.171267,927,1079.0,0.2576096001489994,0.3562686001489994,0.6522456001489993,1.5401766001489994,,,,
8.172346,927,1079.0,0.2576096001489994,0.4549276001489994,0.6522456001489993,1.5401766001489994,,,,
8.173425,927,1079.0,0.2576096001489994,0.3562686001489994,0.7509046001489994,1.6388356001489994,,,,
8.174504,927,1079.0,0.2576096001489994,0.3562686001489994,0.6522456001489993,1.7374946001489993,,,,
8.175583,927,1079.0,0.2576096001489994,0.4549276001489994,0.7509046001489994,1.7374946001489993,,,,
8.176662,927,1079.0,0.3562686001489994,0.4549276001489994,0.7509046001489994,1.8361536001489993,,,,
8.177741,927,1079.0,0.4549276001489994,0.4549276001489994,0.7509046001489994,1.7374946001489993,,,,
8.17882,927,1079.0,0.3562686001489994,0.4549276001489994,0.6522456001489993,1.5401766001489994,,,,
8.179899,927,1079.0,0.3562686001489994,0.4549276001489994,0.5535866001489994,1.4415176001489993,,,,
8.180978,927,1079.0,0.2576096001489994,0.2576096001489994,0.5535866001489994,1.3428586001489993,,,,
8.182057,927,1079.0,0.2576096001489994,0.2576096001489994,0.4549276001489994,1.2441996001489994,,,,
8.183136,927,1079.0,0.2576096001489994,0.1589506001489994,0.3562686001489994,1.1455406001489994,,,,
8.184215,927,1079.0,0.1589506001489994,0.1589506001489994,0.2576096001489994,0.8495636001489993,,,,
8.185294,927,1079.0,0.1589506001489994,0.1589506001489994,0.1589506001489994,0.7509046001489994,,,,
8.186373,927,1079.0,0.1589506001489994,0.060291600148999404,0.060291600148999404,0.5535866001489994,,,,
8.187452,927,1079.0,0.060291600148999404,0.060291600148999404,0.1589506001489994,0.5535866001489994,,,,
8.188531,927,1079.0,0.060291600148999404,0.060291600148999404,0.060291600148999404,0.6522456001489993,,,,
8.18961,927,1079.0,0.1589506001489994,0.060291600148999404,0.1589506001489994,0.7509046001489994,,,,
8.190689,927,1079.0,0.1589506001489994,0.060291600148999404,0.1589506001489994,0.7509046001489994,,,,
8.191768,927,1079.0,0.1589506001489994,0.1589506001489994,0.1589506001489994,0.6522456001489993,,,,
8.192847,927,1079.0,0.1589506001489994,0.1589506001489994,0.1589506001489994,0.6522456001489993,,,,
8.193926,927,1079.0,0.2576096001489994,0.1589506001489994,0.1589506001489994,0.7509046001489994,,,,
8.195005,927,1079.0,0.2576096001489994,0.1589506001489994,0.1589506001489994,0.8495636001489993,,,,
8.196084,927,1079.0,0.2576096001489994,0.1589506001489994,0.2576096001489994,1.0468816001489993,,,,
8.197163,927,1079.0,0.3562686001489994,0.1589506001489994,0.2576096001489994,0.9482226001489994,,,,
8.198242,927,1079.0,0.3562686001489994,0.1589506001489994,0.1589506001489994,0.7509046001489994,,,,
8.199321,927,1079.0,0.3562686001489994,0.1589506001489994,0.060291600148999404,0.5535866001489994,,,,
8.2004,927,1079.0,0.2576096001489994,0.060291600148999404,-0.03836739985100059,0.4549276001489994,,,,
8.201479,927,1079.0,0.2576096001489994,0.060291600148999404,-0.1370263998510006,0.3562686001489994,,,,
8.202558,927,1079.0,0.1589506001489994,-0.03836739985100059,-0.03836739985100059,0.3562686001489994,,,,
8.203637,927,1079.0,0.1589506001489994,-0.03836739985100059,-0.1370263998510006,0.2576096001489994,,,,
8.204716,927,1079.0,0.060291600148999404,-0.1370263998510006,-0.2356853998510006,0.060291600148999404,,,,
8.205795,927,1079.0,0.060291600148999404,-0.1370263998510006,-0.33434439985100056,-0.1370263998510006,,,,
8.206874,927,1079.0,0.060291600148999404,-0.1370263998510006,-0.43300339985100056,-0.2356853998510006,,,,
8.207953,927,1079.0,0.060291600148999404,-0.2356853998510006,-0.33434439985100056,-0.1370263998510006,,,,
8.209032,927,1079.0,0.060291600148999404,-0.1370263998510006,-0.2356853998510006,-0.03836739985100059,,,,
8.210111,927,1079.0,0.1589506001489994,-0.1370263998510006,-0.2356853998510006,0.060291600148999404,,,,
8.21119,927,1079.0,0.1589506001489994,-0.1370263998510006,-0.2356853998510006,0.1589506001489994,,,,
8.212269,927,1079.0,0.1589506001489994,-0.03836739985100059,-0.2356853998510006,0.060291600148999404,,,,
8.213348,927,1079.0,0.2576096001489994,-0.03836739985100059,-0.2356853998510006,0.1589506001489994,,,,
8.214427,927,1079.0,0.2576096001489994,-0.03836739985100059,-0.2356853998510006,0.1589506001489994,,,,
8.215506,927,1079.0,0.2576096001489994,-0.03836739985100059,-0.1370263998510006,0.3562686001489994,,,,
8.216585,927,1079.0,0.2576096001489994,0.060291600148999404,-0.03836739985100059,0.4549276001489994,,,,
8.217664,927,1079.0,0.2576096001489994,-0.03836739985100059,-0.1370263998510006,0.3562686001489994,,,,
8.218743,927,1079.0,0.2576096001489994,-0.03836739985100059,-0.2356853998510006,0.2576096001489994,,,,
8.219822,927,1079.0,0.1589506001489994,-0.03836739985100059,-0.2356853998510006,0.060291600148999404,,,,
8.220901,927,1079.0,0.1589506001489994,-0.03836739985100059,-0.33434439985100056,-0.1370263998510006,,,,
8.22198,927,1079.0,0.1589506001489994,-0.1370263998510006,-0.33434439985100056,-0.1370263998510006,,,,
8.223059,927,1079.0,0.060291600148999404,-0.1370263998510006,-0.33434439985100056,-0.1370263998510006,,,,
8.224138,927,1079.0,0.060291600148999404,-0.2356853998510006,-0.43300339985100056,-0.2356853998510006,,,,
8.225217,927,1079.0,0.060291600148999404,-0.2356853998510006,-0.5316623998510006,-0.43300339985100056,,,,
8.226296,927,1079.0,0.060291600148999404,-0.2356853998510006,-0.5316623998510006,-0.43300339985100056,,,,
8.227375,927,1079.0,-0.03836739985100059,-0.2356853998510006,-0.5316623998510006,-0.43300339985100056,,,,
8.228454,927,1079.0,0.060291600148999404,-0.2356853998510006,-0.43300339985100056,-0.33434439985100056,,,,
8.229533,927,1079.0,0.060291600148999404,-0.1370263998510006,-0.43300339985100056,-0.1370263998510006,,,,
8.230612,927,1079.0,0.060291600148999404,-0.1370263998510006,-0.33434439985100056,0.060291600148999404,,,,
8.231691,927,1079.0,0.1589506001489994,-0.1370263998510006,-0.2356853998510006,0.060291600148999404,,,,
8.23277,927,1079.0,0.1589506001489994,-0.1370263998510006,-0.2356853998510006,0.060291600148999404,,,,
8.233849,927,1079.0,0.1589506001489994,-0.03836739985100059,-0.2356853998510006,0.060291600148999404,,,,
8.234928,927,1079.0,0.2576096001489994,0.060291600148999404,-0.1370263998510006,0.2576096001489994,,,,
8.236007,927,1079.0,0.2576096001489994,0.060291600148999404,-0.03836739985100059,0.4549276001489994,,,,
8.237086,927,1079.0,0.2576096001489994,0.060291600148999404,-0.03836739985100059,0.4549276001489994,,,,
8.238165,927,1079.0,0.2576096001489994,-0.03836739985100059,-0.1370263998510006,0.3562686001489994,,,,
8.239244,927,1079.0,0.1589506001489994,-0.03836739985100059,-0.1370263998510006,0.2576096001489994,,,,
8.240323,927,1079.0,0.1589506001489994,-0.03836739985100059,-0.2356853998510006,0.1589506001489994,,,,
8.241402,927,1079.0,0.1589506001489994,-0.03836739985100059,-0.2356853998510006,0.060291600148999404,,,,
8.242481,927,1079.0,0.1589506001489994,-0.03836739985100059,-0.2356853998510006,0.060291600148999404,,,,
8.24356,927,1079.0,0.060291600148999404,-0.1370263998510006,-0.2356853998510006,0.060291600148999404,,,,
8.244639,927,1079.0,0.060291600148999404,-0.1370263998510006,-0.2356853998510006,-0.03836739985100059,,,,
8.245718,927,1079.0,-0.03836739985100059,-0.1370263998510006,-0.33434439985100056,-0.03836739985100059,,,,
8.246797,927,1079.0,0.060291600148999404,-0.1370263998510006,-0.33434439985100056,-0.03836739985100059,,,,
8.247876,927,1079.0,0.060291600148999404,-0.03836739985100059,-0.2356853998510006,0.060291600148999404,,,,
8.248955,927,1079.0,0.1589506001489994,-0.03836739985100059,-0.2356853998510006,0.1589506001489994,,,,
8.250034,927,1079.0,0.1589506001489994,-0.03836739985100059,-0.1370263998510006,0.3562686001489994,,,,
8.251113,927,1079.0,0.1589506001489994,0.060291600148999404,-0.03836739985100059,0.5535866001489994,,,,
8.252192,927,1079.0,0.1589506001489994,0.060291600148999404,0.060291600148999404,0.6522456001489993,,,,
8.253271,927,1079.0,0.2576096001489994,0.060291600148999404,0.060291600148999404,0.6522456001489993,,,,
8.25435,927,1079.0,0.2576096001489994,0.1589506001489994,0.1589506001489994,0.7509046001489994,,,,
8.255429,927,1079.0,0.2576096001489994,0.2576096001489994,0.2576096001489994,0.8495636001489993,,,,
8.256508,927,1079.0,0.3562686001489994,0.2576096001489994,0.2576096001489994,1.0468816001489993,,,,
8.257587,927,1079.0,0.2576096001489994,0.2576096001489994,0.2576096001489994,0.9482226001489994,,,,
8.258666,927,1079.0,0.2576096001489994,0.1589506001489994,0.2576096001489994,0.9482226001489994,,,,
8.259745,927,1079.0,0.1589506001489994,0.1589506001489994,0.2576096001489994,0.8495636001489993,,,,
8.260824,927,1079.0,0.1589506001489994,0.1589506001489994,0.1589506001489994,0.7509046001489994,,,,
8.261903,927,1079.0,0.2576096001489994,0.060291600148999404,0.1589506001489994,0.6522456001489993,,,,
8.262982,927,1079.0,0.1589506001489994,0.1589506001489994,0.1589506001489994,0.7509046001489994,,,,
8.264061,927,1079.0,0.1589506001489994,0.1589506001489994,0.1589506001489994,0.6522456001489993,,,,
8.26514,927,1079.0,0.060291600148999404,0.060291600148999404,0.1589506001489994,0.7509046001489994,,,,
8.266219,927,1079.0,0.060291600148999404,0.060291600148999404,0.1589506001489994,0.7509046001489994,,,,
8.267298,927,1079.0,0.060291600148999404,0.060291600148999404,0.2576096001489994,0.8495636001489993,,,,
8.268377,927,1079.0,0.1589506001489994,0.1589506001489994,0.2576096001489994,0.9482226001489994,,,,
8.269456,927,1079.0,0.1589506001489994,0.2576096001489994,0.3562686001489994,1.1455406001489994,,,,
8.270535,927,1079.0,0.1589506001489994,0.2576096001489994,0.4549276001489994,1.2441996001489994,,,,
8.271614,927,1079.0,0.2576096001489994,0.2576096001489994,0.5535866001489994,1.4415176001489993,,,,
8.272693,927,1079.0,0.2576096001489994,0.2576096001489994,0.5535866001489994,1.5401766001489994,,,,
8.273772,927,1079.0,0.2576096001489994,0.3562686001489994,0.6522456001489993,1.6388356001489994,,,,
8.274851,927,1079.0,0.3562686001489994,0.4549276001489994,0.7509046001489994,1.7374946001489993,,,,
8.27593,927,1079.0,0.4549276001489994,0.4549276001489994,0.7509046001489994,1.8361536001489993,,,,
8.277009,927,1079.0,0.3562686001489994,0.4549276001489994,0.7509046001489994,1.7374946001489993,,,,
8.278088,927,1079.0,0.3562686001489994,0.4549276001489994,0.7509046001489994,1.7374946001489993,,,,
8.279167,927,1079.0,0.2576096001489994,0.3562686001489994,0.7509046001489994,1.6388356001489994,,,,
8.280246,927,1079.0,0.2576096001489994,0.3562686001489994,0.7509046001489994,1.6388356001489994,,,,
8.281325,927,1079.0,0.2576096001489994,0.3562686001489994,0.6522456001489993,1.5401766001489994,,,,
8.282404,927,1079.0,0.2576096001489994,0.3562686001489994,0.6522456001489993,1.5401766001489994,,,,
8.283483,927,1079.0,0.2576096001489994,0.3562686001489994,0.6522456001489993,1.4415176001489993,,,,
8.284562,927,1079.0,0.1589506001489994,0.3562686001489994,0.5535866001489994,1.4415176001489993,,,,
8.285641,927,1079.0,0.1589506001489994,0.3562686001489994,0.6522456001489993,1.5401766001489994,,,,
8.28672,927,1079.0,0.1589506001489994,0.3562686001489994,0.7509046001489994,1.6388356001489994,,,,
8.287799,927,1079.0,0.1589506001489994,0.3562686001489994,0.8495636001489993,1.7374946001489993,,,,
8.288878,927,1079.0,0.2576096001489994,0.4549276001489994,0.8495636001489993,1.8361536001489993,,,,
8.289957,927,1079.0,0.3562686001489994,0.4549276001489994,0.8495636001489993,1.9348126001489994,,,,
8.291036,927,1079.0,0.3562686001489994,0.4549276001489994,0.9482226001489994,2.1321306001489995,,,,
8.292115,927,1079.0,0.3562686001489994,0.5535866001489994,1.0468816001489993,2.2307896001489995,,,,
8.293194,927,1079.0,0.3562686001489994,0.5535866001489994,1.1455406001489994,2.428107600148999,,,,
8.294273,927,1079.0,0.4549276001489994,0.6522456001489993,1.2441996001489994,2.5267666001489992,,,,
8.295352,927,1079.0,0.4549276001489994,0.6522456001489993,1.2441996001489994,2.5267666001489992,,,,
8.296431,927,1079.0,0.4549276001489994,0.6522456001489993,1.1455406001489994,2.428107600148999,,,,
8.29751,927,1079.0,0.4549276001489994,0.6522456001489993,1.1455406001489994,2.329448600148999,,,,
8.298589,927,1079.0,0.3562686001489994,0.5535866001489994,1.0468816001489993,2.329448600148999,,,,
8.299668,927,1079.0,0.3562686001489994,0.5535866001489994,1.0468816001489993,2.2307896001489995,,,,
8.300747,927,1079.0,0.2576096001489994,0.4549276001489994,1.0468816001489993,2.2307896001489995,,,,
8.301826,927,1079.0,0.2576096001489994,0.5535866001489994,0.9482226001489994,2.1321306001489995,,,,
8.302905,927,1079.0,0.2576096001489994,0.5535866001489994,0.9482226001489994,2.0334716001489994,,,,
8.303984,927,1079.0,0.2576096001489994,0.4549276001489994,0.8495636001489993,1.9348126001489994,,,,
8.305063,927,1079.0,0.2576096001489994,0.4549276001489994,0.8495636001489993,1.9348126001489994,,,,
8.306142,927,1079.0,0.2576096001489994,0.4549276001489994,0.9482226001489994,2.1321306001489995,,,,
8.307221,927,1079.0,0.2576096001489994,0.4549276001489994,0.9482226001489994,2.2307896001489995,,,,
8.3083,927,1079.0,0.2576096001489994,0.4549276001489994,1.0468816001489993,2.329448600148999,,,,
8.309379,927,1079.0,0.3562686001489994,0.5535866001489994,1.0468816001489993,2.329448600148999,,,,
8.310458,927,1079.0,0.3562686001489994,0.6522456001489993,1.0468816001489993,2.329448600148999,,,,
8.311537,927,1079.0,0.3562686001489994,0.6522456001489993,1.1455406001489994,2.329448600148999,,,,
8.312616,927,1079.0,0.3562686001489994,0.6522456001489993,1.1455406001489994,2.5267666001489992,,,,
8.313695,927,1079.0,0.4549276001489994,0.6522456001489993,1.2441996001489994,2.7240846001489993,,,,
8.314774,927,1079.0,0.4549276001489994,0.6522456001489993,1.2441996001489994,2.7240846001489993,,,,
8.315853,927,1079.0,0.4549276001489994,0.6522456001489993,1.3428586001489993,2.6254256001489993,,,,
8.316932,927,1079.0,0.4549276001489994,0.6522456001489993,1.1455406001489994,2.5267666001489992,,,,
8.318011,927,1079.0,0.3562686001489994,0.6522456001489993,1.0468816001489993,2.329448600148999,,,,
8.31909,927,1079.0,0.3562686001489994,0.6522456001489993,1.0468816001489993,2.2307896001489995,,,,
8.320169,927,1079.0,0.3562686001489994,0.5535866001489994,1.0468816001489993,2.2307896001489995,,,,
8.321248,927,1079.0,0.3562686001489994,0.4549276001489994,1.0468816001489993,2.1321306001489995,,,,
8.322327,927,1079.0,0.2576096001489994,0.4549276001489994,0.9482226001489994,2.0334716001489994,,,,
8.323406,927,1079.0,0.2576096001489994,0.4549276001489994,0.8495636001489993,1.8361536001489993,,,,
8.324485,927,1079.0,0.2576096001489994,0.4549276001489994,0.7509046001489994,1.7374946001489993,,,,
8.325564,927,1079.0,0.2576096001489994,0.4549276001489994,0.7509046001489994,1.7374946001489993,,,,
8.326643,927,1079.0,0.2576096001489994,0.4549276001489994,0.8495636001489993,1.9348126001489994,,,,
8.327722,927,1079.0,0.2576096001489994,0.4549276001489994,0.9482226001489994,2.0334716001489994,,,,
8.328801,927,1079.0,0.2576096001489994,0.5535866001489994,0.9482226001489994,2.0334716001489994,,,,
8.32988,927,1079.0,0.3562686001489994,0.5535866001489994,0.9482226001489994,2.0334716001489994,,,,
8.330959,927,1079.0,0.3562686001489994,0.4549276001489994,0.9482226001489994,2.0334716001489994,,,,
8.332038,927,1079.0,0.3562686001489994,0.5535866001489994,0.8495636001489993,2.1321306001489995,,,,
8.333117,927,1079.0,0.3562686001489994,0.5535866001489994,1.0468816001489993,2.1321306001489995,,,,
8.334196,927,1079.0,0.4549276001489994,0.5535866001489994,1.0468816001489993,2.329448600148999,,,,
8.335275,927,1079.0,0.4549276001489994,0.5535866001489994,1.0468816001489993,2.2307896001489995,,,,
8.336354,927,1079.0,0.3562686001489994,0.5535866001489994,0.9482226001489994,2.0334716001489994,,,,
8.337433,927,1079.0,0.3562686001489994,0.5535866001489994,0.8495636001489993,1.8361536001489993,,,,
8.338512,927,1079.0,0.3562686001489994,0.4549276001489994,0.7509046001489994,1.6388356001489994,,,,
8.339591,927,1079.0,0.2576096001489994,0.4549276001489994,0.6522456001489993,1.5401766001489994,,,,
8.34067,927,1079.0,0.2576096001489994,0.3562686001489994,0.6522456001489993,1.5401766001489994,,,,
8.341749,927,1079.0,0.2576096001489994,0.2576096001489994,0.5535866001489994,1.3428586001489993,,,,
8.342828,927,1079.0,0.1589506001489994,0.2576096001489994,0.4549276001489994,1.2441996001489994,,,,
8.343907,927,1079.0,0.1589506001489994,0.1589506001489994,0.4549276001489994,1.1455406001489994,,,,
8.344986,927,1079.0,0.1589506001489994,0.2576096001489994,0.3562686001489994,1.0468816001489993,,,,
8.346065,927,1079.0,0.1589506001489994,0.2576096001489994,0.3562686001489994,1.0468816001489993,,,,
8.347144,927,1079.0,0.2576096001489994,0.2576096001489994,0.4549276001489994,1.2441996001489994,,,,
8.348223,927,1079.0,0.2576096001489994,0.2576096001489994,0.4549276001489994,1.2441996001489994,,,,
8.349302,927,1079.0,0.1589506001489994,0.2576096001489994,0.5535866001489994,1.3428586001489993,,,,
8.350381,927,1079.0,0.2576096001489994,0.2576096001489994,0.5535866001489994,1.3428586001489993,,,,
8.35146,927,1079.0,0.2576096001489994,0.2576096001489994,0.5535866001489994,1.2441996001489994,,,,
8.352539,927,1079.0,0.3562686001489994,0.3562686001489994,0.5535866001489994,1.3428586001489993,,,,
8.353618,927,1079.0,0.3562686001489994,0.4549276001489994,0.5535866001489994,1.4415176001489993,,,,
8.354697,927,1079.0,0.3562686001489994,0.3562686001489994,0.5535866001489994,1.3428586001489993,,,,
8.355776,927,1079.0,0.2576096001489994,0.2576096001489994,0.4549276001489994,1.2441996001489994,,,,
8.356855,927,1079.0,0.2576096001489994,0.2576096001489994,0.3562686001489994,1.0468816001489993,,,,
8.357934,927,1079.0,0.2576096001489994,0.1589506001489994,0.2576096001489994,0.8495636001489993,,,,
8.359013,927,1079.0,0.1589506001489994,0.1589506001489994,0.2576096001489994,0.7509046001489994,,,,
8.360092,927,1079.0,0.2576096001489994,0.1589506001489994,0.060291600148999404,0.6522456001489993,,,,
8.361171,927,1079.0,0.1589506001489994,0.060291600148999404,0.060291600148999404,0.4549276001489994,,,,
8.36225,927,1079.0,0.1589506001489994,-0.03836739985100059,-0.03836739985100059,0.4549276001489994,,,,
8.363329,927,1079.0,0.060291600148999404,-0.03836739985100059,-0.03836739985100059,0.3562686001489994,,,,
8.364408,927,1079.0,0.060291600148999404,-0.03836739985100059,-0.1370263998510006,0.3562686001489994,,,,
8.365487,927,1079.0,0.060291600148999404,-0.03836739985100059,-0.1370263998510006,0.3562686001489994,,,,
8.366566,927,1079.0,0.1589506001489994,0.060291600148999404,-0.1370263998510006,0.3562686001489994,,,,
8.367645,927,1079.0,0.1589506001489994,-0.03836739985100059,-0.03836739985100059,0.4549276001489994,,,,
8.368724,927,1079.0,0.1589506001489994,0.060291600148999404,-0.03836739985100059,0.4549276001489994,,,,
8.369803,927,1079.0,0.1589506001489994,0.060291600148999404,0.060291600148999404,0.5535866001489994,,,,
8.370882,927,1079.0,0.1589506001489994,0.060291600148999404,0.060291600148999404,0.5535866001489994,,,,
8.371961,927,1079.0,0.1589506001489994,0.1589506001489994,0.060291600148999404,0.6522456001489993,,,,
8.37304,927,1079.0,0.2576096001489994,0.1589506001489994,0.060291600148999404,0.6522456001489993,,,,
8.374119,927,1079.0,0.2576096001489994,0.1589506001489994,0.060291600148999404,0.5535866001489994,,,,
8.375198,927,1079.0,0.2576096001489994,0.1589506001489994,0.060291600148999404,0.5535866001489994,,,,
8.376277,927,1079.0,0.2576096001489994,0.060291600148999404,-0.03836739985100059,0.4549276001489994,,,,
8.377356,927,1079.0,0.1589506001489994,-0.03836739985100059,-0.03836739985100059,0.2576096001489994,,,,
8.378435,927,1079.0,0.1589506001489994,-0.03836739985100059,-0.2356853998510006,0.1589506001489994,,,,
8.379514,927,1079.0,0.1589506001489994,-0.1370263998510006,-0.33434439985100056,0.060291600148999404,,,,
8.380593,927,1079.0,0.1589506001489994,-0.03836739985100059,-0.43300339985100056,-0.03836739985100059,,,,
8.381672,927,1079.0,0.060291600148999404,-0.1370263998510006,-0.43300339985100056,-0.1370263998510006,,,,
8.382751,927,1079.0,0.060291600148999404,-0.2356853998510006,-0.43300339985100056,-0.2356853998510006,,,,
8.38383,927,1079.0,-0.03836739985100059,-0.2356853998510006,-0.43300339985100056,-0.2356853998510006,,,,
8.384909,927,1079.0,0.060291600148999404,-0.2356853998510006,-0.43300339985100056,-0.2356853998510006,,,,
8.385988,927,1079.0,0.060291600148999404,-0.1370263998510006,-0.43300339985100056,-0.1370263998510006,,,,
8.387067,927,1079.0,0.060291600148999404,-0.1370263998510006,-0.33434439985100056,-0.03836739985100059,,,,
8.388146,927,1079.0,0.1589506001489994,-0.1370263998510006,-0.33434439985100056,-0.03836739985100059,,,,
8.389225,927,1079.0,0.1589506001489994,-0.03836739985100059,-0.2356853998510006,0.060291600148999404,,,,
8.390304,927,1079.0,0.1589506001489994,-0.03836739985100059,-0.1370263998510006,0.1589506001489994,,,,
8.391383,927,1079.0,0.1589506001489994,-0.03836739985100059,-0.1370263998510006,0.2576096001489994,,,,
8.392462,927,1079.0,0.2576096001489994,0.060291600148999404,-0.1370263998510006,0.2576096001489994,,,,
8.393541,927,1079.0,0.2576096001489994,0.060291600148999404,-0.03836739985100059,0.2576096001489994,,,,
8.39462,927,1079.0,0.2576096001489994,0.060291600148999404,-0.1370263998510006,0.1589506001489994,,,,
8.395699,927,1079.0,0.2576096001489994,-0.03836739985100059,-0.2356853998510006,0.1589506001489994,,,,
8.396778,927,1079.0,0.1589506001489994,-0.03836739985100059,-0.2356853998510006,0.060291600148999404,,,,
8.397857,927,1079.0,0.1589506001489994,-0.1370263998510006,-0.33434439985100056,0.060291600148999404,,,,
8.398936,927,1079.0,0.060291600148999404,-0.1370263998510006,-0.33434439985100056,-0.03836739985100059,,,,
8.400015,927,1079.0,0.060291600148999404,-0.1370263998510006,-0.43300339985100056,-0.1370263998510006,,,,
8.401094,927,1079.0,0.060291600148999404,-0.1370263998510006,-0.5316623998510006,-0.33434439985100056,,,,
8.402173,927,1079.0,0.060291600148999404,-0.2356853998510006,-0.5316623998510006,-0.33434439985100056,,,,
8.403252,927,1079.0,0.060291600148999404,-0.2356853998510006,-0.43300339985100056,-0.33434439985100056,,,,
8.404331,927,1079.0,-0.03836739985100059,-0.2356853998510006,-0.33434439985100056,-0.1370263998510006,,,,
8.40541,927,1079.0,0.060291600148999404,-0.2356853998510006,-0.33434439985100056,-0.03836739985100059,,,,
8.406489,927,1079.0,0.1589506001489994,-0.1370263998510006,-0.2356853998510006,-0.03836739985100059,,,,
8.407568,927,1079.0,0.1589506001489994,-0.1370263998510006,-0.2356853998510006,0.060291600148999404,,,,
8.408647,927,1079.0,0.2576096001489994,-0.03836739985100059,-0.2356853998510006,0.1589506001489994,,,,
8.409726,927,1079.0,0.2576096001489994,0.060291600148999404,-0.1370263998510006,0.2576096001489994,,,,
8.410805,927,1079.0,0.1589506001489994,0.060291600148999404,-0.03836739985100059,0.4549276001489994,,,,
8.411884,927,1079.0,0.2576096001489994,0.060291600148999404,0.060291600148999404,0.6522456001489993,,,,
8.412963,927,1079.0,0.2576096001489994,0.1589506001489994,0.1589506001489994,0.5535866001489994,,,,
8.414042,927,1079.0,0.2576096001489994,0.060291600148999404,-0.03836739985100059,0.4549276001489994,,,,
8.415121,927,1079.0,0.2576096001489994,0.060291600148999404,-0.03836739985100059,0.4549276001489994,,,,
8.4162,927,1079.0,0.2576096001489994,0.060291600148999404,-0.1370263998510006,0.3562686001489994,,,,
8.417279,927,1079.0,0.1589506001489994,0.060291600148999404,-0.1370263998510006,0.3562686001489994,,,,
8.418358,927,1079.0,0.1589506001489994,-0.03836739985100059,-0.03836739985100059,0.3562686001489994,,,,
8.419437,927,1079.0,0.1589506001489994,-0.03836739985100059,-0.03836739985100059,0.3562686001489994,,,,
8.420516,927,1079.0,0.060291600148999404,-0.03836739985100059,-0.1370263998510006,0.1589506001489994,,,,
8.421595,927,1079.0,0.060291600148999404,-0.03836739985100059,-0.1370263998510006,0.1589506001489994,,,,
8.422674,927,1079.0,0.060291600148999404,-0.03836739985100059,-0.1370263998510006,0.1589506001489994,,,,
8.423753,927,1079.0,0.060291600148999404,-0.03836739985100059,-0.03836739985100059,0.2576096001489994,,,,
8.424832,927,1079.0,0.060291600148999404,-0.03836739985100059,0.060291600148999404,0.5535866001489994,,,,
8.425911,927,1079.0,0.1589506001489994,-0.03836739985100059,0.1589506001489994,0.6522456001489993,,,,
8.42699,927,1079.0,0.1589506001489994,0.060291600148999404,0.1589506001489994,0.7509046001489994,,,,
8.428069,927,1079.0,0.2576096001489994,0.1589506001489994,0.1589506001489994,0.7509046001489994,,,,
8.429148,927,1079.0,0.2576096001489994,0.1589506001489994,0.2576096001489994,0.8495636001489993,,,,
8.430227,927,1079.0,0.2576096001489994,0.2576096001489994,0.2576096001489994,0.9482226001489994,,,,
8.431306,927,1079.0,0.2576096001489994,0.2576096001489994,0.4549276001489994,1.2441996001489994,,,,
8.432385,927,1079.0,0.3562686001489994,0.3562686001489994,0.5535866001489994,1.3428586001489993,,,,
8.433464,927,1079.0,0.3562686001489994,0.2576096001489994,0.5535866001489994,1.2441996001489994,,,,
8.434543,927,1079.0,0.3562686001489994,0.3562686001489994,0.4549276001489994,1.2441996001489994,,,,
8.435622,927,1079.0,0.2576096001489994,0.2576096001489994,0.3562686001489994,1.1455406001489994,,,,
8.436701,927,1079.0,0.2576096001489994,0.2576096001489994,0.4549276001489994,1.0468816001489993,,,,
8.43778,927,1079.0,0.2576096001489994,0.2576096001489994,0.3562686001489994,1.1455406001489994,,,,
8.438859,927,1079.0,0.1589506001489994,0.1589506001489994,0.4549276001489994,1.1455406001489994,,,,
8.439938,927,1079.0,0.1589506001489994,0.1589506001489994,0.3562686001489994,1.0468816001489993,,,,
8.441017,927,1079.0,0.1589506001489994,0.1589506001489994,0.3562686001489994,1.0468816001489993,,,,
8.442096,927,1079.0,0.1589506001489994,0.1589506001489994,0.2576096001489994,0.9482226001489994,,,,
8.443175,927,1079.0,0.1589506001489994,0.1589506001489994,0.3562686001489994,1.0468816001489993,,,,
8.444254,927,1079.0,0.1589506001489994,0.2576096001489994,0.4549276001489994,1.2441996001489994,,,,
8.445333,927,1079.0,0.2576096001489994,0.2576096001489994,0.5535866001489994,1.4415176001489993,,,,
8.446412,927,1079.0,0.2576096001489994,0.2576096001489994,0.6522456001489993,1.5401766001489994,,,,
8.447491,927,1079.0,0.3562686001489994,0.3562686001489994,0.7509046001489994,1.6388356001489994,,,,
8.44857,927,1079.0,0.3562686001489994,0.4549276001489994,0.7509046001489994,1.6388356001489994,,,,
8.449649,927,1079.0,0.3562686001489994,0.4549276001489994,0.7509046001489994,1.7374946001489993,,,,
8.450728,927,1079.0,0.4549276001489994,0.5535866001489994,0.8495636001489993,2.0334716001489994,,,,
8.451807,927,1079.0,0.4549276001489994,0.5535866001489994,0.9482226001489994,2.2307896001489995,,,,
8.452886,927,1079.0,0.4549276001489994,0.5535866001489994,1.0468816001489993,2.2307896001489995,,,,
8.453965,927,1079.0,0.3562686001489994,0.5535866001489994,0.9482226001489994,2.1321306001489995,,,,
8.455044,927,1079.0,0.3562686001489994,0.4549276001489994,0.8495636001489993,1.9348126001489994,,,,
8.456123,927,1079.0,0.3562686001489994,0.4549276001489994,0.8495636001489993,1.8361536001489993,,,,
8.457202,927,1079.0,0.3562686001489994,0.4549276001489994,0.7509046001489994,1.8361536001489993,,,,
8.458281,927,1079.0,0.2576096001489994,0.4549276001489994,0.8495636001489993,1.8361536001489993,,,,
8.45936,927,1079.0,0.2576096001489994,0.4549276001489994,0.8495636001489993,1.8361536001489993,,,,
8.460439,927,1079.0,0.2576096001489994,0.3562686001489994,0.8495636001489993,1.8361536001489993,,,,
8.461518,927,1079.0,0.1589506001489994,0.3562686001489994,0.7509046001489994,1.7374946001489993,,,,
8.462597,927,1079.0,0.1589506001489994,0.4549276001489994,0.7509046001489994,1.7374946001489993,,,,
8.463676,927,1079.0,0.2576096001489994,0.4549276001489994,0.8495636001489993,1.7374946001489993,,,,
8.464755,927,1079.0,0.2576096001489994,0.5535866001489994,0.8495636001489993,2.0334716001489994,,,,
8.465834,927,1079.0,0.3562686001489994,0.5535866001489994,1.0468816001489993,2.1321306001489995,,,,
8.466913,927,1079.0,0.2576096001489994,0.5535866001489994,1.0468816001489993,2.329448600148999,,,,
8.467992,927,1079.0,0.3562686001489994,0.5535866001489994,1.1455406001489994,2.329448600148999,,,,
8.469071,927,1079.0,0.3562686001489994,0.5535866001489994,1.0468816001489993,2.329448600148999,,,,
8.47015,927,1079.0,0.4549276001489994,0.6522456001489993,1.2441996001489994,2.6254256001489993,,,,
8.471229,927,1079.0,0.4549276001489994,0.7509046001489994,1.2441996001489994,2.6254256001489993,,,,
8.472308,927,1079.0,0.5535866001489994,0.7509046001489994,1.2441996001489994,2.6254256001489993,,,,
8.473387,927,1079.0,0.4549276001489994,0.6522456001489993,1.2441996001489994,2.6254256001489993,,,,
8.474466,927,1079.0,0.4549276001489994,0.6522456001489993,1.2441996001489994,2.5267666001489992,,,,
8.475545,927,1079.0,0.4549276001489994,0.5535866001489994,1.1455406001489994,2.329448600148999,,,,
8.476624,927,1079.0,0.3562686001489994,0.5535866001489994,1.0468816001489993,2.2307896001489995,,,,
8.477703,927,1079.0,0.3562686001489994,0.5535866001489994,1.0468816001489993,2.1321306001489995,,,,
8.478782,927,1079.0,0.2576096001489994,0.5535866001489994,0.9482226001489994,2.1321306001489995,,,,
8.479861,927,1079.0,0.2576096001489994,0.4549276001489994,0.9482226001489994,2.0334716001489994,,,,
8.48094,927,1079.0,0.2576096001489994,0.4549276001489994,0.9482226001489994,2.0334716001489994,,,,
8.482019,927,1079.0,0.1589506001489994,0.4549276001489994,0.9482226001489994,2.0334716001489994,,,,
8.483098,927,1079.0,0.2576096001489994,0.4549276001489994,0.9482226001489994,2.0334716001489994,,,,
8.484177,927,1079.0,0.2576096001489994,0.4549276001489994,0.9482226001489994,2.1321306001489995,,,,
8.485256,927,1079.0,0.3562686001489994,0.5535866001489994,1.0468816001489993,2.1321306001489995,,,,
8.486335,927,1079.0,0.3562686001489994,0.5535866001489994,1.0468816001489993,2.2307896001489995,,,,
8.487414,927,1079.0,0.3562686001489994,0.5535866001489994,1.0468816001489993,2.329448600148999,,,,
8.488493,927,1079.0,0.3562686001489994,0.5535866001489994,1.1455406001489994,2.428107600148999,,,,
8.489572,927,1079.0,0.4549276001489994,0.6522456001489993,1.2441996001489994,2.5267666001489992,,,,
8.490651,927,1079.0,0.4549276001489994,0.6522456001489993,1.2441996001489994,2.5267666001489992,,,,
8.49173,927,1079.0,0.4549276001489994,0.7509046001489994,1.2441996001489994,2.5267666001489992,,,,
8.492809,927,1079.0,0.4549276001489994,0.6522456001489993,1.1455406001489994,2.428107600148999,,,,
8.493888,927,1079.0,0.4549276001489994,0.5535866001489994,1.1455406001489994,2.329448600148999,,,,
8.494967,927,1079.0,0.3562686001489994,0.5535866001489994,1.0468816001489993,2.2307896001489995,,,,
8.496046,927,1079.0,0.3562686001489994,0.5535866001489994,0.9482226001489994,2.1321306001489995,,,,
8.497125,927,1079.0,0.3562686001489994,0.4549276001489994,0.9482226001489994,2.0334716001489994,,,,
8.498204,927,1079.0,0.2576096001489994,0.4549276001489994,0.7509046001489994,1.7374946001489993,,,,
8.499283,927,1079.0,0.2576096001489994,0.4549276001489994,0.7509046001489994,1.7374946001489993,,,,
8.500362,927,1079.0,0.2576096001489994,0.3562686001489994,0.6522456001489993,1.6388356001489994,,,,
8.501441,927,1079.0,0.1589506001489994,0.3562686001489994,0.6522456001489993,1.6388356001489994,,,,
8.50252,927,1079.0,0.2576096001489994,0.2576096001489994,0.6522456001489993,1.6388356001489994,,,,
8.503599,927,1079.0,0.2576096001489994,0.3562686001489994,0.7509046001489994,1.7374946001489993,,,,
8.504678,927,1079.0,0.2576096001489994,0.4549276001489994,0.7509046001489994,1.7374946001489993,,,,
8.505757,927,1079.0,0.2576096001489994,0.4549276001489994,0.7509046001489994,1.7374946001489993,,,,
8.506836,927,1079.0,0.3562686001489994,0.4549276001489994,0.7509046001489994,1.7374946001489993,,,,
8.507915,927,1079.0,0.3562686001489994,0.3562686001489994,0.8495636001489993,1.8361536001489993,,,,
8.508994,927,1079.0,0.3562686001489994,0.4549276001489994,0.8495636001489993,1.9348126001489994,,,,
8.510073,927,1079.0,0.3562686001489994,0.4549276001489994,0.9482226001489994,2.0334716001489994,,,,
8.511152,927,1079.0,0.4549276001489994,0.4549276001489994,0.9482226001489994,1.9348126001489994,,,,
8.512231,927,1079.0,0.3562686001489994,0.5535866001489994,0.7509046001489994,1.7374946001489993,,,,
8.51331,927,1079.0,0.3562686001489994,0.4549276001489994,0.7509046001489994,1.6388356001489994,,,,
8.514389,927,1079.0,0.3562686001489994,0.4549276001489994,0.6522456001489993,1.4415176001489993,,,,
8.515468,927,1079.0,0.2576096001489994,0.3562686001489994,0.5535866001489994,1.4415176001489993,,,,
8.516547,927,1079.0,0.2576096001489994,0.2576096001489994,0.5535866001489994,1.3428586001489993,,,,
8.517626,927,1079.0,0.1589506001489994,0.2576096001489994,0.3562686001489994,1.1455406001489994,,,,
8.518705,927,1079.0,0.1589506001489994,0.1589506001489994,0.3562686001489994,0.9482226001489994,,,,
8.519784,927,1079.0,0.1589506001489994,0.1589506001489994,0.1589506001489994,0.7509046001489994,,,,
8.520863,927,1079.0,0.1589506001489994,0.060291600148999404,0.1589506001489994,0.7509046001489994,,,,
8.521942,927,1079.0,0.1589506001489994,0.1589506001489994,0.2576096001489994,0.8495636001489993,,,,
8.523021,927,1079.0,0.1589506001489994,0.1589506001489994,0.2576096001489994,0.9482226001489994,,,,
8.5241,927,1079.0,0.1589506001489994,0.1589506001489994,0.2576096001489994,0.9482226001489994,,,,
8.525179,927,1079.0,0.2576096001489994,0.1589506001489994,0.2576096001489994,0.9482226001489994,,,,
8.526258,927,1079.0,0.2576096001489994,0.2576096001489994,0.2576096001489994,0.9482226001489994,,,,
8.527337,927,1079.0,0.2576096001489994,0.2576096001489994,0.2576096001489994,0.9482226001489994,,,,
8.528416,927,1079.0,0.2576096001489994,0.2576096001489994,0.2576096001489994,1.0468816001489993,,,,
8.529495,927,1079.0,0.2576096001489994,0.2576096001489994,0.4549276001489994,1.1455406001489994,,,,
8.530574,927,1079.0,0.3562686001489994,0.2576096001489994,0.3562686001489994,1.1455406001489994,,,,
8.531653,927,1079.0,0.3562686001489994,0.2576096001489994,0.3562686001489994,0.9482226001489994,,,,
8.532732,927,1079.0,0.3562686001489994,0.2576096001489994,0.1589506001489994,0.7509046001489994,,,,
8.533811,927,1079.0,0.2576096001489994,0.1589506001489994,0.060291600148999404,0.6522456001489993,,,,
8.53489,927,1079.0,0.1589506001489994,0.1589506001489994,0.060291600148999404,0.5535866001489994,,,,
8.535969,927,1079.0,0.1589506001489994,0.060291600148999404,-0.03836739985100059,0.5535866001489994,,,,
8.537048,927,1079.0,0.1589506001489994,-0.03836739985100059,-0.03836739985100059,0.4549276001489994,,,,
8.538127,927,1079.0,0.060291600148999404,-0.03836739985100059,-0.1370263998510006,0.2576096001489994,,,,
8.539206,927,1079.0,0.060291600148999404,-0.03836739985100059,-0.2356853998510006,0.060291600148999404,,,,
8.540285,927,1079.0,0.060291600148999404,-0.1370263998510006,-0.33434439985100056,-0.03836739985100059,,,,
8.541364,927,1079.0,0.060291600148999404,-0.1370263998510006,-0.2356853998510006,-0.03836739985100059,,,,
8.542443,927,1079.0,0.060291600148999404,-0.1370263998510006,-0.2356853998510006,0.1589506001489994,,,,
8.543522,927,1079.0,0.060291600148999404,-0.1370263998510006,-0.1370263998510006,0.2576096001489994,,,,
8.544601,927,1079.0,0.060291600148999404,-0.03836739985100059,-0.1370263998510006,0.2576096001489994,,,,
8.54568,927,1079.0,0.1589506001489994,-0.03836739985100059,-0.1370263998510006,0.2576096001489994,,,,
8.546759,927,1079.0,0.1589506001489994,-0.03836739985100059,-0.1370263998510006,0.2576096001489994,,,,
8.547838,927,1079.0,0.1589506001489994,0.060291600148999404,-0.1370263998510006,0.2576096001489994,,,,
8.548917,927,1079.0,0.2576096001489994,0.060291600148999404,-0.03836739985100059,0.4549276001489994,,,,
8.549996,927,1079.0,0.2576096001489994,0.060291600148999404,0.060291600148999404,0.4549276001489994,,,,
8.551075,927,1079.0,0.2576096001489994,0.060291600148999404,-0.03836739985100059,0.4549276001489994,,,,
8.552154,927,1079.0,0.2576096001489994,0.060291600148999404,-0.1370263998510006,0.2576096001489994,,,,
8.553233,927,1079.0,0.1589506001489994,-0.03836739985100059,-0.2356853998510006,0.060291600148999404,,,,
8.554312,927,1079.0,0.1589506001489994,-0.03836739985100059,-0.33434439985100056,-0.03836739985100059,,,,
8.555391,927,1079.0,0.1589506001489994,-0.1370263998510006,-0.33434439985100056,-0.03836739985100059,,,,
8.55647,927,1079.0,0.1589506001489994,-0.1370263998510006,-0.33434439985100056,-0.1370263998510006,,,,
8.557549,927,1079.0,0.060291600148999404,-0.1370263998510006,-0.43300339985100056,-0.1370263998510006,,,,
8.558628,927,1079.0,0.060291600148999404,-0.2356853998510006,-0.5316623998510006,-0.2356853998510006,,,,
8.559707,927,1079.0,-0.03836739985100059,-0.2356853998510006,-0.6303213998510006,-0.43300339985100056,,,,
8.560786,927,1079.0,0.060291600148999404,-0.2356853998510006,-0.5316623998510006,-0.43300339985100056,,,,
8.561865,927,1079.0,0.060291600148999404,-0.2356853998510006,-0.5316623998510006,-0.2356853998510006,,,,
8.562944,927,1079.0,0.060291600148999404,-0.1370263998510006,-0.43300339985100056,-0.1370263998510006,,,,
8.564023,927,1079.0,0.1589506001489994,-0.1370263998510006,-0.33434439985100056,-0.03836739985100059,,,,
8.565102,927,1079.0,0.1589506001489994,-0.1370263998510006,-0.2356853998510006,0.060291600148999404,,,,
8.566181,927,1079.0,0.1589506001489994,-0.03836739985100059,-0.2356853998510006,0.060291600148999404,,,,
8.56726,927,1079.0,0.1589506001489994,-0.03836739985100059,-0.2356853998510006,0.060291600148999404,,,,
8.568339,927,1079.0,0.2576096001489994,-0.03836739985100059,-0.1370263998510006,0.2576096001489994,,,,
8.569418,927,1079.0,0.2576096001489994,0.060291600148999404,-0.03836739985100059,0.3562686001489994,,,,
8.570497,927,1079.0,0.2576096001489994,0.060291600148999404,-0.03836739985100059,0.3562686001489994,,,,
8.571576,927,1079.0,0.2576096001489994,-0.03836739985100059,-0.1370263998510006,0.2576096001489994,,,,
8.572655,927,1079.0,0.1589506001489994,-0.03836739985100059,-0.1370263998510006,0.2576096001489994,,,,
8.573734,927,1079.0,0.1589506001489994,-0.03836739985100059,-0.2356853998510006,0.060291600148999404,,,,
8.574813,927,1079.0,0.1589506001489994,-0.1370263998510006,-0.33434439985100056,-0.03836739985100059,,,,
8.575892,927,1079.0,0.1589506001489994,-0.1370263998510006,-0.33434439985100056,-0.03836739985100059,,,,
8.576971,927,1079.0,0.060291600148999404,-0.1370263998510006,-0.33434439985100056,-0.03836739985100059,,,,
8.57805,927,1079.0,0.060291600148999404,-0.2356853998510006,-0.33434439985100056,-0.1370263998510006,,,,
8.579129,927,1079.0,0.060291600148999404,-0.2356853998510006,-0.33434439985100056,-0.1370263998510006,,,,
8.580208,927,1079.0,0.060291600148999404,-0.2356853998510006,-0.33434439985100056,-0.1370263998510006,,,,
8.581287,927,1079.0,0.060291600148999404,-0.1370263998510006,-0.33434439985100056,-0.1370263998510006,,,,
8.582366,927,1079.0,0.1589506001489994,-0.1370263998510006,-0.2356853998510006,0.060291600148999404,,,,
8.583445,927,1079.0,0.1589506001489994,-0.03836739985100059,-0.1370263998510006,0.1589506001489994,,,,
8.584524,927,1079.0,0.1589506001489994,-0.03836739985100059,-0.03836739985100059,0.3562686001489994,,,,
8.585603,927,1079.0,0.1589506001489994,-0.03836739985100059,-0.03836739985100059,0.4549276001489994,,,,
8.586682,927,1079.0,0.2576096001489994,0.060291600148999404,0.060291600148999404,0.5535866001489994,,,,
8.587761,927,1079.0,0.2576096001489994,0.060291600148999404,0.1589506001489994,0.6522456001489993,,,,
8.58884,927,1079.0,0.3562686001489994,0.1589506001489994,0.1589506001489994,0.7509046001489994,,,,
8.589919,927,1079.0,0.3562686001489994,0.1589506001489994,0.1589506001489994,0.7509046001489994,,,,
8.590998,927,1079.0,0.2576096001489994,0.1589506001489994,0.1589506001489994,0.7509046001489994,,,,
8.592077,927,1079.0,0.2576096001489994,0.1589506001489994,0.1589506001489994,0.7509046001489994,,,,
8.593156,927,1079.0,0.2576096001489994,0.060291600148999404,0.1589506001489994,0.6522456001489993,,,,
8.594235,927,1079.0,0.1589506001489994,0.060291600148999404,0.060291600148999404,0.6522456001489993,,,,
8.595314,927,1079.0,0.1589506001489994,0.060291600148999404,0.060291600148999404,0.5535866001489994,,,,
8.596393,927,1079.0,0.1589506001489994,0.060291600148999404,0.060291600148999404,0.4549276001489994,,,,
8.597472,927,1079.0,0.1589506001489994,0.060291600148999404,0.060291600148999404,0.4549276001489994,,,,
8.598551,927,1079.0,0.060291600148999404,-0.03836739985100059,0.060291600148999404,0.4549276001489994,,,,
8.59963,927,1079.0,0.060291600148999404,-0.03836739985100059,0.060291600148999404,0.6522456001489993,,,,
8.600709,927,1079.0,0.060291600148999404,0.060291600148999404,0.1589506001489994,0.6522456001489993,,,,
8.601788,927,1079.0,0.1589506001489994,0.1589506001489994,0.1589506001489994,0.7509046001489994,,,,
8.602867,927,1079.0,0.2576096001489994,0.1589506001489994,0.2576096001489994,0.8495636001489993,,,,
8.603946,927,1079.0,0.2576096001489994,0.1589506001489994,0.3562686001489994,1.0468816001489993,,,,
8.605025,927,1079.0,0.2576096001489994,0.2576096001489994,0.3562686001489994,1.1455406001489994,,,,
8.606104,927,1079.0,0.2576096001489994,0.2576096001489994,0.4549276001489994,1.2441996001489994,,,,
8.607183,927,1079.0,0.2576096001489994,0.2576096001489994,0.5535866001489994,1.4415176001489993,,,,
8.608262,927,1079.0,0.3562686001489994,0.3562686001489994,0.6522456001489993,1.6388356001489994,,,,
8.609341,927,1079.0,0.4549276001489994,0.4549276001489994,0.6522456001489993,1.5401766001489994,,,,
8.61042,927,1079.0,0.3562686001489994,0.4549276001489994,0.6522456001489993,1.5401766001489994,,,,
8.611499,927,1079.0,0.3562686001489994,0.4549276001489994,0.6522456001489993,1.5401766001489994,,,,
8.612578,927,1079.0,0.3562686001489994,0.3562686001489994,0.5535866001489994,1.5401766001489994,,,,
8.613657,927,1079.0,0.2576096001489994,0.3562686001489994,0.6522456001489993,1.5401766001489994,,,,
8.614736,927,1079.0,0.2576096001489994,0.3562686001489994,0.5535866001489994,1.4415176001489993,,,,
8.615815,927,1079.0,0.2576096001489994,0.2576096001489994,0.5535866001489994,1.3428586001489993,,,,
8.616894,927,1079.0,0.1589506001489994,0.3562686001489994,0.4549276001489994,1.2441996001489994,,,,
8.617973,927,1079.0,0.2576096001489994,0.2576096001489994,0.4549276001489994,1.2441996001489994,,,,
8.619052,927,1079.0,0.1589506001489994,0.2576096001489994,0.5535866001489994,1.3428586001489993,,,,
8.620131,927,1079.0,0.1589506001489994,0.2576096001489994,0.6522456001489993,1.4415176001489993,,,,
8.62121,927,1079.0,0.1589506001489994,0.2576096001489994,0.6522456001489993,1.6388356001489994,,,,
8.622289,927,1079.0,0.2576096001489994,0.3562686001489994,0.7509046001489994,1.7374946001489993,,,,
8.623368,927,1079.0,0.2576096001489994,0.4549276001489994,0.8495636001489993,1.7374946001489993,,,,
8.624447,927,1079.0,0.3562686001489994,0.4549276001489994,0.8495636001489993,1.9348126001489994,,,,
8.625526,927,1079.0,0.3562686001489994,0.5535866001489994,0.9482226001489994,2.0334716001489994,,,,
8.626605,927,1079.0,0.3562686001489994,0.5535866001489994,1.0468816001489993,2.2307896001489995,,,,
8.627684,927,1079.0,0.4549276001489994,0.5535866001489994,1.1455406001489994,2.428107600148999,,,,
8.628763,927,1079.0,0.4549276001489994,0.6522456001489993,1.1455406001489994,2.428107600148999,,,,
8.629842,927,1079.0,0.3562686001489994,0.6522456001489993,1.0468816001489993,2.329448600148999,,,,
8.630921,927,1079.0,0.3562686001489994,0.6522456001489993,0.9482226001489994,2.2307896001489995,,,,
8.632,927,1079.0,0.3562686001489994,0.5535866001489994,0.9482226001489994,2.1321306001489995,,,,
8.633079,927,1079.0,0.3562686001489994,0.5535866001489994,0.9482226001489994,2.1321306001489995,,,,
8.634158,927,1079.0,0.2576096001489994,0.5535866001489994,1.0468816001489993,2.1321306001489995,,,,
8.635237,927,1079.0,0.2576096001489994,0.4549276001489994,0.9482226001489994,2.1321306001489995,,,,
8.636316,927,1079.0,0.2576096001489994,0.4549276001489994,0.8495636001489993,1.9348126001489994,,,,
8.637395,927,1079.0,0.2576096001489994,0.4549276001489994,0.8495636001489993,1.8361536001489993,,,,
8.638474,927,1079.0,0.1589506001489994,0.4549276001489994,0.8495636001489993,1.7374946001489993,,,,
8.639553,927,1079.0,0.2576096001489994,0.3562686001489994,0.9482226001489994,1.9348126001489994,,,,
8.640632,927,1079.0,0.2576096001489994,0.4549276001489994,0.9482226001489994,2.1321306001489995,,,,
8.641711,927,1079.0,0.2576096001489994,0.4549276001489994,1.0468816001489993,2.329448600148999,,,,
8.64279,927,1079.0,0.3562686001489994,0.5535866001489994,1.1455406001489994,2.329448600148999,,,,
8.643869,927,1079.0,0.3562686001489994,0.5535866001489994,1.1455406001489994,2.329448600148999,,,,
8.644948,927,1079.0,0.3562686001489994,0.6522456001489993,1.1455406001489994,2.329448600148999,,,,
8.646027,927,1079.0,0.3562686001489994,0.6522456001489993,1.1455406001489994,2.5267666001489992,,,,
8.647106,927,1079.0,0.3562686001489994,0.6522456001489993,1.2441996001489994,2.7240846001489993,,,,
8.648185,927,1079.0,0.4549276001489994,0.6522456001489993,1.3428586001489993,2.7240846001489993,,,,
8.649264,927,1079.0,0.4549276001489994,0.6522456001489993,1.2441996001489994,2.6254256001489993,,,,
8.650343,927,1079.0,0.4549276001489994,0.6522456001489993,1.1455406001489994,2.5267666001489992,,,,
8.651422,927,1079.0,0.3562686001489994,0.6522456001489993,1.1455406001489994,2.329448600148999,,,,
8.652501,927,1079.0,0.3562686001489994,0.6522456001489993,1.0468816001489993,2.2307896001489995,,,,
8.65358,927,1079.0,0.3562686001489994,0.5535866001489994,1.0468816001489993,2.2307896001489995,,,,
8.654659,927,1079.0,0.2576096001489994,0.5535866001489994,1.0468816001489993,2.2307896001489995,,,,
8.655738,927,1079.0,0.2576096001489994,0.4549276001489994,0.9482226001489994,2.1321306001489995,,,,
8.656817,927,1079.0,0.2576096001489994,0.4549276001489994,0.9482226001489994,1.9348126001489994,,,,
8.657896,927,1079.0,0.1589506001489994,0.4549276001489994,0.8495636001489993,1.8361536001489993,,,,
8.658975,927,1079.0,0.2576096001489994,0.4549276001489994,0.8495636001489993,1.8361536001489993,,,,
8.660054,927,1079.0,0.2576096001489994,0.4549276001489994,0.9482226001489994,1.9348126001489994,,,,
8.661133,927,1079.0,0.2576096001489994,0.4549276001489994,0.9482226001489994,2.1321306001489995,,,,
8.662212,927,1079.0,0.3562686001489994,0.4549276001489994,1.0468816001489993,2.2307896001489995,,,,
8.663291,927,1079.0,0.3562686001489994,0.5535866001489994,1.0468816001489993,2.2307896001489995,,,,
8.66437,927,1079.0,0.3562686001489994,0.5535866001489994,1.0468816001489993,2.2307896001489995,,,,
8.665449,927,1079.0,0.3562686001489994,0.6522456001489993,1.0468816001489993,2.2307896001489995,,,,
8.666528,927,1079.0,0.4549276001489994,0.6522456001489993,1.0468816001489993,2.329448600148999,,,,
8.667607,927,1079.0,0.4549276001489994,0.6522456001489993,1.1455406001489994,2.428107600148999,,,,
8.668686,927,1079.0,0.4549276001489994,0.5535866001489994,1.1455406001489994,2.329448600148999,,,,
8.669765,927,1079.0,0.3562686001489994,0.5535866001489994,1.0468816001489993,2.2307896001489995,,,,
8.670844,927,1079.0,0.3562686001489994,0.5535866001489994,0.9482226001489994,2.0334716001489994,,,,
8.671923,927,1079.0,0.3562686001489994,0.4549276001489994,0.8495636001489993,1.8361536001489993,,,,
8.673002,927,1079.0,0.3562686001489994,0.4549276001489994,0.8495636001489993,1.7374946001489993,,,,
8.674081,927,1079.0,0.2576096001489994,0.4549276001489994,0.7509046001489994,1.7374946001489993,,,,
8.67516,927,1079.0,0.2576096001489994,0.3562686001489994,0.7509046001489994,1.5401766001489994,,,,
8.676239,927,1079.0,0.1589506001489994,0.2576096001489994,0.6522456001489993,1.4415176001489993,,,,
8.677318,927,1079.0,0.1589506001489994,0.2576096001489994,0.5535866001489994,1.3428586001489993,,,,
8.678397,927,1079.0,0.1589506001489994,0.2576096001489994,0.5535866001489994,1.3428586001489993,,,,
8.679476,927,1079.0,0.2576096001489994,0.2576096001489994,0.4549276001489994,1.3428586001489993,,,,
8.680555,927,1079.0,0.2576096001489994,0.2576096001489994,0.5535866001489994,1.4415176001489993,,,,
8.681634,927,1079.0,0.2576096001489994,0.2576096001489994,0.5535866001489994,1.4415176001489993,,,,
8.682713,927,1079.0,0.2576096001489994,0.2576096001489994,0.6522456001489993,1.5401766001489994,,,,
8.683792,927,1079.0,0.2576096001489994,0.3562686001489994,0.6522456001489993,1.5401766001489994,,,,
8.684871,927,1079.0,0.3562686001489994,0.2576096001489994,0.5535866001489994,1.4415176001489993,,,,
8.68595,927,1079.0,0.3562686001489994,0.3562686001489994,0.6522456001489993,1.5401766001489994,,,,
8.687029,927,1079.0,0.3562686001489994,0.3562686001489994,0.6522456001489993,1.6388356001489994,,,,
8.688108,927,1079.0,0.4549276001489994,0.3562686001489994,0.5535866001489994,1.6388356001489994,,,,
8.689187,927,1079.0,0.3562686001489994,0.3562686001489994,0.5535866001489994,1.4415176001489993,,,,
8.690266,927,1079.0,0.2576096001489994,0.2576096001489994,0.4549276001489994,1.3428586001489993,,,,
8.691345,927,1079.0,0.2576096001489994,0.2576096001489994,0.3562686001489994,1.1455406001489994,,,,
8.692424,927,1079.0,0.2576096001489994,0.2576096001489994,0.3562686001489994,0.9482226001489994,,,,
8.693503,927,1079.0,0.2576096001489994,0.1589506001489994,0.2576096001489994,0.8495636001489993,,,,
8.694582,927,1079.0,0.1589506001489994,0.1589506001489994,0.1589506001489994,0.7509046001489994,,,,
8.695661,927,1079.0,0.1589506001489994,0.060291600148999404,0.060291600148999404,0.6522456001489993,,,,
8.69674,927,1079.0,0.060291600148999404,0.060291600148999404,0.060291600148999404,0.5535866001489994,,,,
8.697819,927,1079.0,0.060291600148999404,-0.03836739985100059,0.060291600148999404,0.5535866001489994,,,,
8.698898,927,1079.0,0.060291600148999404,0.060291600148999404,0.060291600148999404,0.5535866001489994,,,,
8.699977,927,1079.0,0.1589506001489994,0.060291600148999404,0.060291600148999404,0.5535866001489994,,,,
8.701056,927,1079.0,0.1589506001489994,0.1589506001489994,0.060291600148999404,0.5535866001489994,,,,
8.702135,927,1079.0,0.1589506001489994,0.1589506001489994,0.060291600148999404,0.6522456001489993,,,,
8.703214,927,1079.0,0.2576096001489994,0.1589506001489994,0.060291600148999404,0.6522456001489993,,,,
8.704293,927,1079.0,0.2576096001489994,0.060291600148999404,0.1589506001489994,0.7509046001489994,,,,
8.705372,927,1079.0,0.2576096001489994,0.060291600148999404,0.1589506001489994,0.8495636001489993,,,,
8.706451,927,1079.0,0.3562686001489994,0.1589506001489994,0.1589506001489994,0.8495636001489993,,,,
8.70753,927,1079.0,0.3562686001489994,0.1589506001489994,0.1589506001489994,0.7509046001489994,,,,
8.708609,927,1079.0,0.2576096001489994,0.1589506001489994,0.060291600148999404,0.6522456001489993,,,,
8.709688,927,1079.0,0.2576096001489994,0.060291600148999404,-0.03836739985100059,0.5535866001489994,,,,
8.710767,927,1079.0,0.1589506001489994,0.060291600148999404,-0.03836739985100059,0.4549276001489994,,,,
8.711846,927,1079.0,0.1589506001489994,-0.03836739985100059,-0.1370263998510006,0.3562686001489994,,,,
8.712925,927,1079.0,0.1589506001489994,-0.03836739985100059,-0.2356853998510006,0.1589506001489994,,,,
8.714004,927,1079.0,0.1589506001489994,-0.03836739985100059,-0.2356853998510006,-0.03836739985100059,,,,
8.715083,927,1079.0,0.060291600148999404,-0.1370263998510006,-0.33434439985100056,-0.1370263998510006,,,,
8.716162,927,1079.0,0.060291600148999404,-0.1370263998510006,-0.43300339985100056,-0.2356853998510006,,,,
8.717241,927,1079.0,0.060291600148999404,-0.2356853998510006,-0.43300339985100056,-0.1370263998510006,,,,
8.71832,927,1079.0,0.060291600148999404,-0.1370263998510006,-0.33434439985100056,-0.1370263998510006,,,,
8.719399,927,1079.0,0.060291600148999404,-0.1370263998510006,-0.33434439985100056,-0.03836739985100059,,,,
8.720478,927,1079.0,0.1589506001489994,-0.1370263998510006,-0.2356853998510006,-0.03836739985100059,,,,
8.721557,927,1079.0,0.1589506001489994,-0.03836739985100059,-0.2356853998510006,0.060291600148999404,,,,
8.722636,927,1079.0,0.1589506001489994,-0.03836739985100059,-0.2356853998510006,0.060291600148999404,,,,
8.723715,927,1079.0,0.1589506001489994,-0.03836739985100059,-0.2356853998510006,0.1589506001489994,,,,
8.724794,927,1079.0,0.2576096001489994,-0.03836739985100059,-0.1370263998510006,0.3562686001489994,,,,
8.725873,927,1079.0,0.2576096001489994,0.060291600148999404,-0.03836739985100059,0.4549276001489994,,,,
8.726952,927,1079.0,0.2576096001489994,0.060291600148999404,-0.1370263998510006,0.3562686001489994,,,,
8.728031,927,1079.0,0.2576096001489994,0.060291600148999404,-0.1370263998510006,0.2576096001489994,,,,
8.72911,927,1079.0,0.1589506001489994,0.060291600148999404,-0.2356853998510006,0.1589506001489994,,,,
8.730189,927,1079.0,0.1589506001489994,-0.03836739985100059,-0.2356853998510006,0.060291600148999404,,,,
8.731268,927,1079.0,0.1589506001489994,-0.1370263998510006,-0.33434439985100056,-0.03836739985100059,,,,
8.732347,927,1079.0,0.060291600148999404,-0.1370263998510006,-0.33434439985100056,-0.03836739985100059,,,,
8.733426,927,1079.0,0.060291600148999404,-0.1370263998510006,-0.43300339985100056,-0.1370263998510006,,,,
8.734505,927,1079.0,0.060291600148999404,-0.2356853998510006,-0.43300339985100056,-0.2356853998510006,,,,
8.735584,927,1079.0,0.060291600148999404,-0.2356853998510006,-0.5316623998510006,-0.33434439985100056,,,,
8.736663,927,1079.0,0.060291600148999404,-0.2356853998510006,-0.6303213998510006,-0.33434439985100056,,,,
8.737742,927,1079.0,-0.03836739985100059,-0.2356853998510006,-0.43300339985100056,-0.2356853998510006,,,,
8.738821,927,1079.0,0.060291600148999404,-0.2356853998510006,-0.43300339985100056,-0.1370263998510006,,,,
8.7399,927,1079.0,0.060291600148999404,-0.1370263998510006,-0.33434439985100056,-0.03836739985100059,,,,
8.740979,927,1079.0,0.060291600148999404,-0.1370263998510006,-0.33434439985100056,-0.03836739985100059,,,,
8.742058,927,1079.0,0.1589506001489994,-0.03836739985100059,-0.2356853998510006,0.060291600148999404,,,,
8.743137,927,1079.0,0.1589506001489994,-0.03836739985100059,-0.2356853998510006,0.1589506001489994,,,,
8.744216,927,1079.0,0.1589506001489994,-0.03836739985100059,-0.1370263998510006,0.2576096001489994,,,,
8.745295,927,1079.0,0.2576096001489994,0.060291600148999404,-0.03836739985100059,0.4549276001489994,,,,
8.746374,927,1079.0,0.2576096001489994,0.060291600148999404,0.060291600148999404,0.5535866001489994,,,,
8.747453,927,1079.0,0.2576096001489994,0.060291600148999404,-0.03836739985100059,0.4549276001489994,,,,
8.748532,927,1079.0,0.2576096001489994,0.060291600148999404,-0.1370263998510006,0.3562686001489994,,,,
8.749611,927,1079.0,0.2576096001489994,-0.03836739985100059,-0.1370263998510006,0.2576096001489994,,,,
8.75069,927,1079.0,0.1589506001489994,-0.03836739985100059,-0.2356853998510006,0.1589506001489994,,,,
8.751769,927,1079.0,0.1589506001489994,-0.03836739985100059,-0.1370263998510006,0.1589506001489994,,,,
8.752848,927,1079.0,0.1589506001489994,-0.1370263998510006,-0.2356853998510006,0.1589506001489994,,,,
8.753927,927,1079.0,0.060291600148999404,-0.1370263998510006,-0.2356853998510006,0.060291600148999404,,,,
8.755006,927,1079.0,0.060291600148999404,-0.1370263998510006,-0.33434439985100056,-0.03836739985100059,,,,
8.756085,927,1079.0,0.060291600148999404,-0.1370263998510006,-0.33434439985100056,-0.03836739985100059,,,,
8.757164,927,1079.0,0.060291600148999404,-0.1370263998510006,-0.2356853998510006,0.060291600148999404,,,,
8.758243,927,1079.0,0.060291600148999404,-0.03836739985100059,-0.1370263998510006,0.2576096001489994,,,,
8.759322,927,1079.0,0.1589506001489994,-0.03836739985100059,-0.03836739985100059,0.4549276001489994,,,,
8.760401,927,1079.0,0.1589506001489994,-0.03836739985100059,0.060291600148999404,0.5535866001489994,,,,
8.76148,927,1079.0,0.2576096001489994,0.060291600148999404,0.060291600148999404,0.5535866001489994,,,,
8.762559,927,1079.0,0.2576096001489994,0.1589506001489994,0.060291600148999404,0.6522456001489993,,,,
8.763638,927,1079.0,0.2576096001489994,0.1589506001489994,0.1589506001489994,0.7509046001489994,,,,
8.764717,927,1079.0,0.2576096001489994,0.2576096001489994,0.2576096001489994,1.0468816001489993,,,,
8.765796,927,1079.0,0.3562686001489994,0.2576096001489994,0.3562686001489994,1.1455406001489994,,,,
8.766875,927,1079.0,0.3562686001489994,0.2576096001489994,0.3562686001489994,1.1455406001489994,,,,
8.767954,927,1079.0,0.2576096001489994,0.2576096001489994,0.2576096001489994,1.0468816001489993,,,,
8.769033,927,1079.0,0.2576096001489994,0.2576096001489994,0.2576096001489994,0.9482226001489994,,,,
8.770112,927,1079.0,0.2576096001489994,0.2576096001489994,0.1589506001489994,0.8495636001489993,,,,
8.771191,927,1079.0,0.2576096001489994,0.1589506001489994,0.2576096001489994,0.8495636001489993,,,,
8.77227,927,1079.0,0.2576096001489994,0.1589506001489994,0.2576096001489994,0.9482226001489994,,,,
8.773349,927,1079.0,0.1589506001489994,0.1589506001489994,0.2576096001489994,0.9482226001489994,,,,
8.774428,927,1079.0,0.1589506001489994,0.1589506001489994,0.2576096001489994,0.7509046001489994,,,,
8.775507,927,1079.0,0.1589506001489994,0.060291600148999404,0.1589506001489994,0.7509046001489994,,,,
8.776586,927,1079.0,0.060291600148999404,0.1589506001489994,0.2576096001489994,0.8495636001489993,,,,
8.777665,927,1079.0,0.1589506001489994,0.1589506001489994,0.2576096001489994,0.9482226001489994,,,,
8.778744,927,1079.0,0.1589506001489994,0.2576096001489994,0.4549276001489994,1.1455406001489994,,,,
8.779823,927,1079.0,0.1589506001489994,0.2576096001489994,0.5535866001489994,1.3428586001489993,,,,
8.780902,927,1079.0,0.2576096001489994,0.2576096001489994,0.5535866001489994,1.4415176001489993,,,,
8.781981,927,1079.0,0.2576096001489994,0.3562686001489994,0.6522456001489993,1.5401766001489994,,,,
8.78306,927,1079.0,0.3562686001489994,0.4549276001489994,0.6522456001489993,1.5401766001489994,,,,
8.784139,927,1079.0,0.3562686001489994,0.4549276001489994,0.7509046001489994,1.7374946001489993,,,,
8.785218,927,1079.0,0.4549276001489994,0.5535866001489994,0.8495636001489993,1.9348126001489994,,,,
8.786297,927,1079.0,0.4549276001489994,0.5535866001489994,0.8495636001489993,2.0334716001489994,,,,
8.787376,927,1079.0,0.3562686001489994,0.4549276001489994,0.8495636001489993,1.9348126001489994,,,,
8.788455,927,1079.0,0.3562686001489994,0.4549276001489994,0.8495636001489993,1.8361536001489993,,,,
8.789534,927,1079.0,0.2576096001489994,0.4549276001489994,0.7509046001489994,1.6388356001489994,,,,
8.790613,927,1079.0,0.2576096001489994,0.4549276001489994,0.7509046001489994,1.6388356001489994,,,,
8.791692,927,1079.0,0.2576096001489994,0.3562686001489994,0.7509046001489994,1.6388356001489994,,,,
8.792771,927,1079.0,0.2576096001489994,0.3562686001489994,0.7509046001489994,1.6388356001489994,,,,
8.79385,927,1079.0,0.2576096001489994,0.2576096001489994,0.7509046001489994,1.6388356001489994,,,,
8.794929,927,1079.0,0.1589506001489994,0.2576096001489994,0.6522456001489993,1.5401766001489994,,,,
8.796008,927,1079.0,0.1589506001489994,0.2576096001489994,0.7509046001489994,1.6388356001489994,,,,
8.797087,927,1079.0,0.2576096001489994,0.3562686001489994,0.7509046001489994,1.7374946001489993,,,,
8.798166,927,1079.0,0.2576096001489994,0.4549276001489994,0.8495636001489993,1.9348126001489994,,,,
8.799245,927,1079.0,0.2576096001489994,0.4549276001489994,0.9482226001489994,2.0334716001489994,,,,
8.800324,927,1079.0,0.3562686001489994,0.5535866001489994,0.9482226001489994,2.1321306001489995,,,,
8.801403,927,1079.0,0.2576096001489994,0.5535866001489994,1.0468816001489993,2.2307896001489995,,,,
8.802482,927,1079.0,0.3562686001489994,0.5535866001489994,1.0468816001489993,2.329448600148999,,,,
8.803561,927,1079.0,0.3562686001489994,0.6522456001489993,1.0468816001489993,2.428107600148999,,,,
8.80464,927,1079.0,0.4549276001489994,0.7509046001489994,1.2441996001489994,2.5267666001489992,,,,
8.805719,927,1079.0,0.4549276001489994,0.7509046001489994,1.2441996001489994,2.5267666001489992,,,,
8.806798,927,1079.0,0.4549276001489994,0.6522456001489993,1.1455406001489994,2.5267666001489992,,,,
8.807877,927,1079.0,0.3562686001489994,0.6522456001489993,1.1455406001489994,2.428107600148999,,,,
8.808956,927,1079.0,0.2576096001489994,0.6522456001489993,1.1455406001489994,2.329448600148999,,,,
8.810035,927,1079.0,0.3562686001489994,0.5535866001489994,1.0468816001489993,2.2307896001489995,,,,
8.811114,927,1079.0,0.2576096001489994,0.5535866001489994,0.9482226001489994,2.1321306001489995,,,,
8.812193,927,1079.0,0.2576096001489994,0.5535866001489994,0.9482226001489994,2.0334716001489994,,,,
8.813272,927,1079.0,0.2576096001489994,0.4549276001489994,0.9482226001489994,2.0334716001489994,,,,
8.814351,927,1079.0,0.1589506001489994,0.4549276001489994,0.8495636001489993,1.9348126001489994,,,,
8.81543,927,1079.0,0.1589506001489994,0.4549276001489994,0.9482226001489994,2.0334716001489994,,,,
8.816509,927,1079.0,0.2576096001489994,0.4549276001489994,0.9482226001489994,2.1321306001489995,,,,
8.817588,927,1079.0,0.2576096001489994,0.5535866001489994,0.9482226001489994,2.1321306001489995,,,,
8.818667,927,1079.0,0.2576096001489994,0.5535866001489994,1.0468816001489993,2.2307896001489995,,,,
8.819746,927,1079.0,0.3562686001489994,0.5535866001489994,1.0468816001489993,2.329448600148999,,,,
8.820825,927,1079.0,0.3562686001489994,0.6522456001489993,1.1455406001489994,2.428107600148999,,,,
8.821904,927,1079.0,0.3562686001489994,0.6522456001489993,1.1455406001489994,2.428107600148999,,,,
8.822983,927,1079.0,0.3562686001489994,0.6522456001489993,1.2441996001489994,2.5267666001489992,,,,
8.824062,927,1079.0,0.4549276001489994,0.7509046001489994,1.2441996001489994,2.6254256001489993,,,,
8.825141,927,1079.0,0.4549276001489994,0.7509046001489994,1.2441996001489994,2.5267666001489992,,,,
8.82622,927,1079.0,0.4549276001489994,0.6522456001489993,1.1455406001489994,2.5267666001489992,,,,
8.827299,927,1079.0,0.3562686001489994,0.6522456001489993,1.1455406001489994,2.428107600148999,,,,
8.828378,927,1079.0,0.3562686001489994,0.6522456001489993,1.0468816001489993,2.329448600148999,,,,
8.829457,927,1079.0,0.3562686001489994,0.5535866001489994,1.0468816001489993,2.2307896001489995,,,,
8.830536,927,1079.0,0.3562686001489994,0.4549276001489994,0.9482226001489994,2.1321306001489995,,,,
8.831615,927,1079.0,0.2576096001489994,0.4549276001489994,0.9482226001489994,1.9348126001489994,,,,
8.832694,927,1079.0,0.2576096001489994,0.4549276001489994,0.7509046001489994,1.8361536001489993,,,,
8.833773,927,1079.0,0.1589506001489994,0.3562686001489994,0.7509046001489994,1.6388356001489994,,,,
8.834852,927,1079.0,0.1589506001489994,0.3562686001489994,0.7509046001489994,1.6388356001489994,,,,
8.835931,927,1079.0,0.1589506001489994,0.3562686001489994,0.7509046001489994,1.7374946001489993,,,,
8.83701,927,1079.0,0.1589506001489994,0.3562686001489994,0.8495636001489993,1.8361536001489993,,,,
8.838089,927,1079.0,0.2576096001489994,0.4549276001489994,0.8495636001489993,1.9348126001489994,,,,
8.839168,927,1079.0,0.2576096001489994,0.4549276001489994,0.8495636001489993,1.9348126001489994,,,,
8.840247,927,1079.0,0.2576096001489994,0.5535866001489994,0.8495636001489993,1.9348126001489994,,,,
8.841326,927,1079.0,0.3562686001489994,0.5535866001489994,0.8495636001489993,2.0334716001489994,,,,
8.842405,927,1079.0,0.3562686001489994,0.5535866001489994,0.9482226001489994,2.1321306001489995,,,,
8.843484,927,1079.0,0.4549276001489994,0.5535866001489994,1.0468816001489993,2.2307896001489995,,,,
8.844563,927,1079.0,0.3562686001489994,0.5535866001489994,1.0468816001489993,2.1321306001489995,,,,
8.845642,927,1079.0,0.3562686001489994,0.5535866001489994,0.9482226001489994,1.9348126001489994,,,,
8.846721,927,1079.0,0.4549276001489994,0.5535866001489994,0.7509046001489994,1.7374946001489993,,,,
8.8478,927,1079.0,0.3562686001489994,0.4549276001489994,0.6522456001489993,1.6388356001489994,,,,
8.848879,927,1079.0,0.2576096001489994,0.4549276001489994,0.6522456001489993,1.5401766001489994,,,,
8.849958,927,1079.0,0.2576096001489994,0.3562686001489994,0.6522456001489993,1.5401766001489994,,,,
8.851037,927,1079.0,0.2576096001489994,0.3562686001489994,0.5535866001489994,1.3428586001489993,,,,
8.852116,927,1079.0,0.1589506001489994,0.2576096001489994,0.4549276001489994,1.2441996001489994,,,,
8.853195,927,1079.0,0.1589506001489994,0.1589506001489994,0.3562686001489994,1.0468816001489993,,,,
8.854274,927,1079.0,0.1589506001489994,0.1589506001489994,0.2576096001489994,0.9482226001489994,,,,
8.855353,927,1079.0,0.1589506001489994,0.1589506001489994,0.3562686001489994,1.0468816001489993,,,,
8.856432,927,1079.0,0.1589506001489994,0.1589506001489994,0.3562686001489994,1.1455406001489994,,,,
8.857511,927,1079.0,0.1589506001489994,0.1589506001489994,0.4549276001489994,1.2441996001489994,,,,
8.85859,927,1079.0,0.2576096001489994,0.2576096001489994,0.4549276001489994,1.1455406001489994,,,,
8.859669,927,1079.0,0.2576096001489994,0.2576096001489994,0.4549276001489994,1.1455406001489994,,,,
8.860748,927,1079.0,0.2576096001489994,0.2576096001489994,0.4549276001489994,1.1455406001489994,,,,
8.861827,927,1079.0,0.2576096001489994,0.2576096001489994,0.4549276001489994,1.1455406001489994,,,,
8.862906,927,1079.0,0.3562686001489994,0.2576096001489994,0.5535866001489994,1.3428586001489993,,,,
8.863985,927,1079.0,0.3562686001489994,0.3562686001489994,0.5535866001489994,1.3428586001489993,,,,
8.865064,927,1079.0,0.2576096001489994,0.2576096001489994,0.4549276001489994,1.1455406001489994,,,,
8.866143,927,1079.0,0.3562686001489994,0.2576096001489994,0.3562686001489994,1.0468816001489993,,,,
8.867222,927,1079.0,0.2576096001489994,0.1589506001489994,0.2576096001489994,0.8495636001489993,,,,
8.868301,927,1079.0,0.2576096001489994,0.1589506001489994,0.1589506001489994,0.7509046001489994,,,,
8.86938,927,1079.0,0.1589506001489994,0.1589506001489994,0.060291600148999404,0.6522456001489993,,,,
8.870459,927,1079.0,0.1589506001489994,-0.03836739985100059,0.060291600148999404,0.6522456001489993,,,,
8.871538,927,1079.0,0.1589506001489994,-0.03836739985100059,-0.03836739985100059,0.4549276001489994,,,,
8.872617,927,1079.0,0.1589506001489994,-0.1370263998510006,-0.1370263998510006,0.2576096001489994,,,,
8.873696,927,1079.0,0.060291600148999404,-0.1370263998510006,-0.1370263998510006,0.1589506001489994,,,,
8.874775,927,1079.0,0.060291600148999404,-0.1370263998510006,-0.1370263998510006,0.2576096001489994,,,,
8.875854,927,1079.0,0.1589506001489994,-0.03836739985100059,-0.1370263998510006,0.2576096001489994,,,,
8.876933,927,1079.0,0.1589506001489994,-0.03836739985100059,-0.03836739985100059,0.4549276001489994,,,,
8.878012,927,1079.0,0.1589506001489994,-0.03836739985100059,-0.03836739985100059,0.4549276001489994,,,,
8.879091,927,1079.0,0.1589506001489994,-0.03836739985100059,-0.03836739985100059,0.4549276001489994,,,,
8.88017,927,1079.0,0.2576096001489994,0.060291600148999404,-0.03836739985100059,0.4549276001489994,,,,
8.881249,927,1079.0,0.1589506001489994,0.060291600148999404,-0.03836739985100059,0.3562686001489994,,,,
8.882328,927,1079.0,0.2576096001489994,0.060291600148999404,-0.03836739985100059,0.5535866001489994,,,,
8.883407,927,1079.0,0.2576096001489994,0.1589506001489994,0.060291600148999404,0.6522456001489993,,,,
8.884486,927,1079.0,0.2576096001489994,0.060291600148999404,0.060291600148999404,0.6522456001489993,,,,
8.885565,927,1079.0,0.2576096001489994,0.060291600148999404,-0.03836739985100059,0.4549276001489994,,,,
8.886644,927,1079.0,0.1589506001489994,0.060291600148999404,-0.1370263998510006,0.2576096001489994,,,,
8.887723,927,1079.0,0.1589506001489994,-0.03836739985100059,-0.2356853998510006,0.060291600148999404,,,,
8.888802,927,1079.0,0.1589506001489994,-0.03836739985100059,-0.33434439985100056,-0.03836739985100059,,,,
8.889881,927,1079.0,0.060291600148999404,-0.03836739985100059,-0.33434439985100056,-0.03836739985100059,,,,
8.89096,927,1079.0,0.060291600148999404,-0.1370263998510006,-0.33434439985100056,-0.1370263998510006,,,,
8.892039,927,1079.0,0.060291600148999404,-0.2356853998510006,-0.33434439985100056,-0.1370263998510006,,,,
8.893118,927,1079.0,0.060291600148999404,-0.33434439985100056,-0.43300339985100056,-0.2356853998510006,,,,
8.894197,927,1079.0,0.060291600148999404,-0.2356853998510006,-0.43300339985100056,-0.33434439985100056,,,,
8.895276,927,1079.0,0.060291600148999404,-0.1370263998510006,-0.43300339985100056,-0.2356853998510006,,,,
8.896355,927,1079.0,0.1589506001489994,-0.1370263998510006,-0.33434439985100056,-0.03836739985100059,,,,
8.897434,927,1079.0,0.1589506001489994,-0.1370263998510006,-0.33434439985100056,0.060291600148999404,,,,
8.898513,927,1079.0,0.1589506001489994,-0.1370263998510006,-0.2356853998510006,0.1589506001489994,,,,
8.899592,927,1079.0,0.1589506001489994,-0.03836739985100059,-0.2356853998510006,0.1589506001489994,,,,
8.900671,927,1079.0,0.1589506001489994,-0.03836739985100059,-0.2356853998510006,0.1589506001489994,,,,
8.90175,927,1079.0,0.2576096001489994,0.060291600148999404,-0.1370263998510006,0.2576096001489994,,,,
8.902829,927,1079.0,0.2576096001489994,0.060291600148999404,-0.1370263998510006,0.3562686001489994,,,,
8.903908,927,1079.0,0.2576096001489994,0.060291600148999404,-0.1370263998510006,0.3562686001489994,,,,
8.904987,927,1079.0,0.2576096001489994,-0.03836739985100059,-0.1370263998510006,0.2576096001489994,,,,
8.906066,927,1079.0,0.2576096001489994,-0.03836739985100059,-0.1370263998510006,0.1589506001489994,,,,
8.907145,927,1079.0,0.1589506001489994,-0.03836739985100059,-0.33434439985100056,0.060291600148999404,,,,
8.908224,927,1079.0,0.1589506001489994,-0.03836739985100059,-0.33434439985100056,-0.1370263998510006,,,,
8.909303,927,1079.0,0.1589506001489994,-0.1370263998510006,-0.33434439985100056,-0.1370263998510006,,,,
8.910382,927,1079.0,0.060291600148999404,-0.1370263998510006,-0.33434439985100056,-0.2356853998510006,,,,
8.911461,927,1079.0,0.060291600148999404,-0.1370263998510006,-0.43300339985100056,-0.2356853998510006,,,,
8.91254,927,1079.0,0.060291600148999404,-0.2356853998510006,-0.43300339985100056,-0.2356853998510006,,,,
8.913619,927,1079.0,-0.03836739985100059,-0.2356853998510006,-0.43300339985100056,-0.2356853998510006,,,,
8.914698,927,1079.0,0.060291600148999404,-0.1370263998510006,-0.43300339985100056,-0.1370263998510006,,,,
8.915777,927,1079.0,0.060291600148999404,-0.1370263998510006,-0.33434439985100056,-0.03836739985100059,,,,
8.916856,927,1079.0,0.1589506001489994,-0.03836739985100059,-0.2356853998510006,0.060291600148999404,,,,
8.917935,927,1079.0,0.1589506001489994,-0.03836739985100059,-0.1370263998510006,0.1589506001489994,,,,
8.919014,927,1079.0,0.1589506001489994,-0.03836739985100059,-0.03836739985100059,0.3562686001489994,,,,
8.920093,927,1079.0,0.1589506001489994,-0.03836739985100059,-0.03836739985100059,0.4549276001489994,,,,
8.921172,927,1079.0,0.2576096001489994,0.060291600148999404,-0.03836739985100059,0.5535866001489994,,,,
8.922251,927,1079.0,0.3562686001489994,0.1589506001489994,0.060291600148999404,0.6522456001489993,,,,
8.92333,927,1079.0,0.3562686001489994,0.1589506001489994,0.060291600148999404,0.6522456001489993,,,,
8.924409,927,1079.0,0.3562686001489994,0.1589506001489994,0.060291600148999404,0.6522456001489993,,,,
8.925488,927,1079.0,0.2576096001489994,0.060291600148999404,0.060291600148999404,0.5535866001489994,,,,
8.926567,927,1079.0,0.2576096001489994,0.060291600148999404,-0.03836739985100059,0.5535866001489994,,,,
8.927646,927,1079.0,0.1589506001489994,-0.03836739985100059,-0.03836739985100059,0.4549276001489994,,,,
8.928725,927,1079.0,0.1589506001489994,0.060291600148999404,-0.03836739985100059,0.3562686001489994,,,,
8.929804,927,1079.0,0.1589506001489994,-0.03836739985100059,-0.03836739985100059,0.2576096001489994,,,,
8.930883,927,1079.0,0.060291600148999404,-0.03836739985100059,-0.1370263998510006,0.2576096001489994,,,,
8.931962,927,1079.0,0.060291600148999404,-0.03836739985100059,-0.1370263998510006,0.2576096001489994,,,,
8.933041,927,1079.0,0.060291600148999404,-0.03836739985100059,-0.1370263998510006,0.3562686001489994,,,,
8.93412,927,1079.0,0.060291600148999404,-0.03836739985100059,0.060291600148999404,0.5535866001489994,,,,
8.935199,927,1079.0,0.060291600148999404,0.060291600148999404,0.060291600148999404,0.5535866001489994,,,,
8.936278,927,1079.0,0.1589506001489994,0.1589506001489994,0.1589506001489994,0.7509046001489994,,,,
8.937357,927,1079.0,0.2576096001489994,0.1589506001489994,0.1589506001489994,0.8495636001489993,,,,
8.938436,927,1079.0,0.2576096001489994,0.2576096001489994,0.2576096001489994,0.9482226001489994,,,,
8.939515,927,1079.0,0.2576096001489994,0.2576096001489994,0.3562686001489994,1.0468816001489993,,,,
8.940594,927,1079.0,0.2576096001489994,0.2576096001489994,0.4549276001489994,1.3428586001489993,,,,
8.941673,927,1079.0,0.3562686001489994,0.3562686001489994,0.5535866001489994,1.4415176001489993,,,,
8.942752,927,1079.0,0.3562686001489994,0.3562686001489994,0.5535866001489994,1.4415176001489993,,,,
8.943831,927,1079.0,0.3562686001489994,0.3562686001489994,0.5535866001489994,1.3428586001489993,,,,
8.94491,927,1079.0,0.3562686001489994,0.3562686001489994,0.4549276001489994,1.2441996001489994,,,,
8.945989,927,1079.0,0.2576096001489994,0.3562686001489994,0.4549276001489994,1.2441996001489994,,,,
8.947068,927,1079.0,0.2576096001489994,0.2576096001489994,0.4549276001489994,1.2441996001489994,,,,
8.948147,927,1079.0,0.2576096001489994,0.2576096001489994,0.4549276001489994,1.2441996001489994,,,,
8.949226,927,1079.0,0.2576096001489994,0.2576096001489994,0.3562686001489994,1.1455406001489994,,,,
8.950305,927,1079.0,0.1589506001489994,0.2576096001489994,0.3562686001489994,1.0468816001489993,,,,
8.951384,927,1079.0,0.1589506001489994,0.1589506001489994,0.3562686001489994,0.9482226001489994,,,,
8.952463,927,1079.0,0.1589506001489994,0.1589506001489994,0.3562686001489994,1.0468816001489993,,,,
8.953542,927,1079.0,0.1589506001489994,0.2576096001489994,0.4549276001489994,1.2441996001489994,,,,
8.954621,927,1079.0,0.1589506001489994,0.2576096001489994,0.5535866001489994,1.4415176001489993,,,,
8.9557,927,1079.0,0.2576096001489994,0.2576096001489994,0.6522456001489993,1.5401766001489994,,,,
8.956779,927,1079.0,0.2576096001489994,0.3562686001489994,0.6522456001489993,1.6388356001489994,,,,
8.957858,927,1079.0,0.3562686001489994,0.3562686001489994,0.7509046001489994,1.7374946001489993,,,,
8.958937,927,1079.0,0.3562686001489994,0.4549276001489994,0.8495636001489993,1.8361536001489993,,,,
8.960016,927,1079.0,0.3562686001489994,0.4549276001489994,0.8495636001489993,2.0334716001489994,,,,
8.961095,927,1079.0,0.4549276001489994,0.5535866001489994,1.0468816001489993,2.2307896001489995,,,,
8.962174,927,1079.0,0.4549276001489994,0.5535866001489994,1.0468816001489993,2.329448600148999,,,,
8.963253,927,1079.0,0.4549276001489994,0.5535866001489994,0.9482226001489994,2.2307896001489995,,,,
8.964332,927,1079.0,0.3562686001489994,0.5535866001489994,0.9482226001489994,2.0334716001489994,,,,
8.965411,927,1079.0,0.3562686001489994,0.5535866001489994,0.9482226001489994,2.0334716001489994,,,,
8.96649,927,1079.0,0.3562686001489994,0.5535866001489994,0.8495636001489993,1.9348126001489994,,,,
8.967569,927,1079.0,0.2576096001489994,0.5535866001489994,0.9482226001489994,1.9348126001489994,,,,
8.968648,927,1079.0,0.2576096001489994,0.4549276001489994,0.8495636001489993,1.9348126001489994,,,,
8.969727,927,1079.0,0.2576096001489994,0.4549276001489994,0.8495636001489993,1.8361536001489993,,,,
8.970806,927,1079.0,0.2576096001489994,0.3562686001489994,0.7509046001489994,1.7374946001489993,,,,
8.971885,927,1079.0,0.1589506001489994,0.4549276001489994,0.7509046001489994,1.7374946001489993,,,,
8.972964,927,1079.0,0.2576096001489994,0.4549276001489994,0.8495636001489993,1.8361536001489993,,,,
8.974043,927,1079.0,0.2576096001489994,0.4549276001489994,0.9482226001489994,2.0334716001489994,,,,
8.975122,927,1079.0,0.2576096001489994,0.4549276001489994,0.9482226001489994,2.2307896001489995,,,,
8.976201,927,1079.0,0.2576096001489994,0.5535866001489994,1.0468816001489993,2.2307896001489995,,,,
8.97728,927,1079.0,0.3562686001489994,0.5535866001489994,1.0468816001489993,2.329448600148999,,,,
8.978359,927,1079.0,0.3562686001489994,0.5535866001489994,1.0468816001489993,2.329448600148999,,,,
8.979438,927,1079.0,0.3562686001489994,0.6522456001489993,1.1455406001489994,2.428107600148999,,,,
8.980517,927,1079.0,0.4549276001489994,0.6522456001489993,1.2441996001489994,2.6254256001489993,,,,
8.981596,927,1079.0,0.4549276001489994,0.7509046001489994,1.3428586001489993,2.7240846001489993,,,,
8.982675,927,1079.0,0.4549276001489994,0.6522456001489993,1.3428586001489993,2.6254256001489993,,,,
8.983754,927,1079.0,0.4549276001489994,0.6522456001489993,1.2441996001489994,2.5267666001489992,,,,
8.984833,927,1079.0,0.3562686001489994,0.6522456001489993,1.1455406001489994,2.329448600148999,,,,
8.985912,927,1079.0,0.3562686001489994,0.6522456001489993,1.0468816001489993,2.2307896001489995,,,,
8.986991,927,1079.0,0.3562686001489994,0.5535866001489994,1.0468816001489993,2.1321306001489995,,,,
8.98807,927,1079.0,0.2576096001489994,0.5535866001489994,0.9482226001489994,2.2307896001489995,,,,
8.989149,927,1079.0,0.2576096001489994,0.4549276001489994,0.9482226001489994,2.1321306001489995,,,,
8.990228,927,1079.0,0.2576096001489994,0.4549276001489994,0.9482226001489994,2.0334716001489994,,,,
8.991307,927,1079.0,0.1589506001489994,0.4549276001489994,0.8495636001489993,1.8361536001489993,,,,
8.992386,927,1079.0,0.2576096001489994,0.4549276001489994,0.7509046001489994,1.8361536001489993,,,,
8.993465,927,1079.0,0.2576096001489994,0.4549276001489994,0.8495636001489993,2.0334716001489994,,,,
8.994544,927,1079.0,0.2576096001489994,0.5535866001489994,1.0468816001489993,2.1321306001489995,,,,
8.995623,927,1079.0,0.2576096001489994,0.4549276001489994,1.0468816001489993,2.2307896001489995,,,,
8.996702,927,1079.0,0.3562686001489994,0.5535866001489994,1.0468816001489993,2.329448600148999,,,,
8.997781,927,1079.0,0.3562686001489994,0.5535866001489994,1.0468816001489993,2.329448600148999,,,,
8.99886,927,1079.0,0.3562686001489994,0.5535866001489994,1.0468816001489993,2.329448600148999,,,,
8.999939,927,1079.0,0.3562686001489994,0.6522456001489993,1.1455406001489994,2.329448600148999,,,,
9.001018,927,1079.0,0.4549276001489994,0.6522456001489993,1.1455406001489994,2.5267666001489992,,,,
9.002097,927,1079.0,0.4549276001489994,0.6522456001489993,1.1455406001489994,2.5267666001489992,,,,
9.003176,927,1079.0,0.3562686001489994,0.6522456001489993,1.1455406001489994,2.329448600148999,,,,
9.004255,927,1079.0,0.3562686001489994,0.5535866001489994,1.0468816001489993,2.1321306001489995,,,,
9.005334,927,1079.0,0.3562686001489994,0.5535866001489994,0.9482226001489994,2.0334716001489994,,,,
9.006413,927,1079.0,0.3562686001489994,0.4549276001489994,0.7509046001489994,1.8361536001489993,,,,
9.007492,927,1079.0,0.2576096001489994,0.4549276001489994,0.7509046001489994,1.8361536001489993,,,,
9.008571,927,1079.0,0.2576096001489994,0.3562686001489994,0.7509046001489994,1.7374946001489993,,,,
9.00965,927,1079.0,0.1589506001489994,0.3562686001489994,0.6522456001489993,1.6388356001489994,,,,
9.010729,927,1079.0,0.1589506001489994,0.3562686001489994,0.6522456001489993,1.4415176001489993,,,,
9.011808,927,1079.0,0.1589506001489994,0.3562686001489994,0.5535866001489994,1.5401766001489994,,,,
9.012887,927,1079.0,0.2576096001489994,0.3562686001489994,0.6522456001489993,1.5401766001489994,,,,
9.013966,927,1079.0,0.2576096001489994,0.3562686001489994,0.6522456001489993,1.5401766001489994,,,,
9.015045,927,1079.0,0.2576096001489994,0.3562686001489994,0.6522456001489993,1.6388356001489994,,,,
9.016124,927,1079.0,0.2576096001489994,0.4549276001489994,0.7509046001489994,1.7374946001489993,,,,
9.017203,927,1079.0,0.2576096001489994,0.3562686001489994,0.7509046001489994,1.7374946001489993,,,,
9.018282,927,1079.0,0.3562686001489994,0.3562686001489994,0.6522456001489993,1.6388356001489994,,,,
9.019361,927,1079.0,0.3562686001489994,0.4549276001489994,0.7509046001489994,1.7374946001489993,,,,
9.02044,927,1079.0,0.3562686001489994,0.4549276001489994,0.7509046001489994,1.7374946001489993,,,,
9.021519,927,1079.0,0.3562686001489994,0.4549276001489994,0.7509046001489994,1.6388356001489994,,,,
9.022598,927,1079.0,0.3562686001489994,0.4549276001489994,0.6522456001489993,1.6388356001489994,,,,
9.023677,927,1079.0,0.3562686001489994,0.3562686001489994,0.5535866001489994,1.4415176001489993,,,,
9.024756,927,1079.0,0.2576096001489994,0.2576096001489994,0.5535866001489994,1.3428586001489993,,,,
9.025835,927,1079.0,0.2576096001489994,0.2576096001489994,0.4549276001489994,1.1455406001489994,,,,
9.026914,927,1079.0,0.2576096001489994,0.2576096001489994,0.3562686001489994,1.0468816001489993,,,,
9.027993,927,1079.0,0.1589506001489994,0.2576096001489994,0.2576096001489994,0.9482226001489994,,,,
9.029072,927,1079.0,0.1589506001489994,0.1589506001489994,0.2576096001489994,0.8495636001489993,,,,
9.030151,927,1079.0,0.1589506001489994,0.060291600148999404,0.1589506001489994,0.7509046001489994,,,,
9.03123,927,1079.0,0.1589506001489994,0.060291600148999404,0.1589506001489994,0.7509046001489994,,,,
9.032309,927,1079.0,0.1589506001489994,0.060291600148999404,0.1589506001489994,0.7509046001489994,,,,
9.033388,927,1079.0,0.1589506001489994,0.060291600148999404,0.1589506001489994,0.8495636001489993,,,,
9.034467,927,1079.0,0.1589506001489994,0.1589506001489994,0.1589506001489994,0.8495636001489993,,,,
9.035546,927,1079.0,0.2576096001489994,0.1589506001489994,0.1589506001489994,0.8495636001489993,,,,
9.036625,927,1079.0,0.2576096001489994,0.1589506001489994,0.2576096001489994,0.9482226001489994,,,,
9.037704,927,1079.0,0.2576096001489994,0.1589506001489994,0.2576096001489994,0.9482226001489994,,,,
9.038783,927,1079.0,0.2576096001489994,0.1589506001489994,0.2576096001489994,0.9482226001489994,,,,
9.039862,927,1079.0,0.2576096001489994,0.2576096001489994,0.2576096001489994,1.0468816001489993,,,,
9.040941,927,1079.0,0.3562686001489994,0.2576096001489994,0.2576096001489994,0.9482226001489994,,,,
9.04202,927,1079.0,0.2576096001489994,0.2576096001489994,0.1589506001489994,0.7509046001489994,,,,
9.043099,927,1079.0,0.2576096001489994,0.1589506001489994,0.1589506001489994,0.7509046001489994,,,,
9.044178,927,1079.0,0.2576096001489994,0.060291600148999404,0.060291600148999404,0.6522456001489993,,,,
9.045257,927,1079.0,0.1589506001489994,0.060291600148999404,0.060291600148999404,0.4549276001489994,,,,
9.046336,927,1079.0,0.1589506001489994,0.060291600148999404,-0.03836739985100059,0.3562686001489994,,,,
9.047415,927,1079.0,0.1589506001489994,-0.03836739985100059,-0.1370263998510006,0.1589506001489994,,,,
9.048494,927,1079.0,0.060291600148999404,-0.03836739985100059,-0.2356853998510006,0.060291600148999404,,,,
9.049573,927,1079.0,0.060291600148999404,-0.1370263998510006,-0.33434439985100056,-0.03836739985100059,,,,
9.050652,927,1079.0,0.060291600148999404,-0.1370263998510006,-0.2356853998510006,-0.03836739985100059,,,,
9.051731,927,1079.0,0.060291600148999404,-0.1370263998510006,-0.2356853998510006,0.060291600148999404,,,,
9.05281,927,1079.0,0.060291600148999404,-0.1370263998510006,-0.2356853998510006,0.1589506001489994,,,,
9.053889,927,1079.0,0.1589506001489994,-0.03836739985100059,-0.1370263998510006,0.1589506001489994,,,,
9.054968,927,1079.0,0.1589506001489994,-0.03836739985100059,-0.1370263998510006,0.1589506001489994,,,,
9.056047,927,1079.0,0.1589506001489994,-0.03836739985100059,-0.1370263998510006,0.2576096001489994,,,,
9.057126,927,1079.0,0.1589506001489994,-0.03836739985100059,-0.1370263998510006,0.2576096001489994,,,,
9.058205,927,1079.0,0.2576096001489994,-0.03836739985100059,-0.03836739985100059,0.4549276001489994,,,,
9.059284,927,1079.0,0.2576096001489994,0.060291600148999404,-0.03836739985100059,0.5535866001489994,,,,
9.060363,927,1079.0,0.2576096001489994,0.060291600148999404,-0.03836739985100059,0.4549276001489994,,,,
9.061442,927,1079.0,0.2576096001489994,0.060291600148999404,-0.1370263998510006,0.2576096001489994,,,,
9.062521,927,1079.0,0.2576096001489994,0.060291600148999404,-0.2356853998510006,0.1589506001489994,,,,
9.0636,927,1079.0,0.1589506001489994,-0.03836739985100059,-0.2356853998510006,0.060291600148999404,,,,
9.064679,927,1079.0,0.1589506001489994,-0.1370263998510006,-0.33434439985100056,0.060291600148999404,,,,
9.065758,927,1079.0,0.1589506001489994,-0.1370263998510006,-0.2356853998510006,-0.03836739985100059,,,,
9.066837,927,1079.0,0.060291600148999404,-0.1370263998510006,-0.33434439985100056,-0.1370263998510006,,,,
9.067916,927,1079.0,0.060291600148999404,-0.2356853998510006,-0.43300339985100056,-0.2356853998510006,,,,
9.068995,927,1079.0,0.060291600148999404,-0.1370263998510006,-0.5316623998510006,-0.43300339985100056,,,,
9.070074,927,1079.0,0.060291600148999404,-0.2356853998510006,-0.5316623998510006,-0.33434439985100056,,,,
9.071153,927,1079.0,0.060291600148999404,-0.2356853998510006,-0.43300339985100056,-0.2356853998510006,,,,
9.072232,927,1079.0,0.060291600148999404,-0.2356853998510006,-0.43300339985100056,-0.1370263998510006,,,,
9.073311,927,1079.0,0.060291600148999404,-0.1370263998510006,-0.2356853998510006,-0.03836739985100059,,,,
9.07439,927,1079.0,0.060291600148999404,-0.1370263998510006,-0.2356853998510006,0.060291600148999404,,,,
9.075469,927,1079.0,0.1589506001489994,-0.03836739985100059,-0.33434439985100056,0.060291600148999404,,,,
9.076548,927,1079.0,0.1589506001489994,-0.03836739985100059,-0.2356853998510006,0.060291600148999404,,,,
9.077627,927,1079.0,0.2576096001489994,-0.03836739985100059,-0.1370263998510006,0.2576096001489994,,,,
9.078706,927,1079.0,0.2576096001489994,0.060291600148999404,-0.1370263998510006,0.3562686001489994,,,,
9.079785,927,1079.0,0.2576096001489994,0.060291600148999404,-0.03836739985100059,0.5535866001489994,,,,
9.080864,927,1079.0,0.2576096001489994,0.060291600148999404,-0.03836739985100059,0.3562686001489994,,,,
9.081943,927,1079.0,0.1589506001489994,0.060291600148999404,-0.1370263998510006,0.2576096001489994,,,,
9.083022,927,1079.0,0.1589506001489994,0.060291600148999404,-0.1370263998510006,0.1589506001489994,,,,
9.084101,927,1079.0,0.1589506001489994,-0.03836739985100059,-0.2356853998510006,0.1589506001489994,,,,
9.08518,927,1079.0,0.060291600148999404,-0.03836739985100059,-0.2356853998510006,0.1589506001489994,,,,
9.086259,927,1079.0,0.060291600148999404,-0.03836739985100059,-0.2356853998510006,0.060291600148999404,,,,
9.087338,927,1079.0,0.060291600148999404,-0.1370263998510006,-0.2356853998510006,-0.03836739985100059,,,,
9.088417,927,1079.0,0.060291600148999404,-0.1370263998510006,-0.33434439985100056,-0.1370263998510006,,,,
9.089496,927,1079.0,0.060291600148999404,-0.1370263998510006,-0.33434439985100056,-0.1370263998510006,,,,
9.090575,927,1079.0,0.060291600148999404,-0.1370263998510006,-0.33434439985100056,-0.03836739985100059,,,,
9.091654,927,1079.0,0.060291600148999404,-0.03836739985100059,-0.2356853998510006,0.060291600148999404,,,,
9.092733,927,1079.0,0.1589506001489994,-0.03836739985100059,-0.1370263998510006,0.3562686001489994,,,,
9.093812,927,1079.0,0.1589506001489994,0.060291600148999404,-0.03836739985100059,0.4549276001489994,,,,
9.094891,927,1079.0,0.1589506001489994,0.060291600148999404,-0.03836739985100059,0.5535866001489994,,,,
9.09597,927,1079.0,0.1589506001489994,0.060291600148999404,0.060291600148999404,0.5535866001489994,,,,
9.097049,927,1079.0,0.2576096001489994,0.060291600148999404,0.060291600148999404,0.6522456001489993,,,,
9.098128,927,1079.0,0.3562686001489994,0.1589506001489994,0.1589506001489994,0.8495636001489993,,,,
9.099207,927,1079.0,0.3562686001489994,0.2576096001489994,0.2576096001489994,0.9482226001489994,,,,
9.100286,927,1079.0,0.3562686001489994,0.1589506001489994,0.2576096001489994,0.9482226001489994,,,,
9.101365,927,1079.0,0.2576096001489994,0.1589506001489994,0.2576096001489994,0.9482226001489994,,,,
9.102444,927,1079.0,0.2576096001489994,0.1589506001489994,0.1589506001489994,0.7509046001489994,,,,
9.103523,927,1079.0,0.2576096001489994,0.1589506001489994,0.1589506001489994,0.6522456001489993,,,,
9.104602,927,1079.0,0.2576096001489994,0.060291600148999404,0.060291600148999404,0.6522456001489993,,,,
9.105681,927,1079.0,0.1589506001489994,0.1589506001489994,0.060291600148999404,0.7509046001489994,,,,
9.10676,927,1079.0,0.1589506001489994,0.060291600148999404,0.1589506001489994,0.7509046001489994,,,,
9.107839,927,1079.0,0.1589506001489994,0.060291600148999404,0.1589506001489994,0.6522456001489993,,,,
9.108918,927,1079.0,0.060291600148999404,0.060291600148999404,0.060291600148999404,0.5535866001489994,,,,
9.109997,927,1079.0,0.1589506001489994,0.060291600148999404,0.1589506001489994,0.6522456001489993,,,,
9.111076,927,1079.0,0.1589506001489994,0.1589506001489994,0.1589506001489994,0.7509046001489994,,,,
9.112155,927,1079.0,0.1589506001489994,0.1589506001489994,0.2576096001489994,0.9482226001489994,,,,
9.113234,927,1079.0,0.2576096001489994,0.1589506001489994,0.3562686001489994,1.1455406001489994,,,,
9.114313,927,1079.0,0.2576096001489994,0.2576096001489994,0.4549276001489994,1.2441996001489994,,,,
9.115392,927,1079.0,0.2576096001489994,0.2576096001489994,0.5535866001489994,1.3428586001489993,,,,
9.116471,927,1079.0,0.2576096001489994,0.3562686001489994,0.5535866001489994,1.3428586001489993,,,,
9.11755,927,1079.0,0.3562686001489994,0.4549276001489994,0.6522456001489993,1.5401766001489994,,,,
9.118629,927,1079.0,0.4549276001489994,0.4549276001489994,0.7509046001489994,1.7374946001489993,,,,
9.119708,927,1079.0,0.3562686001489994,0.4549276001489994,0.7509046001489994,1.7374946001489993,,,,
9.120787,927,1079.0,0.3562686001489994,0.4549276001489994,0.7509046001489994,1.7374946001489993,,,,
9.121866,927,1079.0,0.3562686001489994,0.3562686001489994,0.7509046001489994,1.6388356001489994,,,,
9.122945,927,1079.0,0.2576096001489994,0.3562686001489994,0.6522456001489993,1.5401766001489994,,,,
9.124024,927,1079.0,0.2576096001489994,0.3562686001489994,0.6522456001489993,1.4415176001489993,,,,
9.125103,927,1079.0,0.2576096001489994,0.3562686001489994,0.6522456001489993,1.4415176001489993,,,,
9.126182,927,1079.0,0.2576096001489994,0.2576096001489994,0.5535866001489994,1.4415176001489993,,,,
9.127261,927,1079.0,0.1589506001489994,0.2576096001489994,0.5535866001489994,1.4415176001489993,,,,
9.12834,927,1079.0,0.1589506001489994,0.2576096001489994,0.5535866001489994,1.3428586001489993,,,,
9.129419,927,1079.0,0.1589506001489994,0.2576096001489994,0.6522456001489993,1.4415176001489993,,,,
9.130498,927,1079.0,0.1589506001489994,0.2576096001489994,0.6522456001489993,1.5401766001489994,,,,
9.131577,927,1079.0,0.2576096001489994,0.3562686001489994,0.7509046001489994,1.6388356001489994,,,,
9.132656,927,1079.0,0.2576096001489994,0.3562686001489994,0.8495636001489993,1.8361536001489993,,,,
9.133735,927,1079.0,0.2576096001489994,0.4549276001489994,0.9482226001489994,2.0334716001489994,,,,
9.134814,927,1079.0,0.2576096001489994,0.5535866001489994,1.0468816001489993,2.1321306001489995,,,,
9.135893,927,1079.0,0.3562686001489994,0.5535866001489994,1.0468816001489993,2.1321306001489995,,,,
9.136972,927,1079.0,0.4549276001489994,0.5535866001489994,1.0468816001489993,2.329448600148999,,,,
9.138051,927,1079.0,0.4549276001489994,0.6522456001489993,1.1455406001489994,2.428107600148999,,,,
9.13913,927,1079.0,0.4549276001489994,0.6522456001489993,1.1455406001489994,2.428107600148999,,,,
9.140209,927,1079.0,0.4549276001489994,0.6522456001489993,1.0468816001489993,2.428107600148999,,,,
9.141288,927,1079.0,0.3562686001489994,0.6522456001489993,1.1455406001489994,2.329448600148999,,,,
9.142367,927,1079.0,0.3562686001489994,0.5535866001489994,1.0468816001489993,2.2307896001489995,,,,
9.143446,927,1079.0,0.2576096001489994,0.5535866001489994,0.9482226001489994,2.1321306001489995,,,,
9.144525,927,1079.0,0.2576096001489994,0.5535866001489994,0.9482226001489994,2.1321306001489995,,,,
9.145604,927,1079.0,0.2576096001489994,0.4549276001489994,0.9482226001489994,1.9348126001489994,,,,
9.146683,927,1079.0,0.2576096001489994,0.4549276001489994,0.8495636001489993,1.9348126001489994,,,,
9.147762,927,1079.0,0.1589506001489994,0.4549276001489994,0.8495636001489993,1.8361536001489993,,,,
9.148841,927,1079.0,0.1589506001489994,0.4549276001489994,0.8495636001489993,1.9348126001489994,,,,
9.14992,927,1079.0,0.2576096001489994,0.4549276001489994,0.9482226001489994,2.0334716001489994,,,,
9.150999,927,1079.0,0.2576096001489994,0.4549276001489994,1.0468816001489993,2.1321306001489995,,,,
9.152078,927,1079.0,0.3562686001489994,0.5535866001489994,1.0468816001489993,2.2307896001489995,,,,
9.153157,927,1079.0,0.3562686001489994,0.6522456001489993,1.1455406001489994,2.2307896001489995,,,,
9.154236,927,1079.0,0.3562686001489994,0.6522456001489993,1.1455406001489994,2.329448600148999,,,,
9.155315,927,1079.0,0.3562686001489994,0.5535866001489994,1.1455406001489994,2.428107600148999,,,,
9.156394,927,1079.0,0.3562686001489994,0.6522456001489993,1.2441996001489994,2.5267666001489992,,,,
9.157473,927,1079.0,0.4549276001489994,0.6522456001489993,1.3428586001489993,2.7240846001489993,,,,
9.158552,927,1079.0,0.4549276001489994,0.7509046001489994,1.3428586001489993,2.6254256001489993,,,,
9.159631,927,1079.0,0.4549276001489994,0.7509046001489994,1.2441996001489994,2.428107600148999,,,,
9.16071,927,1079.0,0.4549276001489994,0.6522456001489993,1.1455406001489994,2.428107600148999,,,,
9.161789,927,1079.0,0.4549276001489994,0.6522456001489993,1.1455406001489994,2.329448600148999,,,,
9.162868,927,1079.0,0.3562686001489994,0.5535866001489994,1.0468816001489993,2.2307896001489995,,,,
9.163947,927,1079.0,0.2576096001489994,0.5535866001489994,1.0468816001489993,2.1321306001489995,,,,
9.165026,927,1079.0,0.3562686001489994,0.4549276001489994,0.9482226001489994,2.0334716001489994,,,,
9.166105,927,1079.0,0.2576096001489994,0.4549276001489994,0.8495636001489993,1.8361536001489993,,,,
9.167184,927,1079.0,0.2576096001489994,0.3562686001489994,0.7509046001489994,1.6388356001489994,,,,
9.168263,927,1079.0,0.2576096001489994,0.3562686001489994,0.7509046001489994,1.7374946001489993,,,,
9.169342,927,1079.0,0.2576096001489994,0.4549276001489994,0.8495636001489993,1.9348126001489994,,,,
9.170421,927,1079.0,0.2576096001489994,0.3562686001489994,0.9482226001489994,2.0334716001489994,,,,
9.1715,927,1079.0,0.2576096001489994,0.4549276001489994,0.9482226001489994,2.0334716001489994,,,,
9.172579,927,1079.0,0.3562686001489994,0.4549276001489994,0.9482226001489994,2.0334716001489994,,,,
9.173658,927,1079.0,0.3562686001489994,0.5535866001489994,0.9482226001489994,2.1321306001489995,,,,
9.174737,927,1079.0,0.3562686001489994,0.5535866001489994,0.9482226001489994,2.1321306001489995,,,,
9.175816,927,1079.0,0.3562686001489994,0.5535866001489994,1.0468816001489993,2.2307896001489995,,,,
9.176895,927,1079.0,0.3562686001489994,0.6522456001489993,1.0468816001489993,2.329448600148999,,,,
9.177974,927,1079.0,0.4549276001489994,0.6522456001489993,1.1455406001489994,2.329448600148999,,,,
9.179053,927,1079.0,0.3562686001489994,0.6522456001489993,1.0468816001489993,2.1321306001489995,,,,
9.180132,927,1079.0,0.4549276001489994,0.5535866001489994,0.9482226001489994,1.9348126001489994,,,,
9.181211,927,1079.0,0.3562686001489994,0.4549276001489994,0.8495636001489993,1.7374946001489993,,,,
9.18229,927,1079.0,0.2576096001489994,0.4549276001489994,0.7509046001489994,1.7374946001489993,,,,
9.183369,927,1079.0,0.2576096001489994,0.4549276001489994,0.7509046001489994,1.6388356001489994,,,,
9.184448,927,1079.0,0.2576096001489994,0.3562686001489994,0.6522456001489993,1.5401766001489994,,,,
9.185527,927,1079.0,0.1589506001489994,0.3562686001489994,0.5535866001489994,1.4415176001489993,,,,
9.186606,927,1079.0,0.1589506001489994,0.2576096001489994,0.4549276001489994,1.2441996001489994,,,,
9.187685,927,1079.0,0.1589506001489994,0.2576096001489994,0.4549276001489994,1.1455406001489994,,,,
9.188764,927,1079.0,0.1589506001489994,0.2576096001489994,0.4549276001489994,1.1455406001489994,,,,
9.189843,927,1079.0,0.1589506001489994,0.2576096001489994,0.4549276001489994,1.2441996001489994,,,,
9.190922,927,1079.0,0.1589506001489994,0.2576096001489994,0.5535866001489994,1.3428586001489993,,,,
9.192001,927,1079.0,0.1589506001489994,0.3562686001489994,0.5535866001489994,1.3428586001489993,,,,
9.19308,927,1079.0,0.2576096001489994,0.3562686001489994,0.5535866001489994,1.3428586001489993,,,,
9.194159,927,1079.0,0.2576096001489994,0.3562686001489994,0.5535866001489994,1.3428586001489993,,,,
9.195238,927,1079.0,0.2576096001489994,0.3562686001489994,0.5535866001489994,1.3428586001489993,,,,
9.196317,927,1079.0,0.3562686001489994,0.3562686001489994,0.6522456001489993,1.5401766001489994,,,,
9.197396,927,1079.0,0.3562686001489994,0.4549276001489994,0.6522456001489993,1.5401766001489994,,,,
9.198475,927,1079.0,0.3562686001489994,0.3562686001489994,0.5535866001489994,1.4415176001489993,,,,
9.199554,927,1079.0,0.3562686001489994,0.2576096001489994,0.5535866001489994,1.2441996001489994,,,,
9.200633,927,1079.0,0.2576096001489994,0.2576096001489994,0.3562686001489994,0.9482226001489994,,,,
9.201712,927,1079.0,0.2576096001489994,0.1589506001489994,0.2576096001489994,0.9482226001489994,,,,
9.202791,927,1079.0,0.2576096001489994,0.1589506001489994,0.2576096001489994,0.8495636001489993,,,,
9.20387,927,1079.0,0.1589506001489994,0.1589506001489994,0.1589506001489994,0.7509046001489994,,,,
9.204949,927,1079.0,0.1589506001489994,0.060291600148999404,0.060291600148999404,0.6522456001489993,,,,
9.206028,927,1079.0,0.1589506001489994,-0.03836739985100059,0.060291600148999404,0.4549276001489994,,,,
9.207107,927,1079.0,0.060291600148999404,-0.03836739985100059,-0.03836739985100059,0.3562686001489994,,,,
9.208186,927,1079.0,0.1589506001489994,-0.03836739985100059,-0.03836739985100059,0.3562686001489994,,,,
9.209265,927,1079.0,0.1589506001489994,0.060291600148999404,-0.03836739985100059,0.3562686001489994,,,,
9.210344,927,1079.0,0.1589506001489994,0.060291600148999404,0.060291600148999404,0.5535866001489994,,,,
9.211423,927,1079.0,0.1589506001489994,0.060291600148999404,0.060291600148999404,0.6522456001489993,,,,
9.212502,927,1079.0,0.2576096001489994,0.060291600148999404,0.060291600148999404,0.6522456001489993,,,,
9.213581,927,1079.0,0.2576096001489994,0.060291600148999404,0.060291600148999404,0.5535866001489994,,,,
9.21466,927,1079.0,0.2576096001489994,0.1589506001489994,0.060291600148999404,0.5535866001489994,,,,
9.215739,927,1079.0,0.3562686001489994,0.1589506001489994,0.060291600148999404,0.7509046001489994,,,,
9.216818,927,1079.0,0.2576096001489994,0.1589506001489994,0.1589506001489994,0.7509046001489994,,,,
9.217897,927,1079.0,0.2576096001489994,0.1589506001489994,0.1589506001489994,0.7509046001489994,,,,
9.218976,927,1079.0,0.2576096001489994,0.060291600148999404,0.060291600148999404,0.6522456001489993,,,,
9.220055,927,1079.0,0.2576096001489994,0.060291600148999404,-0.03836739985100059,0.4549276001489994,,,,
9.221134,927,1079.0,0.1589506001489994,0.060291600148999404,-0.1370263998510006,0.2576096001489994,,,,
9.222213,927,1079.0,0.1589506001489994,-0.03836739985100059,-0.2356853998510006,0.1589506001489994,,,,
9.223292,927,1079.0,0.1589506001489994,-0.03836739985100059,-0.2356853998510006,0.060291600148999404,,,,
9.224371,927,1079.0,0.060291600148999404,-0.1370263998510006,-0.33434439985100056,-0.03836739985100059,,,,
9.22545,927,1079.0,0.060291600148999404,-0.2356853998510006,-0.33434439985100056,-0.1370263998510006,,,,
9.226529,927,1079.0,0.060291600148999404,-0.2356853998510006,-0.43300339985100056,-0.2356853998510006,,,,
9.227608,927,1079.0,0.060291600148999404,-0.2356853998510006,-0.33434439985100056,-0.2356853998510006,,,,
9.228687,927,1079.0,0.060291600148999404,-0.1370263998510006,-0.33434439985100056,-0.2356853998510006,,,,
9.229766,927,1079.0,0.1589506001489994,-0.1370263998510006,-0.33434439985100056,-0.1370263998510006,,,,
9.230845,927,1079.0,0.060291600148999404,-0.03836739985100059,-0.2356853998510006,0.060291600148999404,,,,
9.231924,927,1079.0,0.1589506001489994,-0.03836739985100059,-0.1370263998510006,0.1589506001489994,,,,
9.233003,927,1079.0,0.1589506001489994,-0.03836739985100059,-0.1370263998510006,0.1589506001489994,,,,
9.234082,927,1079.0,0.1589506001489994,-0.03836739985100059,-0.1370263998510006,0.1589506001489994,,,,
9.235161,927,1079.0,0.2576096001489994,0.060291600148999404,-0.1370263998510006,0.2576096001489994,,,,
9.23624,927,1079.0,0.2576096001489994,0.060291600148999404,-0.03836739985100059,0.3562686001489994,,,,
9.237319,927,1079.0,0.2576096001489994,0.060291600148999404,-0.1370263998510006,0.2576096001489994,,,,
9.238398,927,1079.0,0.2576096001489994,-0.03836739985100059,-0.1370263998510006,0.2576096001489994,,,,
9.239477,927,1079.0,0.1589506001489994,-0.03836739985100059,-0.2356853998510006,0.1589506001489994,,,,
9.240556,927,1079.0,0.1589506001489994,-0.1370263998510006,-0.2356853998510006,0.060291600148999404,,,,
9.241635,927,1079.0,0.1589506001489994,-0.1370263998510006,-0.33434439985100056,-0.03836739985100059,,,,
9.242714,927,1079.0,0.1589506001489994,-0.1370263998510006,-0.33434439985100056,-0.1370263998510006,,,,
9.243793,927,1079.0,0.1589506001489994,-0.1370263998510006,-0.43300339985100056,-0.2356853998510006,,,,
9.244872,927,1079.0,0.060291600148999404,-0.1370263998510006,-0.43300339985100056,-0.2356853998510006,,,,
9.245951,927,1079.0,-0.03836739985100059,-0.2356853998510006,-0.43300339985100056,-0.33434439985100056,,,,
9.24703,927,1079.0,-0.03836739985100059,-0.2356853998510006,-0.43300339985100056,-0.2356853998510006,,,,
9.248109,927,1079.0,0.060291600148999404,-0.2356853998510006,-0.33434439985100056,-0.1370263998510006,,,,
9.249188,927,1079.0,0.060291600148999404,-0.1370263998510006,-0.33434439985100056,-0.1370263998510006,,,,
9.250267,927,1079.0,0.1589506001489994,-0.03836739985100059,-0.2356853998510006,-0.03836739985100059,,,,
9.251346,927,1079.0,0.1589506001489994,-0.03836739985100059,-0.2356853998510006,0.060291600148999404,,,,
9.252425,927,1079.0,0.1589506001489994,-0.03836739985100059,-0.1370263998510006,0.2576096001489994,,,,
9.253504,927,1079.0,0.1589506001489994,-0.03836739985100059,-0.1370263998510006,0.2576096001489994,,,,
9.254583,927,1079.0,0.2576096001489994,-0.03836739985100059,-0.03836739985100059,0.4549276001489994,,,,
9.255662,927,1079.0,0.2576096001489994,0.1589506001489994,0.060291600148999404,0.4549276001489994,,,,
9.256741,927,1079.0,0.3562686001489994,0.1589506001489994,0.060291600148999404,0.4549276001489994,,,,
9.25782,927,1079.0,0.2576096001489994,0.1589506001489994,-0.03836739985100059,0.3562686001489994,,,,
9.258899,927,1079.0,0.2576096001489994,0.060291600148999404,-0.03836739985100059,0.3562686001489994,,,,
9.259978,927,1079.0,0.2576096001489994,-0.03836739985100059,-0.1370263998510006,0.3562686001489994,,,,
9.261057,927,1079.0,0.1589506001489994,-0.03836739985100059,-0.1370263998510006,0.2576096001489994,,,,
9.262136,927,1079.0,0.1589506001489994,-0.03836739985100059,-0.1370263998510006,0.2576096001489994,,,,
9.263215,927,1079.0,0.1589506001489994,-0.03836739985100059,-0.2356853998510006,0.1589506001489994,,,,
9.264294,927,1079.0,0.1589506001489994,-0.03836739985100059,-0.2356853998510006,0.1589506001489994,,,,
9.265373,927,1079.0,0.060291600148999404,-0.1370263998510006,-0.2356853998510006,0.060291600148999404,,,,
9.266452,927,1079.0,0.060291600148999404,-0.1370263998510006,-0.1370263998510006,0.1589506001489994,,,,
9.267531,927,1079.0,0.1589506001489994,-0.03836739985100059,-0.03836739985100059,0.3562686001489994,,,,
9.26861,927,1079.0,0.1589506001489994,-0.03836739985100059,-0.03836739985100059,0.4549276001489994,,,,
9.269689,927,1079.0,0.1589506001489994,0.060291600148999404,0.060291600148999404,0.5535866001489994,,,,
9.270768,927,1079.0,0.1589506001489994,0.1589506001489994,0.060291600148999404,0.6522456001489993,,,,
9.271847,927,1079.0,0.2576096001489994,0.1589506001489994,0.1589506001489994,0.7509046001489994,,,,
9.272926,927,1079.0,0.2576096001489994,0.1589506001489994,0.2576096001489994,0.9482226001489994,,,,
9.274005,927,1079.0,0.2576096001489994,0.1589506001489994,0.2576096001489994,1.0468816001489993,,,,
9.275084,927,1079.0,0.2576096001489994,0.2576096001489994,0.4549276001489994,1.1455406001489994,,,,
9.276163,927,1079.0,0.3562686001489994,0.2576096001489994,0.4549276001489994,1.1455406001489994,,,,
9.277242,927,1079.0,0.3562686001489994,0.3562686001489994,0.4549276001489994,1.1455406001489994,,,,
9.278321,927,1079.0,0.3562686001489994,0.2576096001489994,0.3562686001489994,1.0468816001489993,,,,
9.2794,927,1079.0,0.2576096001489994,0.2576096001489994,0.3562686001489994,1.0468816001489993,,,,
9.280479,927,1079.0,0.2576096001489994,0.1589506001489994,0.3562686001489994,1.0468816001489993,,,,
9.281558,927,1079.0,0.2576096001489994,0.1589506001489994,0.3562686001489994,1.0468816001489993,,,,
9.282637,927,1079.0,0.1589506001489994,0.1589506001489994,0.3562686001489994,1.0468816001489993,,,,
9.283716,927,1079.0,0.1589506001489994,0.1589506001489994,0.2576096001489994,0.9482226001489994,,,,
9.284795,927,1079.0,0.1589506001489994,0.1589506001489994,0.2576096001489994,0.7509046001489994,,,,
9.285874,927,1079.0,0.1589506001489994,0.1589506001489994,0.2576096001489994,0.8495636001489993,,,,
9.286953,927,1079.0,0.1589506001489994,0.1589506001489994,0.3562686001489994,1.0468816001489993,,,,
9.288032,927,1079.0,0.1589506001489994,0.2576096001489994,0.4549276001489994,1.2441996001489994,,,,
9.289111,927,1079.0,0.1589506001489994,0.2576096001489994,0.5535866001489994,1.3428586001489993,,,,
9.29019,927,1079.0,0.2576096001489994,0.3562686001489994,0.5535866001489994,1.4415176001489993,,,,
9.291269,927,1079.0,0.2576096001489994,0.3562686001489994,0.6522456001489993,1.5401766001489994,,,,
9.292348,927,1079.0,0.2576096001489994,0.3562686001489994,0.6522456001489993,1.5401766001489994,,,,
9.293427,927,1079.0,0.3562686001489994,0.4549276001489994,0.8495636001489993,1.8361536001489993,,,,
9.294506,927,1079.0,0.3562686001489994,0.4549276001489994,0.9482226001489994,2.0334716001489994,,,,
9.295585,927,1079.0,0.3562686001489994,0.5535866001489994,0.9482226001489994,2.0334716001489994,,,,
9.296664,927,1079.0,0.4549276001489994,0.5535866001489994,0.8495636001489993,2.0334716001489994,,,,
9.297743,927,1079.0,0.4549276001489994,0.4549276001489994,0.8495636001489993,1.9348126001489994,,,,
9.298822,927,1079.0,0.3562686001489994,0.4549276001489994,0.7509046001489994,1.8361536001489993,,,,
9.299901,927,1079.0,0.3562686001489994,0.4549276001489994,0.7509046001489994,1.8361536001489993,,,,
9.30098,927,1079.0,0.2576096001489994,0.4549276001489994,0.7509046001489994,1.8361536001489993,,,,
9.302059,927,1079.0,0.2576096001489994,0.3562686001489994,0.7509046001489994,1.8361536001489993,,,,
9.303138,927,1079.0,0.2576096001489994,0.3562686001489994,0.7509046001489994,1.7374946001489993,,,,
9.304217,927,1079.0,0.1589506001489994,0.3562686001489994,0.6522456001489993,1.6388356001489994,,,,
9.305296,927,1079.0,0.1589506001489994,0.3562686001489994,0.6522456001489993,1.6388356001489994,,,,
9.306375,927,1079.0,0.2576096001489994,0.3562686001489994,0.7509046001489994,1.7374946001489993,,,,
9.307454,927,1079.0,0.2576096001489994,0.3562686001489994,0.8495636001489993,1.8361536001489993,,,,
9.308533,927,1079.0,0.2576096001489994,0.4549276001489994,0.8495636001489993,2.0334716001489994,,,,
9.309612,927,1079.0,0.2576096001489994,0.4549276001489994,0.9482226001489994,2.1321306001489995,,,,
9.310691,927,1079.0,0.2576096001489994,0.5535866001489994,1.0468816001489993,2.2307896001489995,,,,
9.31177,927,1079.0,0.3562686001489994,0.5535866001489994,1.0468816001489993,2.2307896001489995,,,,
9.312849,927,1079.0,0.3562686001489994,0.6522456001489993,1.0468816001489993,2.329448600148999,,,,
9.313928,927,1079.0,0.4549276001489994,0.6522456001489993,1.1455406001489994,2.5267666001489992,,,,
9.315007,927,1079.0,0.4549276001489994,0.6522456001489993,1.2441996001489994,2.6254256001489993,,,,
9.316086,927,1079.0,0.4549276001489994,0.6522456001489993,1.2441996001489994,2.6254256001489993,,,,
9.317165,927,1079.0,0.4549276001489994,0.6522456001489993,1.2441996001489994,2.5267666001489992,,,,
9.318244,927,1079.0,0.3562686001489994,0.5535866001489994,1.1455406001489994,2.428107600148999,,,,
9.319323,927,1079.0,0.3562686001489994,0.6522456001489993,1.0468816001489993,2.2307896001489995,,,,
9.320402,927,1079.0,0.3562686001489994,0.5535866001489994,1.0468816001489993,2.1321306001489995,,,,
9.321481,927,1079.0,0.3562686001489994,0.5535866001489994,1.0468816001489993,2.2307896001489995,,,,
9.32256,927,1079.0,0.2576096001489994,0.5535866001489994,0.9482226001489994,2.1321306001489995,,,,
9.323639,927,1079.0,0.2576096001489994,0.4549276001489994,0.9482226001489994,2.0334716001489994,,,,
9.324718,927,1079.0,0.1589506001489994,0.4549276001489994,0.8495636001489993,1.9348126001489994,,,,
9.325797,927,1079.0,0.2576096001489994,0.4549276001489994,0.9482226001489994,1.9348126001489994,,,,
9.326876,927,1079.0,0.2576096001489994,0.5535866001489994,0.9482226001489994,2.0334716001489994,,,,
9.327955,927,1079.0,0.2576096001489994,0.5535866001489994,1.0468816001489993,2.2307896001489995,,,,
9.329034,927,1079.0,0.3562686001489994,0.5535866001489994,1.1455406001489994,2.329448600148999,,,,
9.330113,927,1079.0,0.3562686001489994,0.6522456001489993,1.1455406001489994,2.329448600148999,,,,
9.331192,927,1079.0,0.3562686001489994,0.5535866001489994,1.1455406001489994,2.329448600148999,,,,
9.332271,927,1079.0,0.3562686001489994,0.6522456001489993,1.1455406001489994,2.329448600148999,,,,
9.33335,927,1079.0,0.4549276001489994,0.6522456001489993,1.1455406001489994,2.5267666001489992,,,,
9.334429,927,1079.0,0.4549276001489994,0.7509046001489994,1.2441996001489994,2.5267666001489992,,,,
9.335508,927,1079.0,0.4549276001489994,0.6522456001489993,1.1455406001489994,2.5267666001489992,,,,
9.336587,927,1079.0,0.4549276001489994,0.6522456001489993,1.1455406001489994,2.428107600148999,,,,
9.337666,927,1079.0,0.3562686001489994,0.5535866001489994,1.0468816001489993,2.329448600148999,,,,
9.338745,927,1079.0,0.3562686001489994,0.5535866001489994,1.0468816001489993,2.1321306001489995,,,,
9.339824,927,1079.0,0.3562686001489994,0.5535866001489994,0.9482226001489994,2.1321306001489995,,,,
9.340903,927,1079.0,0.2576096001489994,0.4549276001489994,0.8495636001489993,1.9348126001489994,,,,
9.341982,927,1079.0,0.2576096001489994,0.4549276001489994,0.7509046001489994,1.8361536001489993,,,,
9.343061,927,1079.0,0.2576096001489994,0.3562686001489994,0.7509046001489994,1.7374946001489993,,,,
9.34414,927,1079.0,0.1589506001489994,0.2576096001489994,0.7509046001489994,1.6388356001489994,,,,
9.345219,927,1079.0,0.1589506001489994,0.2576096001489994,0.7509046001489994,1.6388356001489994,,,,
9.346298,927,1079.0,0.2576096001489994,0.3562686001489994,0.7509046001489994,1.6388356001489994,,,,
9.347377,927,1079.0,0.1589506001489994,0.3562686001489994,0.7509046001489994,1.6388356001489994,,,,
9.348456,927,1079.0,0.2576096001489994,0.4549276001489994,0.8495636001489993,1.7374946001489993,,,,
9.349535,927,1079.0,0.2576096001489994,0.4549276001489994,0.8495636001489993,1.8361536001489993,,,,
9.350614,927,1079.0,0.3562686001489994,0.4549276001489994,0.8495636001489993,1.9348126001489994,,,,
9.351693,927,1079.0,0.3562686001489994,0.4549276001489994,0.8495636001489993,1.9348126001489994,,,,
9.352772,927,1079.0,0.3562686001489994,0.4549276001489994,0.9482226001489994,1.9348126001489994,,,,
9.353851,927,1079.0,0.4549276001489994,0.5535866001489994,0.9482226001489994,2.0334716001489994,,,,
9.35493,927,1079.0,0.3562686001489994,0.5535866001489994,0.8495636001489993,1.9348126001489994,,,,
9.356009,927,1079.0,0.3562686001489994,0.4549276001489994,0.7509046001489994,1.8361536001489993,,,,
9.357088,927,1079.0,0.2576096001489994,0.4549276001489994,0.7509046001489994,1.6388356001489994,,,,
9.358167,927,1079.0,0.2576096001489994,0.3562686001489994,0.6522456001489993,1.6388356001489994,,,,
9.359246,927,1079.0,0.2576096001489994,0.3562686001489994,0.5535866001489994,1.4415176001489993,,,,
9.360325,927,1079.0,0.2576096001489994,0.2576096001489994,0.5535866001489994,1.3428586001489993,,,,
9.361404,927,1079.0,0.1589506001489994,0.2576096001489994,0.4549276001489994,1.0468816001489993,,,,
9.362483,927,1079.0,0.1589506001489994,0.1589506001489994,0.3562686001489994,1.0468816001489993,,,,
9.363562,927,1079.0,0.1589506001489994,0.1589506001489994,0.2576096001489994,0.9482226001489994,,,,
9.364641,927,1079.0,0.1589506001489994,0.1589506001489994,0.2576096001489994,0.9482226001489994,,,,
9.36572,927,1079.0,0.1589506001489994,0.060291600148999404,0.2576096001489994,0.9482226001489994,,,,
9.366799,927,1079.0,0.1589506001489994,0.1589506001489994,0.2576096001489994,1.0468816001489993,,,,
9.367878,927,1079.0,0.2576096001489994,0.2576096001489994,0.3562686001489994,1.0468816001489993,,,,
9.368957,927,1079.0,0.2576096001489994,0.2576096001489994,0.3562686001489994,1.0468816001489993,,,,
9.370036,927,1079.0,0.2576096001489994,0.2576096001489994,0.3562686001489994,1.0468816001489993,,,,
9.371115,927,1079.0,0.2576096001489994,0.2576096001489994,0.4549276001489994,1.1455406001489994,,,,
9.372194,927,1079.0,0.2576096001489994,0.2576096001489994,0.4549276001489994,1.2441996001489994,,,,
9.373273,927,1079.0,0.2576096001489994,0.3562686001489994,0.4549276001489994,1.2441996001489994,,,,
9.374352,927,1079.0,0.3562686001489994,0.2576096001489994,0.3562686001489994,1.1455406001489994,,,,
9.375431,927,1079.0,0.3562686001489994,0.2576096001489994,0.3562686001489994,1.0468816001489993,,,,
9.37651,927,1079.0,0.2576096001489994,0.2576096001489994,0.2576096001489994,0.8495636001489993,,,,
9.377589,927,1079.0,0.2576096001489994,0.1589506001489994,0.1589506001489994,0.7509046001489994,,,,
9.378668,927,1079.0,0.1589506001489994,0.060291600148999404,0.1589506001489994,0.6522456001489993,,,,
9.379747,927,1079.0,0.1589506001489994,0.060291600148999404,0.060291600148999404,0.5535866001489994,,,,
9.380826,927,1079.0,0.1589506001489994,0.060291600148999404,-0.03836739985100059,0.3562686001489994,,,,
9.381905,927,1079.0,0.060291600148999404,-0.03836739985100059,-0.1370263998510006,0.2576096001489994,,,,
9.382984,927,1079.0,0.060291600148999404,-0.03836739985100059,-0.2356853998510006,0.1589506001489994,,,,
9.384063,927,1079.0,0.060291600148999404,-0.1370263998510006,-0.2356853998510006,0.060291600148999404,,,,
9.385142,927,1079.0,0.060291600148999404,-0.03836739985100059,-0.1370263998510006,0.2576096001489994,,,,
9.386221,927,1079.0,0.060291600148999404,-0.1370263998510006,-0.03836739985100059,0.2576096001489994,,,,
9.3873,927,1079.0,0.1589506001489994,-0.03836739985100059,-0.1370263998510006,0.2576096001489994,,,,
9.388379,927,1079.0,0.1589506001489994,-0.03836739985100059,-0.1370263998510006,0.3562686001489994,,,,
9.389458,927,1079.0,0.2576096001489994,0.060291600148999404,-0.1370263998510006,0.3562686001489994,,,,
9.390537,927,1079.0,0.2576096001489994,0.060291600148999404,-0.03836739985100059,0.3562686001489994,,,,
9.391616,927,1079.0,0.2576096001489994,0.060291600148999404,-0.03836739985100059,0.5535866001489994,,,,
9.392695,927,1079.0,0.2576096001489994,0.060291600148999404,0.060291600148999404,0.6522456001489993,,,,
9.393774,927,1079.0,0.2576096001489994,0.060291600148999404,0.060291600148999404,0.5535866001489994,,,,
9.394853,927,1079.0,0.2576096001489994,0.060291600148999404,-0.03836739985100059,0.4549276001489994,,,,
9.395932,927,1079.0,0.2576096001489994,0.060291600148999404,-0.1370263998510006,0.2576096001489994,,,,
9.397011,927,1079.0,0.2576096001489994,-0.03836739985100059,-0.2356853998510006,0.1589506001489994,,,,
9.39809,927,1079.0,0.1589506001489994,-0.03836739985100059,-0.2356853998510006,0.1589506001489994,,,,
9.399169,927,1079.0,0.060291600148999404,-0.1370263998510006,-0.2356853998510006,-0.03836739985100059,,,,
9.400248,927,1079.0,0.060291600148999404,-0.1370263998510006,-0.33434439985100056,-0.03836739985100059,,,,
9.401327,927,1079.0,0.060291600148999404,-0.1370263998510006,-0.43300339985100056,-0.2356853998510006,,,,
9.402406,927,1079.0,0.060291600148999404,-0.2356853998510006,-0.43300339985100056,-0.33434439985100056,,,,
9.403485,927,1079.0,-0.03836739985100059,-0.2356853998510006,-0.5316623998510006,-0.33434439985100056,,,,
9.404564,927,1079.0,0.060291600148999404,-0.2356853998510006,-0.43300339985100056,-0.2356853998510006,,,,
9.405643,927,1079.0,0.060291600148999404,-0.2356853998510006,-0.43300339985100056,-0.1370263998510006,,,,
9.406722,927,1079.0,0.060291600148999404,-0.1370263998510006,-0.33434439985100056,-0.03836739985100059,,,,
9.407801,927,1079.0,0.1589506001489994,-0.1370263998510006,-0.2356853998510006,0.060291600148999404,,,,
9.40888,927,1079.0,0.1589506001489994,-0.1370263998510006,-0.2356853998510006,0.060291600148999404,,,,
9.409959,927,1079.0,0.2576096001489994,-0.03836739985100059,-0.2356853998510006,0.060291600148999404,,,,
9.411038,927,1079.0,0.1589506001489994,-0.03836739985100059,-0.2356853998510006,0.2576096001489994,,,,
9.412117,927,1079.0,0.2576096001489994,-0.03836739985100059,-0.1370263998510006,0.3562686001489994,,,,
9.413196,927,1079.0,0.2576096001489994,-0.03836739985100059,-0.03836739985100059,0.4549276001489994,,,,
9.414275,927,1079.0,0.2576096001489994,0.060291600148999404,-0.03836739985100059,0.3562686001489994,,,,
9.415354,927,1079.0,0.2576096001489994,0.060291600148999404,-0.1370263998510006,0.2576096001489994,,,,
9.416433,927,1079.0,0.2576096001489994,-0.03836739985100059,-0.2356853998510006,0.1589506001489994,,,,
9.417512,927,1079.0,0.1589506001489994,-0.03836739985100059,-0.33434439985100056,0.060291600148999404,,,,
9.418591,927,1079.0,0.1589506001489994,-0.1370263998510006,-0.33434439985100056,0.060291600148999404,,,,
9.41967,927,1079.0,0.060291600148999404,-0.1370263998510006,-0.33434439985100056,0.060291600148999404,,,,
9.420749,927,1079.0,0.060291600148999404,-0.1370263998510006,-0.33434439985100056,-0.1370263998510006,,,,
9.421828,927,1079.0,0.060291600148999404,-0.2356853998510006,-0.43300339985100056,-0.1370263998510006,,,,
9.422907,927,1079.0,-0.03836739985100059,-0.1370263998510006,-0.43300339985100056,-0.2356853998510006,,,,
9.423986,927,1079.0,0.060291600148999404,-0.1370263998510006,-0.43300339985100056,-0.1370263998510006,,,,
9.425065,927,1079.0,0.060291600148999404,-0.1370263998510006,-0.33434439985100056,-0.03836739985100059,,,,
9.426144,927,1079.0,0.060291600148999404,-0.03836739985100059,-0.2356853998510006,0.1589506001489994,,,,
9.427223,927,1079.0,0.060291600148999404,-0.03836739985100059,-0.1370263998510006,0.2576096001489994,,,,
9.428302,927,1079.0,0.1589506001489994,-0.03836739985100059,-0.03836739985100059,0.3562686001489994,,,,
9.429381,927,1079.0,0.1589506001489994,0.060291600148999404,-0.03836739985100059,0.3562686001489994,,,,
9.43046,927,1079.0,0.2576096001489994,0.060291600148999404,-0.03836739985100059,0.4549276001489994,,,,
9.431539,927,1079.0,0.2576096001489994,0.1589506001489994,0.060291600148999404,0.6522456001489993,,,,
9.432618,927,1079.0,0.2576096001489994,0.1589506001489994,0.1589506001489994,0.7509046001489994,,,,
9.433697,927,1079.0,0.3562686001489994,0.1589506001489994,0.1589506001489994,0.7509046001489994,,,,
9.434776,927,1079.0,0.2576096001489994,0.1589506001489994,0.1589506001489994,0.7509046001489994,,,,
9.435855,927,1079.0,0.2576096001489994,0.1589506001489994,0.060291600148999404,0.6522456001489993,,,,
9.436934,927,1079.0,0.2576096001489994,0.060291600148999404,0.060291600148999404,0.5535866001489994,,,,
9.438013,927,1079.0,0.1589506001489994,0.060291600148999404,0.060291600148999404,0.4549276001489994,,,,
9.439092,927,1079.0,0.1589506001489994,0.060291600148999404,0.060291600148999404,0.4549276001489994,,,,
9.440171,927,1079.0,0.1589506001489994,0.060291600148999404,-0.03836739985100059,0.4549276001489994,,,,
9.44125,927,1079.0,0.060291600148999404,-0.03836739985100059,-0.03836739985100059,0.4549276001489994,,,,
9.442329,927,1079.0,0.060291600148999404,-0.03836739985100059,-0.03836739985100059,0.4549276001489994,,,,
9.443408,927,1079.0,0.060291600148999404,-0.03836739985100059,0.060291600148999404,0.4549276001489994,,,,
9.444487,927,1079.0,0.1589506001489994,0.060291600148999404,0.060291600148999404,0.5535866001489994,,,,
9.445566,927,1079.0,0.1589506001489994,0.060291600148999404,0.1589506001489994,0.7509046001489994,,,,
9.446645,927,1079.0,0.2576096001489994,0.1589506001489994,0.2576096001489994,0.8495636001489993,,,,
9.447724,927,1079.0,0.2576096001489994,0.1589506001489994,0.3562686001489994,1.0468816001489993,,,,
9.448803,927,1079.0,0.2576096001489994,0.2576096001489994,0.3562686001489994,1.1455406001489994,,,,
9.449882,927,1079.0,0.2576096001489994,0.2576096001489994,0.4549276001489994,1.2441996001489994,,,,
9.450961,927,1079.0,0.3562686001489994,0.2576096001489994,0.4549276001489994,1.3428586001489993,,,,
9.45204,927,1079.0,0.3562686001489994,0.3562686001489994,0.5535866001489994,1.5401766001489994,,,,
9.453119,927,1079.0,0.3562686001489994,0.4549276001489994,0.5535866001489994,1.4415176001489993,,,,
9.454198,927,1079.0,0.3562686001489994,0.3562686001489994,0.5535866001489994,1.5401766001489994,,,,
9.455277,927,1079.0,0.2576096001489994,0.3562686001489994,0.5535866001489994,1.4415176001489993,,,,
9.456356,927,1079.0,0.2576096001489994,0.2576096001489994,0.5535866001489994,1.3428586001489993,,,,
9.457435,927,1079.0,0.2576096001489994,0.2576096001489994,0.5535866001489994,1.3428586001489993,,,,
9.458514,927,1079.0,0.2576096001489994,0.3562686001489994,0.4549276001489994,1.2441996001489994,,,,
9.459593,927,1079.0,0.2576096001489994,0.2576096001489994,0.4549276001489994,1.2441996001489994,,,,
9.460672,927,1079.0,0.1589506001489994,0.2576096001489994,0.4549276001489994,1.2441996001489994,,,,
9.461751,927,1079.0,0.1589506001489994,0.1589506001489994,0.4549276001489994,1.2441996001489994,,,,
9.46283,927,1079.0,0.1589506001489994,0.2576096001489994,0.4549276001489994,1.3428586001489993,,,,
9.463909,927,1079.0,0.1589506001489994,0.2576096001489994,0.5535866001489994,1.4415176001489993,,,,
9.464988,927,1079.0,0.2576096001489994,0.3562686001489994,0.5535866001489994,1.5401766001489994,,,,
9.466067,927,1079.0,0.2576096001489994,0.3562686001489994,0.7509046001489994,1.6388356001489994,,,,
9.467146,927,1079.0,0.2576096001489994,0.4549276001489994,0.7509046001489994,1.7374946001489993,,,,
9.468225,927,1079.0,0.2576096001489994,0.4549276001489994,0.8495636001489993,1.9348126001489994,,,,
9.469304,927,1079.0,0.3562686001489994,0.4549276001489994,0.9482226001489994,2.0334716001489994,,,,
9.470383,927,1079.0,0.3562686001489994,0.5535866001489994,1.0468816001489993,2.1321306001489995,,,,
9.471462,927,1079.0,0.4549276001489994,0.6522456001489993,1.0468816001489993,2.2307896001489995,,,,
9.472541,927,1079.0,0.4549276001489994,0.6522456001489993,1.0468816001489993,2.2307896001489995,,,,
9.47362,927,1079.0,0.4549276001489994,0.5535866001489994,1.0468816001489993,2.1321306001489995,,,,
9.474699,927,1079.0,0.3562686001489994,0.5535866001489994,1.0468816001489993,2.1321306001489995,,,,
9.475778,927,1079.0,0.3562686001489994,0.5535866001489994,0.9482226001489994,2.1321306001489995,,,,
9.476857,927,1079.0,0.2576096001489994,0.4549276001489994,0.9482226001489994,2.0334716001489994,,,,
9.477936,927,1079.0,0.2576096001489994,0.4549276001489994,0.8495636001489993,1.9348126001489994,,,,
9.479015,927,1079.0,0.2576096001489994,0.4549276001489994,0.8495636001489993,1.8361536001489993,,,,
9.480094,927,1079.0,0.2576096001489994,0.4549276001489994,0.7509046001489994,1.7374946001489993,,,,
9.481173,927,1079.0,0.1589506001489994,0.3562686001489994,0.7509046001489994,1.6388356001489994,,,,
9.482252,927,1079.0,0.1589506001489994,0.3562686001489994,0.7509046001489994,1.8361536001489993,,,,
9.483331,927,1079.0,0.1589506001489994,0.3562686001489994,0.9482226001489994,1.9348126001489994,,,,
9.48441,927,1079.0,0.2576096001489994,0.4549276001489994,0.9482226001489994,2.0334716001489994,,,,
9.485489,927,1079.0,0.2576096001489994,0.5535866001489994,0.9482226001489994,2.1321306001489995,,,,
9.486568,927,1079.0,0.3562686001489994,0.5535866001489994,1.0468816001489993,2.2307896001489995,,,,
9.487647,927,1079.0,0.4549276001489994,0.5535866001489994,1.0468816001489993,2.329448600148999,,,,
9.488726,927,1079.0,0.3562686001489994,0.5535866001489994,1.1455406001489994,2.428107600148999,,,,
9.489805,927,1079.0,0.3562686001489994,0.6522456001489993,1.2441996001489994,2.5267666001489992,,,,
9.490884,927,1079.0,0.4549276001489994,0.6522456001489993,1.2441996001489994,2.6254256001489993,,,,
9.491963,927,1079.0,0.4549276001489994,0.7509046001489994,1.2441996001489994,2.6254256001489993,,,,
9.493042,927,1079.0,0.4549276001489994,0.6522456001489993,1.2441996001489994,2.5267666001489992,,,,
9.494121,927,1079.0,0.4549276001489994,0.7509046001489994,1.1455406001489994,2.428107600148999,,,,
9.4952,927,1079.0,0.3562686001489994,0.5535866001489994,1.0468816001489993,2.329448600148999,,,,
9.496279,927,1079.0,0.3562686001489994,0.5535866001489994,1.0468816001489993,2.329448600148999,,,,
9.497358,927,1079.0,0.2576096001489994,0.5535866001489994,1.0468816001489993,2.2307896001489995,,,,
9.498437,927,1079.0,0.3562686001489994,0.5535866001489994,0.9482226001489994,2.1321306001489995,,,,
9.499516,927,1079.0,0.2576096001489994,0.5535866001489994,0.8495636001489993,1.9348126001489994,,,,
9.500595,927,1079.0,0.2576096001489994,0.4549276001489994,0.8495636001489993,1.8361536001489993,,,,
9.501674,927,1079.0,0.2576096001489994,0.3562686001489994,0.8495636001489993,1.8361536001489993,,,,
9.502753,927,1079.0,0.2576096001489994,0.4549276001489994,0.8495636001489993,1.9348126001489994,,,,
9.503832,927,1079.0,0.2576096001489994,0.4549276001489994,0.9482226001489994,2.0334716001489994,,,,
9.504911,927,1079.0,0.2576096001489994,0.5535866001489994,1.0468816001489993,2.1321306001489995,,,,
9.50599,927,1079.0,0.2576096001489994,0.5535866001489994,1.0468816001489993,2.1321306001489995,,,,
9.507069,927,1079.0,0.3562686001489994,0.5535866001489994,1.0468816001489993,2.1321306001489995,,,,
9.508148,927,1079.0,0.3562686001489994,0.5535866001489994,1.0468816001489993,2.2307896001489995,,,,
9.509227,927,1079.0,0.3562686001489994,0.6522456001489993,1.1455406001489994,2.329448600148999,,,,
9.510306,927,1079.0,0.4549276001489994,0.6522456001489993,1.2441996001489994,2.428107600148999,,,,
9.511385,927,1079.0,0.4549276001489994,0.6522456001489993,1.2441996001489994,2.428107600148999,,,,
9.512464,927,1079.0,0.4549276001489994,0.6522456001489993,1.1455406001489994,2.329448600148999,,,,
9.513543,927,1079.0,0.4549276001489994,0.5535866001489994,0.9482226001489994,2.1321306001489995,,,,
9.514622,927,1079.0,0.3562686001489994,0.5535866001489994,0.8495636001489993,1.9348126001489994,,,,
9.515701,927,1079.0,0.3562686001489994,0.4549276001489994,0.8495636001489993,1.8361536001489993,,,,
9.51678,927,1079.0,0.2576096001489994,0.4549276001489994,0.7509046001489994,1.7374946001489993,,,,
9.517859,927,1079.0,0.2576096001489994,0.4549276001489994,0.7509046001489994,1.7374946001489993,,,,
9.518938,927,1079.0,0.1589506001489994,0.3562686001489994,0.6522456001489993,1.5401766001489994,,,,
9.520017,927,1079.0,0.1589506001489994,0.2576096001489994,0.5535866001489994,1.4415176001489993,,,,
9.521096,927,1079.0,0.1589506001489994,0.2576096001489994,0.5535866001489994,1.3428586001489993,,,,
9.522175,927,1079.0,0.1589506001489994,0.2576096001489994,0.5535866001489994,1.3428586001489993,,,,
9.523254,927,1079.0,0.1589506001489994,0.2576096001489994,0.6522456001489993,1.4415176001489993,,,,
9.524333,927,1079.0,0.2576096001489994,0.3562686001489994,0.6522456001489993,1.5401766001489994,,,,
9.525412,927,1079.0,0.2576096001489994,0.3562686001489994,0.6522456001489993,1.6388356001489994,,,,
9.526491,927,1079.0,0.2576096001489994,0.3562686001489994,0.6522456001489993,1.5401766001489994,,,,
9.52757,927,1079.0,0.3562686001489994,0.3562686001489994,0.6522456001489993,1.5401766001489994,,,,
9.528649,927,1079.0,0.2576096001489994,0.4549276001489994,0.6522456001489993,1.5401766001489994,,,,
9.529728,927,1079.0,0.3562686001489994,0.4549276001489994,0.7509046001489994,1.6388356001489994,,,,
9.530807,927,1079.0,0.3562686001489994,0.4549276001489994,0.7509046001489994,1.7374946001489993,,,,
9.531886,927,1079.0,0.3562686001489994,0.4549276001489994,0.7509046001489994,1.6388356001489994,,,,
9.532965,927,1079.0,0.2576096001489994,0.3562686001489994,0.6522456001489993,1.4415176001489993,,,,
9.534044,927,1079.0,0.2576096001489994,0.3562686001489994,0.5535866001489994,1.2441996001489994,,,,
9.535123,927,1079.0,0.2576096001489994,0.2576096001489994,0.4549276001489994,1.1455406001489994,,,,
9.536202,927,1079.0,0.1589506001489994,0.2576096001489994,0.3562686001489994,1.0468816001489993,,,,
9.537281,927,1079.0,0.1589506001489994,0.2576096001489994,0.2576096001489994,0.9482226001489994,,,,
9.53836,927,1079.0,0.1589506001489994,0.060291600148999404,0.2576096001489994,0.8495636001489993,,,,
9.539439,927,1079.0,0.060291600148999404,0.1589506001489994,0.1589506001489994,0.6522456001489993,,,,
9.540518,927,1079.0,0.060291600148999404,0.060291600148999404,0.060291600148999404,0.5535866001489994,,,,
9.541597,927,1079.0,0.060291600148999404,0.060291600148999404,0.060291600148999404,0.5535866001489994,,,,
9.542676,927,1079.0,0.1589506001489994,0.1589506001489994,0.060291600148999404,0.6522456001489993,,,,
9.543755,927,1079.0,0.1589506001489994,0.1589506001489994,0.1589506001489994,0.6522456001489993,,,,
9.544834,927,1079.0,0.1589506001489994,0.060291600148999404,0.1589506001489994,0.8495636001489993,,,,
9.545913,927,1079.0,0.1589506001489994,0.1589506001489994,0.1589506001489994,0.8495636001489993,,,,
9.546992,927,1079.0,0.1589506001489994,0.1589506001489994,0.1589506001489994,0.7509046001489994,,,,
9.548071,927,1079.0,0.2576096001489994,0.1589506001489994,0.1589506001489994,0.7509046001489994,,,,
9.54915,927,1079.0,0.2576096001489994,0.1589506001489994,0.2576096001489994,0.8495636001489993,,,,
9.550229,927,1079.0,0.3562686001489994,0.2576096001489994,0.2576096001489994,0.9482226001489994,,,,
9.551308,927,1079.0,0.2576096001489994,0.1589506001489994,0.2576096001489994,0.8495636001489993,,,,
9.552387,927,1079.0,0.2576096001489994,0.1589506001489994,0.1589506001489994,0.7509046001489994,,,,
9.553466,927,1079.0,0.2576096001489994,0.060291600148999404,0.060291600148999404,0.6522456001489993,,,,
9.554545,927,1079.0,0.1589506001489994,0.060291600148999404,-0.03836739985100059,0.4549276001489994,,,,
9.555624,927,1079.0,0.1589506001489994,0.060291600148999404,-0.1370263998510006,0.2576096001489994,,,,
9.556703,927,1079.0,0.1589506001489994,-0.03836739985100059,-0.1370263998510006,0.2576096001489994,,,,
9.557782,927,1079.0,0.1589506001489994,-0.03836739985100059,-0.1370263998510006,0.1589506001489994,,,,
9.558861,927,1079.0,0.060291600148999404,-0.1370263998510006,-0.2356853998510006,0.060291600148999404,,,,
9.55994,927,1079.0,0.060291600148999404,-0.1370263998510006,-0.33434439985100056,-0.03836739985100059,,,,
9.561019,927,1079.0,0.060291600148999404,-0.1370263998510006,-0.33434439985100056,-0.03836739985100059,,,,
9.562098,927,1079.0,0.060291600148999404,-0.1370263998510006,-0.33434439985100056,-0.03836739985100059,,,,
9.563177,927,1079.0,0.060291600148999404,-0.1370263998510006,-0.2356853998510006,0.060291600148999404,,,,
9.564256,927,1079.0,0.1589506001489994,-0.03836739985100059,-0.2356853998510006,0.1589506001489994,,,,
9.565335,927,1079.0,0.1589506001489994,-0.03836739985100059,-0.1370263998510006,0.2576096001489994,,,,
9.566414,927,1079.0,0.1589506001489994,-0.03836739985100059,-0.1370263998510006,0.2576096001489994,,,,
9.567493,927,1079.0,0.1589506001489994,-0.03836739985100059,-0.1370263998510006,0.2576096001489994,,,,
9.568572,927,1079.0,0.2576096001489994,0.060291600148999404,-0.1370263998510006,0.3562686001489994,,,,
9.569651,927,1079.0,0.2576096001489994,0.060291600148999404,-0.1370263998510006,0.4549276001489994,,,,
9.57073,927,1079.0,0.2576096001489994,0.060291600148999404,-0.03836739985100059,0.3562686001489994,,,,
9.571809,927,1079.0,0.2576096001489994,0.060291600148999404,-0.1370263998510006,0.2576096001489994,,,,
9.572888,927,1079.0,0.1589506001489994,-0.03836739985100059,-0.1370263998510006,0.1589506001489994,,,,
9.573967,927,1079.0,0.1589506001489994,-0.1370263998510006,-0.2356853998510006,0.060291600148999404,,,,
9.575046,927,1079.0,0.1589506001489994,-0.1370263998510006,-0.33434439985100056,-0.03836739985100059,,,,
9.576125,927,1079.0,0.060291600148999404,-0.1370263998510006,-0.33434439985100056,-0.03836739985100059,,,,
9.577204,927,1079.0,0.060291600148999404,-0.1370263998510006,-0.33434439985100056,-0.2356853998510006,,,,
9.578283,927,1079.0,0.060291600148999404,-0.2356853998510006,-0.43300339985100056,-0.2356853998510006,,,,
9.579362,927,1079.0,0.060291600148999404,-0.2356853998510006,-0.43300339985100056,-0.33434439985100056,,,,
9.580441,927,1079.0,0.060291600148999404,-0.2356853998510006,-0.43300339985100056,-0.2356853998510006,,,,
9.58152,927,1079.0,0.060291600148999404,-0.2356853998510006,-0.43300339985100056,-0.1370263998510006,,,,
9.582599,927,1079.0,0.060291600148999404,-0.2356853998510006,-0.33434439985100056,-0.03836739985100059,,,,
9.583678,927,1079.0,0.1589506001489994,-0.1370263998510006,-0.33434439985100056,-0.03836739985100059,,,,
9.584757,927,1079.0,0.1589506001489994,-0.1370263998510006,-0.2356853998510006,0.060291600148999404,,,,
9.585836,927,1079.0,0.1589506001489994,-0.03836739985100059,-0.2356853998510006,0.1589506001489994,,,,
9.586915,927,1079.0,0.1589506001489994,-0.03836739985100059,-0.1370263998510006,0.2576096001489994,,,,
9.587994,927,1079.0,0.2576096001489994,-0.03836739985100059,-0.03836739985100059,0.4549276001489994,,,,
9.589073,927,1079.0,0.2576096001489994,0.060291600148999404,0.060291600148999404,0.5535866001489994,,,,
9.590152,927,1079.0,0.2576096001489994,0.060291600148999404,-0.03836739985100059,0.4549276001489994,,,,
9.591231,927,1079.0,0.2576096001489994,0.060291600148999404,-0.03836739985100059,0.3562686001489994,,,,
9.59231,927,1079.0,0.2576096001489994,0.060291600148999404,-0.1370263998510006,0.3562686001489994,,,,
9.593389,927,1079.0,0.2576096001489994,-0.03836739985100059,-0.1370263998510006,0.2576096001489994,,,,
9.594468,927,1079.0,0.1589506001489994,-0.03836739985100059,-0.1370263998510006,0.2576096001489994,,,,
9.595547,927,1079.0,0.1589506001489994,-0.03836739985100059,-0.1370263998510006,0.1589506001489994,,,,
9.596626,927,1079.0,0.1589506001489994,-0.1370263998510006,-0.2356853998510006,0.060291600148999404,,,,
9.597705,927,1079.0,0.060291600148999404,-0.03836739985100059,-0.2356853998510006,-0.03836739985100059,,,,
9.598784,927,1079.0,0.060291600148999404,-0.1370263998510006,-0.33434439985100056,-0.03836739985100059,,,,
9.599863,927,1079.0,-0.03836739985100059,-0.1370263998510006,-0.2356853998510006,-0.03836739985100059,,,,
9.600942,927,1079.0,0.060291600148999404,-0.03836739985100059,-0.1370263998510006,0.1589506001489994,,,,
9.602021,927,1079.0,0.060291600148999404,-0.03836739985100059,-0.1370263998510006,0.3562686001489994,,,,
9.6031,927,1079.0,0.060291600148999404,-0.03836739985100059,-0.03836739985100059,0.4549276001489994,,,,
9.604179,927,1079.0,0.1589506001489994,0.060291600148999404,-0.03836739985100059,0.4549276001489994,,,,
9.605258,927,1079.0,0.1589506001489994,0.1589506001489994,0.060291600148999404,0.5535866001489994,,,,
9.606337,927,1079.0,0.1589506001489994,0.1589506001489994,0.1589506001489994,0.6522456001489993,,,,
9.607416,927,1079.0,0.1589506001489994,0.1589506001489994,0.2576096001489994,0.8495636001489993,,,,
9.608495,927,1079.0,0.2576096001489994,0.1589506001489994,0.2576096001489994,1.0468816001489993,,,,
9.609574,927,1079.0,0.3562686001489994,0.2576096001489994,0.3562686001489994,1.1455406001489994,,,,
9.610653,927,1079.0,0.2576096001489994,0.2576096001489994,0.3562686001489994,0.9482226001489994,,,,
9.611732,927,1079.0,0.2576096001489994,0.2576096001489994,0.2576096001489994,0.9482226001489994,,,,
9.612811,927,1079.0,0.2576096001489994,0.1589506001489994,0.2576096001489994,0.8495636001489993,,,,
9.61389,927,1079.0,0.2576096001489994,0.1589506001489994,0.2576096001489994,0.8495636001489993,,,,
9.614969,927,1079.0,0.1589506001489994,0.060291600148999404,0.1589506001489994,0.8495636001489993,,,,
9.616048,927,1079.0,0.1589506001489994,0.060291600148999404,0.2576096001489994,0.8495636001489993,,,,
9.617127,927,1079.0,0.1589506001489994,0.060291600148999404,0.1589506001489994,0.6522456001489993,,,,
9.618206,927,1079.0,0.1589506001489994,0.060291600148999404,0.060291600148999404,0.6522456001489993,,,,
9.619285,927,1079.0,0.060291600148999404,0.060291600148999404,0.060291600148999404,0.6522456001489993,,,,
9.620364,927,1079.0,0.1589506001489994,0.1589506001489994,0.1589506001489994,0.8495636001489993,,,,
9.621443,927,1079.0,0.1589506001489994,0.1589506001489994,0.2576096001489994,1.0468816001489993,,,,
9.622522,927,1079.0,0.1589506001489994,0.1589506001489994,0.3562686001489994,1.2441996001489994,,,,
9.623601,927,1079.0,0.2576096001489994,0.2576096001489994,0.4549276001489994,1.2441996001489994,,,,
9.62468,927,1079.0,0.2576096001489994,0.2576096001489994,0.5535866001489994,1.3428586001489993,,,,
9.625759,927,1079.0,0.2576096001489994,0.3562686001489994,0.5535866001489994,1.4415176001489993,,,,
9.626838,927,1079.0,0.2576096001489994,0.3562686001489994,0.6522456001489993,1.5401766001489994,,,,
9.627917,927,1079.0,0.3562686001489994,0.4549276001489994,0.7509046001489994,1.8361536001489993,,,,
9.628996,927,1079.0,0.4549276001489994,0.4549276001489994,0.8495636001489993,1.9348126001489994,,,,
9.630075,927,1079.0,0.4549276001489994,0.4549276001489994,0.8495636001489993,1.8361536001489993,,,,
9.631154,927,1079.0,0.3562686001489994,0.4549276001489994,0.7509046001489994,1.7374946001489993,,,,
9.632233,927,1079.0,0.3562686001489994,0.4549276001489994,0.6522456001489993,1.6388356001489994,,,,
9.633312,927,1079.0,0.3562686001489994,0.4549276001489994,0.6522456001489993,1.6388356001489994,,,,
9.634391,927,1079.0,0.2576096001489994,0.3562686001489994,0.6522456001489993,1.6388356001489994,,,,
9.63547,927,1079.0,0.2576096001489994,0.3562686001489994,0.6522456001489993,1.6388356001489994,,,,
9.636549,927,1079.0,0.1589506001489994,0.3562686001489994,0.6522456001489993,1.5401766001489994,,,,
9.637628,927,1079.0,0.1589506001489994,0.2576096001489994,0.5535866001489994,1.4415176001489993,,,,
9.638707,927,1079.0,0.1589506001489994,0.2576096001489994,0.6522456001489993,1.4415176001489993,,,,
9.639786,927,1079.0,0.1589506001489994,0.3562686001489994,0.6522456001489993,1.5401766001489994,,,,
9.640865,927,1079.0,0.2576096001489994,0.3562686001489994,0.7509046001489994,1.7374946001489993,,,,
9.641944,927,1079.0,0.2576096001489994,0.4549276001489994,0.8495636001489993,1.9348126001489994,,,,
9.643023,927,1079.0,0.2576096001489994,0.4549276001489994,0.9482226001489994,2.0334716001489994,,,,
9.644102,927,1079.0,0.3562686001489994,0.4549276001489994,0.9482226001489994,2.1321306001489995,,,,
9.645181,927,1079.0,0.3562686001489994,0.5535866001489994,0.9482226001489994,2.1321306001489995,,,,
9.64626,927,1079.0,0.3562686001489994,0.5535866001489994,1.0468816001489993,2.2307896001489995,,,,
9.647339,927,1079.0,0.4549276001489994,0.6522456001489993,1.1455406001489994,2.329448600148999,,,,
9.648418,927,1079.0,0.4549276001489994,0.6522456001489993,1.2441996001489994,2.5267666001489992,,,,
9.649497,927,1079.0,0.4549276001489994,0.6522456001489993,1.2441996001489994,2.5267666001489992,,,,
9.650576,927,1079.0,0.3562686001489994,0.6522456001489993,1.1455406001489994,2.428107600148999,,,,
9.651655,927,1079.0,0.3562686001489994,0.6522456001489993,1.0468816001489993,2.2307896001489995,,,,
9.652734,927,1079.0,0.3562686001489994,0.6522456001489993,0.9482226001489994,2.1321306001489995,,,,
9.653813,927,1079.0,0.3562686001489994,0.5535866001489994,0.9482226001489994,2.1321306001489995,,,,
9.654892,927,1079.0,0.2576096001489994,0.5535866001489994,0.9482226001489994,2.0334716001489994,,,,
9.655971,927,1079.0,0.2576096001489994,0.4549276001489994,0.9482226001489994,2.0334716001489994,,,,
9.65705,927,1079.0,0.2576096001489994,0.4549276001489994,0.9482226001489994,1.9348126001489994,,,,
9.658129,927,1079.0,0.1589506001489994,0.3562686001489994,0.8495636001489993,1.8361536001489993,,,,
9.659208,927,1079.0,0.2576096001489994,0.4549276001489994,0.8495636001489993,1.9348126001489994,,,,
9.660287,927,1079.0,0.1589506001489994,0.4549276001489994,0.8495636001489993,1.9348126001489994,,,,
9.661366,927,1079.0,0.2576096001489994,0.4549276001489994,1.0468816001489993,2.1321306001489995,,,,
9.662445,927,1079.0,0.2576096001489994,0.5535866001489994,1.0468816001489993,2.2307896001489995,,,,
9.663524,927,1079.0,0.2576096001489994,0.5535866001489994,1.1455406001489994,2.329448600148999,,,,
9.664603,927,1079.0,0.3562686001489994,0.6522456001489993,1.1455406001489994,2.428107600148999,,,,
9.665682,927,1079.0,0.3562686001489994,0.5535866001489994,1.1455406001489994,2.428107600148999,,,,
9.666761,927,1079.0,0.4549276001489994,0.6522456001489993,1.2441996001489994,2.5267666001489992,,,,
9.66784,927,1079.0,0.4549276001489994,0.7509046001489994,1.3428586001489993,2.6254256001489993,,,,
9.668919,927,1079.0,0.4549276001489994,0.7509046001489994,1.2441996001489994,2.5267666001489992,,,,
9.669998,927,1079.0,0.4549276001489994,0.6522456001489993,1.2441996001489994,2.428107600148999,,,,
9.671077,927,1079.0,0.3562686001489994,0.6522456001489993,1.1455406001489994,2.329448600148999,,,,
9.672156,927,1079.0,0.3562686001489994,0.5535866001489994,1.0468816001489993,2.1321306001489995,,,,
9.673235,927,1079.0,0.3562686001489994,0.4549276001489994,0.9482226001489994,2.1321306001489995,,,,
9.674314,927,1079.0,0.2576096001489994,0.5535866001489994,0.9482226001489994,2.0334716001489994,,,,
9.675393,927,1079.0,0.2576096001489994,0.4549276001489994,0.9482226001489994,1.9348126001489994,,,,
9.676472,927,1079.0,0.2576096001489994,0.4549276001489994,0.8495636001489993,1.8361536001489993,,,,
9.677551,927,1079.0,0.1589506001489994,0.3562686001489994,0.7509046001489994,1.7374946001489993,,,,
9.67863,927,1079.0,0.1589506001489994,0.3562686001489994,0.7509046001489994,1.7374946001489993,,,,
9.679709,927,1079.0,0.1589506001489994,0.4549276001489994,0.7509046001489994,1.7374946001489993,,,,
9.680788,927,1079.0,0.2576096001489994,0.3562686001489994,0.7509046001489994,1.8361536001489993,,,,
9.681867,927,1079.0,0.2576096001489994,0.4549276001489994,0.8495636001489993,1.9348126001489994,,,,
9.682946,927,1079.0,0.2576096001489994,0.5535866001489994,0.9482226001489994,1.9348126001489994,,,,
9.684025,927,1079.0,0.3562686001489994,0.4549276001489994,0.9482226001489994,2.0334716001489994,,,,
9.685104,927,1079.0,0.3562686001489994,0.4549276001489994,0.9482226001489994,2.0334716001489994,,,,
9.686183,927,1079.0,0.4549276001489994,0.5535866001489994,0.9482226001489994,2.1321306001489995,,,,
9.687262,927,1079.0,0.4549276001489994,0.6522456001489993,1.0468816001489993,2.2307896001489995,,,,
9.688341,927,1079.0,0.4549276001489994,0.6522456001489993,0.9482226001489994,2.1321306001489995,,,,
9.68942,927,1079.0,0.4549276001489994,0.5535866001489994,0.8495636001489993,1.9348126001489994,,,,
9.690499,927,1079.0,0.3562686001489994,0.4549276001489994,0.8495636001489993,1.8361536001489993,,,,
9.691578,927,1079.0,0.3562686001489994,0.4549276001489994,0.7509046001489994,1.7374946001489993,,,,
9.692657,927,1079.0,0.2576096001489994,0.4549276001489994,0.6522456001489993,1.5401766001489994,,,,
9.693736,927,1079.0,0.2576096001489994,0.3562686001489994,0.5535866001489994,1.4415176001489993,,,,
9.694815,927,1079.0,0.2576096001489994,0.2576096001489994,0.5535866001489994,1.2441996001489994,,,,
9.695894,927,1079.0,0.2576096001489994,0.2576096001489994,0.4549276001489994,1.2441996001489994,,,,
9.696973,927,1079.0,0.1589506001489994,0.2576096001489994,0.3562686001489994,1.0468816001489993,,,,
9.698052,927,1079.0,0.1589506001489994,0.1589506001489994,0.3562686001489994,1.1455406001489994,,,,
9.699131,927,1079.0,0.1589506001489994,0.1589506001489994,0.4549276001489994,1.1455406001489994,,,,
9.70021,927,1079.0,0.1589506001489994,0.2576096001489994,0.3562686001489994,1.1455406001489994,,,,
9.701289,927,1079.0,0.2576096001489994,0.2576096001489994,0.4549276001489994,1.2441996001489994,,,,
9.702368,927,1079.0,0.2576096001489994,0.2576096001489994,0.4549276001489994,1.2441996001489994,,,,
9.703447,927,1079.0,0.2576096001489994,0.2576096001489994,0.4549276001489994,1.2441996001489994,,,,
9.704526,927,1079.0,0.2576096001489994,0.2576096001489994,0.4549276001489994,1.3428586001489993,,,,
9.705605,927,1079.0,0.3562686001489994,0.2576096001489994,0.4549276001489994,1.3428586001489993,,,,
9.706684,927,1079.0,0.3562686001489994,0.3562686001489994,0.5535866001489994,1.4415176001489993,,,,
9.707763,927,1079.0,0.3562686001489994,0.3562686001489994,0.5535866001489994,1.3428586001489993,,,,
9.708842,927,1079.0,0.3562686001489994,0.2576096001489994,0.4549276001489994,1.2441996001489994,,,,
9.709921,927,1079.0,0.3562686001489994,0.2576096001489994,0.3562686001489994,1.0468816001489993,,,,
9.711,927,1079.0,0.2576096001489994,0.1589506001489994,0.2576096001489994,0.9482226001489994,,,,
9.712079,927,1079.0,0.2576096001489994,0.1589506001489994,0.2576096001489994,0.8495636001489993,,,,
9.713158,927,1079.0,0.1589506001489994,0.060291600148999404,0.1589506001489994,0.7509046001489994,,,,
9.714237,927,1079.0,0.1589506001489994,0.060291600148999404,0.060291600148999404,0.5535866001489994,,,,
9.715316,927,1079.0,0.060291600148999404,0.060291600148999404,0.060291600148999404,0.4549276001489994,,,,
9.716395,927,1079.0,0.060291600148999404,-0.03836739985100059,-0.03836739985100059,0.2576096001489994,,,,
9.717474,927,1079.0,0.060291600148999404,-0.03836739985100059,-0.1370263998510006,0.2576096001489994,,,,
9.718553,927,1079.0,0.060291600148999404,-0.03836739985100059,-0.03836739985100059,0.3562686001489994,,,,
9.719632,927,1079.0,0.060291600148999404,-0.03836739985100059,-0.03836739985100059,0.3562686001489994,,,,
9.720711,927,1079.0,0.060291600148999404,-0.03836739985100059,0.060291600148999404,0.4549276001489994,,,,
9.72179,927,1079.0,0.1589506001489994,0.060291600148999404,0.060291600148999404,0.4549276001489994,,,,
9.722869,927,1079.0,0.1589506001489994,0.060291600148999404,-0.03836739985100059,0.4549276001489994,,,,
9.723948,927,1079.0,0.1589506001489994,0.060291600148999404,0.060291600148999404,0.4549276001489994,,,,
9.725027,927,1079.0,0.2576096001489994,0.060291600148999404,0.060291600148999404,0.6522456001489993,,,,
9.726106,927,1079.0,0.2576096001489994,0.1589506001489994,0.1589506001489994,0.7509046001489994,,,,
9.727185,927,1079.0,0.2576096001489994,0.1589506001489994,0.1589506001489994,0.7509046001489994,,,,
9.728264,927,1079.0,0.2576096001489994,0.060291600148999404,0.060291600148999404,0.6522456001489993,,,,
9.729343,927,1079.0,0.2576096001489994,0.060291600148999404,-0.03836739985100059,0.4549276001489994,,,,
9.730422,927,1079.0,0.2576096001489994,0.060291600148999404,-0.1370263998510006,0.2576096001489994,,,,
9.731501,927,1079.0,0.2576096001489994,-0.03836739985100059,-0.2356853998510006,0.1589506001489994,,,,
9.73258,927,1079.0,0.1589506001489994,-0.03836739985100059,-0.2356853998510006,0.060291600148999404,,,,
9.733659,927,1079.0,0.1589506001489994,-0.1370263998510006,-0.33434439985100056,0.060291600148999404,,,,
9.734738,927,1079.0,0.060291600148999404,-0.1370263998510006,-0.33434439985100056,-0.1370263998510006,,,,
9.735817,927,1079.0,0.060291600148999404,-0.2356853998510006,-0.43300339985100056,-0.2356853998510006,,,,
9.736896,927,1079.0,0.060291600148999404,-0.1370263998510006,-0.43300339985100056,-0.33434439985100056,,,,
9.737975,927,1079.0,0.1589506001489994,-0.1370263998510006,-0.43300339985100056,-0.2356853998510006,,,,
9.739054,927,1079.0,0.060291600148999404,-0.1370263998510006,-0.33434439985100056,-0.03836739985100059,,,,
9.740133,927,1079.0,0.1589506001489994,-0.1370263998510006,-0.33434439985100056,0.060291600148999404,,,,
9.741212,927,1079.0,0.1589506001489994,-0.1370263998510006,-0.2356853998510006,0.1589506001489994,,,,
9.742291,927,1079.0,0.1589506001489994,-0.1370263998510006,-0.2356853998510006,0.060291600148999404,,,,
9.74337,927,1079.0,0.1589506001489994,-0.03836739985100059,-0.2356853998510006,0.060291600148999404,,,,
9.744449,927,1079.0,0.2576096001489994,-0.03836739985100059,-0.1370263998510006,0.1589506001489994,,,,
9.745528,927,1079.0,0.2576096001489994,0.060291600148999404,-0.1370263998510006,0.3562686001489994,,,,
9.746607,927,1079.0,0.2576096001489994,0.060291600148999404,-0.03836739985100059,0.4549276001489994,,,,
9.747686,927,1079.0,0.2576096001489994,0.060291600148999404,-0.1370263998510006,0.3562686001489994,,,,
9.748765,927,1079.0,0.1589506001489994,-0.03836739985100059,-0.1370263998510006,0.2576096001489994,,,,
9.749844,927,1079.0,0.1589506001489994,-0.03836739985100059,-0.2356853998510006,0.060291600148999404,,,,
9.750923,927,1079.0,0.1589506001489994,-0.03836739985100059,-0.2356853998510006,0.060291600148999404,,,,
9.752002,927,1079.0,0.1589506001489994,-0.1370263998510006,-0.33434439985100056,-0.03836739985100059,,,,
9.753081,927,1079.0,0.1589506001489994,-0.1370263998510006,-0.33434439985100056,-0.03836739985100059,,,,
9.75416,927,1079.0,0.060291600148999404,-0.1370263998510006,-0.33434439985100056,-0.1370263998510006,,,,
9.755239,927,1079.0,-0.03836739985100059,-0.1370263998510006,-0.43300339985100056,-0.2356853998510006,,,,
9.756318,927,1079.0,-0.03836739985100059,-0.2356853998510006,-0.43300339985100056,-0.33434439985100056,,,,
9.757397,927,1079.0,0.060291600148999404,-0.2356853998510006,-0.43300339985100056,-0.2356853998510006,,,,
9.758476,927,1079.0,0.060291600148999404,-0.1370263998510006,-0.33434439985100056,-0.1370263998510006,,,,
9.759555,927,1079.0,0.1589506001489994,-0.1370263998510006,-0.2356853998510006,0.060291600148999404,,,,
9.760634,927,1079.0,0.060291600148999404,-0.03836739985100059,-0.2356853998510006,0.1589506001489994,,,,
9.761713,927,1079.0,0.1589506001489994,-0.03836739985100059,-0.1370263998510006,0.2576096001489994,,,,
9.762792,927,1079.0,0.1589506001489994,-0.03836739985100059,-0.1370263998510006,0.2576096001489994,,,,
9.763871,927,1079.0,0.2576096001489994,0.060291600148999404,-0.1370263998510006,0.3562686001489994,,,,
9.76495,927,1079.0,0.2576096001489994,0.060291600148999404,-0.03836739985100059,0.4549276001489994,,,,
9.766029,927,1079.0,0.2576096001489994,0.1589506001489994,0.060291600148999404,0.5535866001489994,,,,
9.767108,927,1079.0,0.2576096001489994,0.1589506001489994,0.060291600148999404,0.5535866001489994,,,,
9.768187,927,1079.0,0.2576096001489994,0.1589506001489994,0.060291600148999404,0.5535866001489994,,,,
9.769266,927,1079.0,0.1589506001489994,0.060291600148999404,0.060291600148999404,0.4549276001489994,,,,
9.770345,927,1079.0,0.1589506001489994,0.060291600148999404,-0.03836739985100059,0.3562686001489994,,,,
9.771424,927,1079.0,0.1589506001489994,0.060291600148999404,-0.03836739985100059,0.3562686001489994,,,,
9.772503,927,1079.0,0.1589506001489994,0.060291600148999404,-0.03836739985100059,0.3562686001489994,,,,
9.773582,927,1079.0,0.1589506001489994,-0.03836739985100059,-0.1370263998510006,0.3562686001489994,,,,
9.774661,927,1079.0,0.060291600148999404,-0.03836739985100059,-0.03836739985100059,0.2576096001489994,,,,
9.77574,927,1079.0,0.060291600148999404,-0.03836739985100059,-0.1370263998510006,0.2576096001489994,,,,
9.776819,927,1079.0,0.060291600148999404,-0.03836739985100059,-0.03836739985100059,0.3562686001489994,,,,
9.777898,927,1079.0,0.060291600148999404,0.060291600148999404,-0.03836739985100059,0.4549276001489994,,,,
9.778977,927,1079.0,0.1589506001489994,0.060291600148999404,0.060291600148999404,0.5535866001489994,,,,
9.780056,927,1079.0,0.1589506001489994,0.060291600148999404,0.1589506001489994,0.7509046001489994,,,,
9.781135,927,1079.0,0.1589506001489994,0.1589506001489994,0.2576096001489994,0.8495636001489993,,,,
9.782214,927,1079.0,0.2576096001489994,0.1589506001489994,0.2576096001489994,0.9482226001489994,,,,
9.783293,927,1079.0,0.2576096001489994,0.1589506001489994,0.3562686001489994,1.0468816001489993,,,,
9.784372,927,1079.0,0.3562686001489994,0.2576096001489994,0.3562686001489994,1.1455406001489994,,,,
9.785451,927,1079.0,0.3562686001489994,0.2576096001489994,0.4549276001489994,1.2441996001489994,,,,
9.78653,927,1079.0,0.3562686001489994,0.3562686001489994,0.4549276001489994,1.2441996001489994,,,,
9.787609,927,1079.0,0.3562686001489994,0.3562686001489994,0.4549276001489994,1.2441996001489994,,,,
9.788688,927,1079.0,0.2576096001489994,0.2576096001489994,0.4549276001489994,1.2441996001489994,,,,
9.789767,927,1079.0,0.2576096001489994,0.2576096001489994,0.4549276001489994,1.2441996001489994,,,,
9.790846,927,1079.0,0.2576096001489994,0.2576096001489994,0.4549276001489994,1.1455406001489994,,,,
9.791925,927,1079.0,0.2576096001489994,0.2576096001489994,0.3562686001489994,1.0468816001489993,,,,
9.793004,927,1079.0,0.2576096001489994,0.2576096001489994,0.2576096001489994,0.9482226001489994,,,,
9.794083,927,1079.0,0.1589506001489994,0.2576096001489994,0.2576096001489994,1.0468816001489993,,,,
9.795162,927,1079.0,0.060291600148999404,0.1589506001489994,0.3562686001489994,1.0468816001489993,,,,
9.796241,927,1079.0,0.1589506001489994,0.1589506001489994,0.3562686001489994,1.1455406001489994,,,,
9.79732,927,1079.0,0.1589506001489994,0.2576096001489994,0.4549276001489994,1.2441996001489994,,,,
9.798399,927,1079.0,0.1589506001489994,0.2576096001489994,0.5535866001489994,1.3428586001489993,,,,
9.799478,927,1079.0,0.2576096001489994,0.3562686001489994,0.5535866001489994,1.4415176001489993,,,,
9.800557,927,1079.0,0.2576096001489994,0.3562686001489994,0.6522456001489993,1.5401766001489994,,,,
9.801636,927,1079.0,0.3562686001489994,0.3562686001489994,0.6522456001489993,1.6388356001489994,,,,
9.802715,927,1079.0,0.2576096001489994,0.4549276001489994,0.7509046001489994,1.8361536001489993,,,,
9.803794,927,1079.0,0.3562686001489994,0.4549276001489994,0.8495636001489993,2.0334716001489994,,,,
9.804873,927,1079.0,0.3562686001489994,0.5535866001489994,0.9482226001489994,2.1321306001489995,,,,
9.805952,927,1079.0,0.4549276001489994,0.5535866001489994,1.0468816001489993,2.1321306001489995,,,,
9.807031,927,1079.0,0.3562686001489994,0.5535866001489994,0.9482226001489994,2.0334716001489994,,,,
9.80811,927,1079.0,0.3562686001489994,0.5535866001489994,0.8495636001489993,2.0334716001489994,,,,
9.809189,927,1079.0,0.3562686001489994,0.4549276001489994,0.8495636001489993,2.0334716001489994,,,,
9.810268,927,1079.0,0.2576096001489994,0.4549276001489994,0.9482226001489994,1.9348126001489994,,,,
9.811347,927,1079.0,0.2576096001489994,0.4549276001489994,0.8495636001489993,1.8361536001489993,,,,
9.812426,927,1079.0,0.2576096001489994,0.4549276001489994,0.7509046001489994,1.7374946001489993,,,,
9.813505,927,1079.0,0.2576096001489994,0.4549276001489994,0.7509046001489994,1.7374946001489993,,,,
9.814584,927,1079.0,0.1589506001489994,0.3562686001489994,0.6522456001489993,1.6388356001489994,,,,
9.815663,927,1079.0,0.1589506001489994,0.3562686001489994,0.7509046001489994,1.6388356001489994,,,,
9.816742,927,1079.0,0.1589506001489994,0.4549276001489994,0.8495636001489993,1.8361536001489993,,,,
9.817821,927,1079.0,0.1589506001489994,0.4549276001489994,0.9482226001489994,2.0334716001489994,,,,
9.8189,927,1079.0,0.2576096001489994,0.5535866001489994,0.9482226001489994,2.0334716001489994,,,,
9.819979,927,1079.0,0.2576096001489994,0.5535866001489994,1.0468816001489993,2.1321306001489995,,,,
9.821058,927,1079.0,0.3562686001489994,0.5535866001489994,1.0468816001489993,2.2307896001489995,,,,
9.822137,927,1079.0,0.3562686001489994,0.6522456001489993,1.0468816001489993,2.329448600148999,,,,
9.823216,927,1079.0,0.3562686001489994,0.6522456001489993,1.1455406001489994,2.5267666001489992,,,,
9.824295,927,1079.0,0.4549276001489994,0.6522456001489993,1.2441996001489994,2.6254256001489993,,,,
9.825374,927,1079.0,0.4549276001489994,0.7509046001489994,1.2441996001489994,2.6254256001489993,,,,
9.826453,927,1079.0,0.4549276001489994,0.6522456001489993,1.2441996001489994,2.5267666001489992,,,,
9.827532,927,1079.0,0.3562686001489994,0.6522456001489993,1.1455406001489994,2.428107600148999,,,,
9.828611,927,1079.0,0.3562686001489994,0.6522456001489993,1.0468816001489993,2.329448600148999,,,,
9.82969,927,1079.0,0.3562686001489994,0.5535866001489994,1.0468816001489993,2.2307896001489995,,,,
9.830769,927,1079.0,0.3562686001489994,0.5535866001489994,1.0468816001489993,2.2307896001489995,,,,
9.831848,927,1079.0,0.2576096001489994,0.4549276001489994,1.0468816001489993,2.1321306001489995,,,,
9.832927,927,1079.0,0.2576096001489994,0.4549276001489994,0.9482226001489994,2.0334716001489994,,,,
9.834006,927,1079.0,0.2576096001489994,0.4549276001489994,0.8495636001489993,1.8361536001489993,,,,
9.835085,927,1079.0,0.2576096001489994,0.4549276001489994,0.8495636001489993,1.7374946001489993,,,,
9.836164,927,1079.0,0.2576096001489994,0.4549276001489994,0.9482226001489994,1.9348126001489994,,,,
9.837243,927,1079.0,0.2576096001489994,0.4549276001489994,0.9482226001489994,2.1321306001489995,,,,
9.838322,927,1079.0,0.2576096001489994,0.5535866001489994,1.0468816001489993,2.1321306001489995,,,,
9.839401,927,1079.0,0.3562686001489994,0.5535866001489994,1.0468816001489993,2.2307896001489995,,,,
9.84048,927,1079.0,0.3562686001489994,0.5535866001489994,1.0468816001489993,2.2307896001489995,,,,
9.841559,927,1079.0,0.3562686001489994,0.6522456001489993,1.0468816001489993,2.2307896001489995,,,,
9.842638,927,1079.0,0.3562686001489994,0.6522456001489993,1.0468816001489993,2.329448600148999,,,,
9.843717,927,1079.0,0.4549276001489994,0.6522456001489993,1.1455406001489994,2.5267666001489992,,,,
9.844796,927,1079.0,0.4549276001489994,0.6522456001489993,1.2441996001489994,2.5267666001489992,,,,
9.845875,927,1079.0,0.4549276001489994,0.6522456001489993,1.1455406001489994,2.428107600148999,,,,
9.846954,927,1079.0,0.4549276001489994,0.6522456001489993,1.0468816001489993,2.329448600148999,,,,
9.848033,927,1079.0,0.4549276001489994,0.5535866001489994,0.9482226001489994,2.1321306001489995,,,,
9.849112,927,1079.0,0.3562686001489994,0.4549276001489994,0.8495636001489993,2.0334716001489994,,,,
9.850191,927,1079.0,0.3562686001489994,0.4549276001489994,0.8495636001489993,1.9348126001489994,,,,
9.85127,927,1079.0,0.2576096001489994,0.4549276001489994,0.8495636001489993,1.8361536001489993,,,,
9.852349,927,1079.0,0.2576096001489994,0.3562686001489994,0.7509046001489994,1.7374946001489993,,,,
9.853428,927,1079.0,0.1589506001489994,0.3562686001489994,0.6522456001489993,1.5401766001489994,,,,
9.854507,927,1079.0,0.1589506001489994,0.2576096001489994,0.5535866001489994,1.4415176001489993,,,,
9.855586,927,1079.0,0.1589506001489994,0.3562686001489994,0.6522456001489993,1.4415176001489993,,,,
9.856665,927,1079.0,0.2576096001489994,0.3562686001489994,0.6522456001489993,1.6388356001489994,,,,
9.857744,927,1079.0,0.2576096001489994,0.3562686001489994,0.7509046001489994,1.7374946001489993,,,,
9.858823,927,1079.0,0.2576096001489994,0.3562686001489994,0.7509046001489994,1.7374946001489993,,,,
9.859902,927,1079.0,0.2576096001489994,0.4549276001489994,0.8495636001489993,1.7374946001489993,,,,
9.860981,927,1079.0,0.2576096001489994,0.4549276001489994,0.7509046001489994,1.7374946001489993,,,,
9.86206,927,1079.0,0.3562686001489994,0.4549276001489994,0.7509046001489994,1.7374946001489993,,,,
9.863139,927,1079.0,0.4549276001489994,0.4549276001489994,0.8495636001489993,1.9348126001489994,,,,
9.864218,927,1079.0,0.4549276001489994,0.5535866001489994,0.8495636001489993,1.9348126001489994,,,,
9.865297,927,1079.0,0.3562686001489994,0.4549276001489994,0.8495636001489993,1.8361536001489993,,,,
9.866376,927,1079.0,0.3562686001489994,0.4549276001489994,0.7509046001489994,1.6388356001489994,,,,
9.867455,927,1079.0,0.2576096001489994,0.3562686001489994,0.6522456001489993,1.5401766001489994,,,,
9.868534,927,1079.0,0.2576096001489994,0.3562686001489994,0.5535866001489994,1.3428586001489993,,,,
9.869613,927,1079.0,0.2576096001489994,0.2576096001489994,0.4549276001489994,1.2441996001489994,,,,
9.870692,927,1079.0,0.2576096001489994,0.2576096001489994,0.3562686001489994,1.1455406001489994,,,,
9.871771,927,1079.0,0.1589506001489994,0.1589506001489994,0.3562686001489994,0.9482226001489994,,,,
9.87285,927,1079.0,0.060291600148999404,0.1589506001489994,0.2576096001489994,0.8495636001489993,,,,
9.873929,927,1079.0,0.060291600148999404,0.060291600148999404,0.2576096001489994,0.8495636001489993,,,,
9.875008,927,1079.0,0.1589506001489994,0.1589506001489994,0.1589506001489994,0.7509046001489994,,,,
9.876087,927,1079.0,0.1589506001489994,0.060291600148999404,0.2576096001489994,0.8495636001489993,,,,
9.877166,927,1079.0,0.1589506001489994,0.1589506001489994,0.2576096001489994,0.8495636001489993,,,,
9.878245,927,1079.0,0.2576096001489994,0.1589506001489994,0.2576096001489994,0.9482226001489994,,,,
9.879324,927,1079.0,0.1589506001489994,0.1589506001489994,0.3562686001489994,1.0468816001489993,,,,
9.880403,927,1079.0,0.2576096001489994,0.1589506001489994,0.2576096001489994,0.9482226001489994,,,,
9.881482,927,1079.0,0.2576096001489994,0.1589506001489994,0.2576096001489994,0.9482226001489994,,,,
9.882561,927,1079.0,0.2576096001489994,0.2576096001489994,0.3562686001489994,1.0468816001489993,,,,
9.88364,927,1079.0,0.3562686001489994,0.2576096001489994,0.3562686001489994,1.0468816001489993,,,,
9.884719,927,1079.0,0.3562686001489994,0.2576096001489994,0.2576096001489994,0.9482226001489994,,,,
9.885798,927,1079.0,0.2576096001489994,0.2576096001489994,0.2576096001489994,0.8495636001489993,,,,
9.886877,927,1079.0,0.2576096001489994,0.1589506001489994,0.1589506001489994,0.7509046001489994,,,,
9.887956,927,1079.0,0.2576096001489994,0.060291600148999404,0.060291600148999404,0.5535866001489994,,,,
9.889035,927,1079.0,0.1589506001489994,0.060291600148999404,0.060291600148999404,0.4549276001489994,,,,
9.890114,927,1079.0,0.2576096001489994,0.060291600148999404,-0.03836739985100059,0.3562686001489994,,,,
9.891193,927,1079.0,0.1589506001489994,-0.03836739985100059,-0.1370263998510006,0.2576096001489994,,,,
9.892272,927,1079.0,0.060291600148999404,-0.1370263998510006,-0.1370263998510006,0.1589506001489994,,,,
9.893351,927,1079.0,0.060291600148999404,-0.1370263998510006,-0.2356853998510006,0.060291600148999404,,,,
9.89443,927,1079.0,0.060291600148999404,-0.1370263998510006,-0.2356853998510006,0.060291600148999404,,,,
9.895509,927,1079.0,0.060291600148999404,-0.1370263998510006,-0.2356853998510006,0.1589506001489994,,,,
9.896588,927,1079.0,0.1589506001489994,-0.03836739985100059,-0.1370263998510006,0.1589506001489994,,,,
9.897667,927,1079.0,0.1589506001489994,-0.03836739985100059,-0.1370263998510006,0.2576096001489994,,,,
9.898746,927,1079.0,0.1589506001489994,-0.03836739985100059,-0.1370263998510006,0.3562686001489994,,,,
9.899825,927,1079.0,0.1589506001489994,-0.03836739985100059,-0.03836739985100059,0.3562686001489994,,,,
9.900904,927,1079.0,0.1589506001489994,0.060291600148999404,-0.03836739985100059,0.3562686001489994,,,,
9.901983,927,1079.0,0.2576096001489994,0.060291600148999404,-0.03836739985100059,0.4549276001489994,,,,
9.903062,927,1079.0,0.2576096001489994,0.060291600148999404,0.060291600148999404,0.5535866001489994,,,,
9.904141,927,1079.0,0.3562686001489994,0.1589506001489994,-0.03836739985100059,0.4549276001489994,,,,
9.90522,927,1079.0,0.2576096001489994,0.060291600148999404,-0.03836739985100059,0.3562686001489994,,,,
9.906299,927,1079.0,0.1589506001489994,0.060291600148999404,-0.1370263998510006,0.2576096001489994,,,,
9.907378,927,1079.0,0.1589506001489994,-0.03836739985100059,-0.2356853998510006,0.1589506001489994,,,,
9.908457,927,1079.0,0.1589506001489994,-0.1370263998510006,-0.2356853998510006,0.060291600148999404,,,,
9.909536,927,1079.0,0.1589506001489994,-0.1370263998510006,-0.33434439985100056,-0.03836739985100059,,,,
9.910615,927,1079.0,0.060291600148999404,-0.1370263998510006,-0.33434439985100056,-0.2356853998510006,,,,
9.911694,927,1079.0,0.060291600148999404,-0.1370263998510006,-0.43300339985100056,-0.2356853998510006,,,,
9.912773,927,1079.0,0.060291600148999404,-0.2356853998510006,-0.5316623998510006,-0.33434439985100056,,,,
9.913852,927,1079.0,0.060291600148999404,-0.2356853998510006,-0.43300339985100056,-0.2356853998510006,,,,
9.914931,927,1079.0,0.060291600148999404,-0.2356853998510006,-0.33434439985100056,-0.1370263998510006,,,,
9.91601,927,1079.0,0.060291600148999404,-0.2356853998510006,-0.43300339985100056,-0.1370263998510006,,,,
9.917089,927,1079.0,0.1589506001489994,-0.1370263998510006,-0.33434439985100056,-0.03836739985100059,,,,
9.918168,927,1079.0,0.1589506001489994,-0.03836739985100059,-0.33434439985100056,0.060291600148999404,,,,
9.919247,927,1079.0,0.1589506001489994,-0.03836739985100059,-0.2356853998510006,0.1589506001489994,,,,
9.920326,927,1079.0,0.1589506001489994,-0.03836739985100059,-0.2356853998510006,0.1589506001489994,,,,
9.921405,927,1079.0,0.1589506001489994,-0.03836739985100059,-0.1370263998510006,0.3562686001489994,,,,
9.922484,927,1079.0,0.2576096001489994,0.060291600148999404,-0.03836739985100059,0.4549276001489994,,,,
9.923563,927,1079.0,0.2576096001489994,0.060291600148999404,-0.03836739985100059,0.4549276001489994,,,,
9.924642,927,1079.0,0.2576096001489994,0.060291600148999404,-0.03836739985100059,0.2576096001489994,,,,
9.925721,927,1079.0,0.2576096001489994,0.060291600148999404,-0.1370263998510006,0.2576096001489994,,,,
9.9268,927,1079.0,0.1589506001489994,-0.03836739985100059,-0.1370263998510006,0.1589506001489994,,,,
9.927879,927,1079.0,0.1589506001489994,-0.1370263998510006,-0.2356853998510006,0.1589506001489994,,,,
9.928958,927,1079.0,0.060291600148999404,-0.1370263998510006,-0.2356853998510006,0.1589506001489994,,,,
9.930037,927,1079.0,0.060291600148999404,-0.1370263998510006,-0.2356853998510006,-0.03836739985100059,,,,
9.931116,927,1079.0,0.060291600148999404,-0.1370263998510006,-0.33434439985100056,-0.03836739985100059,,,,
9.932195,927,1079.0,0.060291600148999404,-0.2356853998510006,-0.43300339985100056,-0.1370263998510006,,,,
9.933274,927,1079.0,0.060291600148999404,-0.1370263998510006,-0.43300339985100056,-0.03836739985100059,,,,
9.934353,927,1079.0,0.060291600148999404,-0.1370263998510006,-0.33434439985100056,0.060291600148999404,,,,
9.935432,927,1079.0,0.060291600148999404,-0.1370263998510006,-0.2356853998510006,0.2576096001489994,,,,
9.936511,927,1079.0,0.1589506001489994,-0.03836739985100059,-0.1370263998510006,0.2576096001489994,,,,
9.93759,927,1079.0,0.1589506001489994,-0.03836739985100059,-0.03836739985100059,0.3562686001489994,,,,
9.938669,927,1079.0,0.2576096001489994,0.060291600148999404,0.060291600148999404,0.4549276001489994,,,,
9.939748,927,1079.0,0.1589506001489994,0.060291600148999404,0.060291600148999404,0.5535866001489994,,,,
9.940827,927,1079.0,0.2576096001489994,0.060291600148999404,0.1589506001489994,0.7509046001489994,,,,
9.941906,927,1079.0,0.2576096001489994,0.1589506001489994,0.1589506001489994,0.8495636001489993,,,,
9.942985,927,1079.0,0.2576096001489994,0.1589506001489994,0.2576096001489994,0.9482226001489994,,,,
9.944064,927,1079.0,0.2576096001489994,0.2576096001489994,0.2576096001489994,0.8495636001489993,,,,
9.945143,927,1079.0,0.2576096001489994,0.1589506001489994,0.1589506001489994,0.7509046001489994,,,,
9.946222,927,1079.0,0.2576096001489994,0.1589506001489994,0.1589506001489994,0.6522456001489993,,,,
9.947301,927,1079.0,0.1589506001489994,0.060291600148999404,0.060291600148999404,0.6522456001489993,,,,
9.94838,927,1079.0,0.1589506001489994,0.060291600148999404,0.1589506001489994,0.6522456001489993,,,,
9.949459,927,1079.0,0.1589506001489994,0.060291600148999404,0.060291600148999404,0.6522456001489993,,,,
9.950538,927,1079.0,0.1589506001489994,0.060291600148999404,0.060291600148999404,0.5535866001489994,,,,
9.951617,927,1079.0,0.060291600148999404,0.060291600148999404,-0.03836739985100059,0.4549276001489994,,,,
9.952696,927,1079.0,0.060291600148999404,-0.03836739985100059,-0.03836739985100059,0.4549276001489994,,,,
9.953775,927,1079.0,0.060291600148999404,0.060291600148999404,0.060291600148999404,0.6522456001489993,,,,
9.954854,927,1079.0,0.1589506001489994,0.060291600148999404,0.1589506001489994,0.8495636001489993,,,,
9.955933,927,1079.0,0.1589506001489994,0.1589506001489994,0.2576096001489994,0.9482226001489994,,,,
9.957012,927,1079.0,0.1589506001489994,0.1589506001489994,0.3562686001489994,1.0468816001489993,,,,
9.958091,927,1079.0,0.2576096001489994,0.2576096001489994,0.3562686001489994,1.1455406001489994,,,,
9.95917,927,1079.0,0.2576096001489994,0.3562686001489994,0.4549276001489994,1.2441996001489994,,,,
9.960249,927,1079.0,0.2576096001489994,0.2576096001489994,0.4549276001489994,1.3428586001489993,,,,
9.961328,927,1079.0,0.3562686001489994,0.3562686001489994,0.6522456001489993,1.6388356001489994,,,,
9.962407,927,1079.0,0.3562686001489994,0.4549276001489994,0.6522456001489993,1.7374946001489993,,,,
9.963486,927,1079.0,0.3562686001489994,0.4549276001489994,0.6522456001489993,1.6388356001489994,,,,
9.964565,927,1079.0,0.3562686001489994,0.3562686001489994,0.6522456001489993,1.5401766001489994,,,,
9.965644,927,1079.0,0.3562686001489994,0.3562686001489994,0.5535866001489994,1.4415176001489993,,,,
9.966723,927,1079.0,0.2576096001489994,0.3562686001489994,0.5535866001489994,1.4415176001489993,,,,
9.967802,927,1079.0,0.2576096001489994,0.3562686001489994,0.5535866001489994,1.4415176001489993,,,,
9.968881,927,1079.0,0.2576096001489994,0.2576096001489994,0.5535866001489994,1.3428586001489993,,,,
9.96996,927,1079.0,0.2576096001489994,0.2576096001489994,0.5535866001489994,1.3428586001489993,,,,
9.971039,927,1079.0,0.1589506001489994,0.2576096001489994,0.4549276001489994,1.2441996001489994,,,,
9.972118,927,1079.0,0.1589506001489994,0.2576096001489994,0.4549276001489994,1.2441996001489994,,,,
9.973197,927,1079.0,0.1589506001489994,0.2576096001489994,0.5535866001489994,1.3428586001489993,,,,
9.974276,927,1079.0,0.2576096001489994,0.2576096001489994,0.5535866001489994,1.5401766001489994,,,,
9.975355,927,1079.0,0.2576096001489994,0.3562686001489994,0.7509046001489994,1.6388356001489994,,,,
9.976434,927,1079.0,0.2576096001489994,0.3562686001489994,0.7509046001489994,1.8361536001489993,,,,
9.977513,927,1079.0,0.2576096001489994,0.4549276001489994,0.8495636001489993,1.8361536001489993,,,,
9.978592,927,1079.0,0.3562686001489994,0.4549276001489994,0.8495636001489993,2.0334716001489994,,,,
9.979671,927,1079.0,0.3562686001489994,0.4549276001489994,0.8495636001489993,2.0334716001489994,,,,
9.98075,927,1079.0,0.4549276001489994,0.5535866001489994,1.0468816001489993,2.2307896001489995,,,,
9.981829,927,1079.0,0.4549276001489994,0.6522456001489993,1.0468816001489993,2.329448600148999,,,,
9.982908,927,1079.0,0.4549276001489994,0.5535866001489994,1.1455406001489994,2.329448600148999,,,,
9.983987,927,1079.0,0.4549276001489994,0.5535866001489994,1.0468816001489993,2.329448600148999,,,,
9.985066,927,1079.0,0.3562686001489994,0.5535866001489994,1.0468816001489993,2.2307896001489995,,,,
9.986145,927,1079.0,0.3562686001489994,0.4549276001489994,1.0468816001489993,2.0334716001489994,,,,
9.987224,927,1079.0,0.3562686001489994,0.5535866001489994,0.9482226001489994,2.0334716001489994,,,,
9.988303,927,1079.0,0.2576096001489994,0.4549276001489994,0.8495636001489993,2.0334716001489994,,,,
9.989382,927,1079.0,0.2576096001489994,0.4549276001489994,0.9482226001489994,1.9348126001489994,,,,
9.990461,927,1079.0,0.2576096001489994,0.4549276001489994,0.8495636001489993,1.9348126001489994,,,,
9.99154,927,1079.0,0.1589506001489994,0.4549276001489994,0.8495636001489993,1.7374946001489993,,,,
9.992619,927,1079.0,0.1589506001489994,0.3562686001489994,0.8495636001489993,1.8361536001489993,,,,
9.993698,927,1079.0,0.2576096001489994,0.4549276001489994,0.9482226001489994,2.0334716001489994,,,,
9.994777,927,1079.0,0.2576096001489994,0.5535866001489994,1.0468816001489993,2.1321306001489995,,,,
9.995856,927,1079.0,0.2576096001489994,0.5535866001489994,1.0468816001489993,2.2307896001489995,,,,
9.996935,927,1079.0,0.3562686001489994,0.5535866001489994,1.0468816001489993,2.329448600148999,,,,
9.998014,927,1079.0,0.3562686001489994,0.5535866001489994,1.1455406001489994,2.329448600148999,,,,
9.999093,927,1079.0,0.3562686001489994,0.5535866001489994,1.1455406001489994,2.428107600148999,,,,
10.000172,927,1079.0,0.3562686001489994,0.6522456001489993,1.2441996001489994,2.5267666001489992,,,,
10.001251,927,1079.0,0.4549276001489994,0.6522456001489993,1.3428586001489993,2.6254256001489993,,,,
10.00233,927,1079.0,0.4549276001489994,0.7509046001489994,1.2441996001489994,2.6254256001489993,,,,
10.003409,927,1079.0,0.3562686001489994,0.6522456001489993,1.2441996001489994,2.5267666001489992,,,,
10.004488,927,1079.0,0.3562686001489994,0.6522456001489993,1.1455406001489994,2.428107600148999,,,,
10.005567,927,1079.0,0.2576096001489994,0.5535866001489994,1.1455406001489994,2.329448600148999,,,,
10.006646,927,1079.0,0.2576096001489994,0.5535866001489994,1.0468816001489993,2.1321306001489995,,,,
10.007725,927,1079.0,0.2576096001489994,0.5535866001489994,0.9482226001489994,2.0334716001489994,,,,
10.008804,927,1079.0,0.2576096001489994,0.4549276001489994,0.8495636001489993,1.9348126001489994,,,,
10.009883,927,1079.0,0.2576096001489994,0.4549276001489994,0.8495636001489993,1.9348126001489994,,,,
10.010962,927,1079.0,0.2576096001489994,0.3562686001489994,0.8495636001489993,1.8361536001489993,,,,
10.012041,927,1079.0,0.1589506001489994,0.4549276001489994,0.8495636001489993,1.8361536001489993,,,,
10.01312,927,1079.0,0.2576096001489994,0.3562686001489994,0.8495636001489993,1.9348126001489994,,,,
10.014199,927,1079.0,0.2576096001489994,0.4549276001489994,0.9482226001489994,1.9348126001489994,,,,
10.015278,927,1079.0,0.3562686001489994,0.4549276001489994,0.9482226001489994,2.0334716001489994,,,,
10.016357,927,1079.0,0.2576096001489994,0.5535866001489994,0.9482226001489994,2.1321306001489995,,,,
10.017436,927,1079.0,0.3562686001489994,0.4549276001489994,1.0468816001489993,2.2307896001489995,,,,
10.018515,927,1079.0,0.3562686001489994,0.5535866001489994,0.9482226001489994,2.2307896001489995,,,,
10.019594,927,1079.0,0.3562686001489994,0.5535866001489994,1.0468816001489993,2.329448600148999,,,,
10.020673,927,1079.0,0.4549276001489994,0.6522456001489993,1.0468816001489993,2.329448600148999,,,,
10.021752,927,1079.0,0.4549276001489994,0.6522456001489993,1.0468816001489993,2.329448600148999,,,,
10.022831,927,1079.0,0.4549276001489994,0.5535866001489994,0.9482226001489994,2.1321306001489995,,,,
10.02391,927,1079.0,0.3562686001489994,0.5535866001489994,0.9482226001489994,2.0334716001489994,,,,
10.024989,927,1079.0,0.2576096001489994,0.4549276001489994,0.8495636001489993,1.8361536001489993,,,,
10.026068,927,1079.0,0.2576096001489994,0.4549276001489994,0.8495636001489993,1.7374946001489993,,,,
10.027147,927,1079.0,0.2576096001489994,0.3562686001489994,0.7509046001489994,1.7374946001489993,,,,
10.028226,927,1079.0,0.2576096001489994,0.3562686001489994,0.6522456001489993,1.5401766001489994,,,,
10.029305,927,1079.0,0.1589506001489994,0.3562686001489994,0.5535866001489994,1.3428586001489993,,,,
10.030384,927,1079.0,0.1589506001489994,0.2576096001489994,0.4549276001489994,1.2441996001489994,,,,
10.031463,927,1079.0,0.1589506001489994,0.2576096001489994,0.4549276001489994,1.2441996001489994,,,,
10.032542,927,1079.0,0.1589506001489994,0.2576096001489994,0.5535866001489994,1.3428586001489993,,,,
10.033621,927,1079.0,0.1589506001489994,0.2576096001489994,0.5535866001489994,1.3428586001489993,,,,
10.0347,927,1079.0,0.2576096001489994,0.3562686001489994,0.5535866001489994,1.3428586001489993,,,,
10.035779,927,1079.0,0.2576096001489994,0.3562686001489994,0.6522456001489993,1.4415176001489993,,,,
10.036858,927,1079.0,0.2576096001489994,0.3562686001489994,0.5535866001489994,1.4415176001489993,,,,
10.037937,927,1079.0,0.2576096001489994,0.3562686001489994,0.6522456001489993,1.4415176001489993,,,,
10.039016,927,1079.0,0.3562686001489994,0.3562686001489994,0.6522456001489993,1.5401766001489994,,,,
10.040095,927,1079.0,0.3562686001489994,0.3562686001489994,0.6522456001489993,1.6388356001489994,,,,
10.041174,927,1079.0,0.3562686001489994,0.4549276001489994,0.6522456001489993,1.5401766001489994,,,,
10.042253,927,1079.0,0.3562686001489994,0.3562686001489994,0.5535866001489994,1.4415176001489993,,,,
10.043332,927,1079.0,0.3562686001489994,0.3562686001489994,0.5535866001489994,1.2441996001489994,,,,
10.044411,927,1079.0,0.2576096001489994,0.2576096001489994,0.3562686001489994,1.1455406001489994,,,,
10.04549,927,1079.0,0.2576096001489994,0.1589506001489994,0.3562686001489994,1.0468816001489993,,,,
10.046569,927,1079.0,0.2576096001489994,0.1589506001489994,0.2576096001489994,0.9482226001489994,,,,
10.047648,927,1079.0,0.1589506001489994,0.1589506001489994,0.1589506001489994,0.8495636001489993,,,,
10.048727,927,1079.0,0.060291600148999404,0.060291600148999404,0.1589506001489994,0.6522456001489993,,,,
10.049806,927,1079.0,0.060291600148999404,0.060291600148999404,0.060291600148999404,0.4549276001489994,,,,
10.050885,927,1079.0,0.060291600148999404,0.060291600148999404,-0.03836739985100059,0.4549276001489994,,,,
10.051964,927,1079.0,0.060291600148999404,0.060291600148999404,-0.03836739985100059,0.5535866001489994,,,,
10.053043,927,1079.0,0.1589506001489994,0.060291600148999404,0.060291600148999404,0.6522456001489993,,,,
10.054122,927,1079.0,0.1589506001489994,0.060291600148999404,0.060291600148999404,0.6522456001489993,,,,
10.055201,927,1079.0,0.1589506001489994,0.060291600148999404,0.1589506001489994,0.6522456001489993,,,,
10.05628,927,1079.0,0.2576096001489994,0.1589506001489994,0.1589506001489994,0.7509046001489994,,,,
10.057359,927,1079.0,0.2576096001489994,0.1589506001489994,0.1589506001489994,0.6522456001489993,,,,
10.058438,927,1079.0,0.2576096001489994,0.1589506001489994,0.1589506001489994,0.7509046001489994,,,,
10.059517,927,1079.0,0.2576096001489994,0.1589506001489994,0.2576096001489994,0.8495636001489993,,,,
10.060596,927,1079.0,0.3562686001489994,0.1589506001489994,0.2576096001489994,0.9482226001489994,,,,
10.061675,927,1079.0,0.2576096001489994,0.1589506001489994,0.1589506001489994,0.7509046001489994,,,,
10.062754,927,1079.0,0.2576096001489994,0.1589506001489994,0.060291600148999404,0.5535866001489994,,,,
10.063833,927,1079.0,0.2576096001489994,0.1589506001489994,-0.03836739985100059,0.4549276001489994,,,,
10.064912,927,1079.0,0.2576096001489994,0.060291600148999404,-0.03836739985100059,0.3562686001489994,,,,
10.065991,927,1079.0,0.1589506001489994,0.060291600148999404,-0.1370263998510006,0.2576096001489994,,,,
10.06707,927,1079.0,0.1589506001489994,-0.1370263998510006,-0.1370263998510006,0.2576096001489994,,,,
10.068149,927,1079.0,0.060291600148999404,-0.03836739985100059,-0.2356853998510006,0.060291600148999404,,,,
10.069228,927,1079.0,0.060291600148999404,-0.1370263998510006,-0.33434439985100056,-0.03836739985100059,,,,
10.070307,927,1079.0,0.060291600148999404,-0.2356853998510006,-0.33434439985100056,-0.1370263998510006,,,,
10.071386,927,1079.0,0.060291600148999404,-0.1370263998510006,-0.33434439985100056,-0.1370263998510006,,,,
10.072465,927,1079.0,0.060291600148999404,-0.1370263998510006,-0.2356853998510006,-0.03836739985100059,,,,
10.073544,927,1079.0,0.060291600148999404,-0.1370263998510006,-0.2356853998510006,0.060291600148999404,,,,
10.074623,927,1079.0,0.1589506001489994,-0.1370263998510006,-0.2356853998510006,0.1589506001489994,,,,
10.075702,927,1079.0,0.1589506001489994,-0.03836739985100059,-0.1370263998510006,0.1589506001489994,,,,
10.076781,927,1079.0,0.1589506001489994,-0.03836739985100059,-0.1370263998510006,0.2576096001489994,,,,
10.07786,927,1079.0,0.1589506001489994,-0.03836739985100059,-0.1370263998510006,0.2576096001489994,,,,
10.078939,927,1079.0,0.2576096001489994,0.060291600148999404,-0.03836739985100059,0.3562686001489994,,,,
10.080018,927,1079.0,0.2576096001489994,0.060291600148999404,-0.03836739985100059,0.4549276001489994,,,,
10.081097,927,1079.0,0.2576096001489994,0.060291600148999404,-0.03836739985100059,0.3562686001489994,,,,
10.082176,927,1079.0,0.2576096001489994,-0.03836739985100059,-0.1370263998510006,0.3562686001489994,,,,
10.083255,927,1079.0,0.1589506001489994,-0.03836739985100059,-0.1370263998510006,0.1589506001489994,,,,
10.084334,927,1079.0,0.1589506001489994,-0.03836739985100059,-0.33434439985100056,0.060291600148999404,,,,
10.085413,927,1079.0,0.1589506001489994,-0.03836739985100059,-0.33434439985100056,-0.03836739985100059,,,,
10.086492,927,1079.0,0.1589506001489994,-0.1370263998510006,-0.33434439985100056,-0.03836739985100059,,,,
10.087571,927,1079.0,0.060291600148999404,-0.1370263998510006,-0.33434439985100056,-0.1370263998510006,,,,
10.08865,927,1079.0,0.060291600148999404,-0.2356853998510006,-0.43300339985100056,-0.2356853998510006,,,,
10.089729,927,1079.0,0.060291600148999404,-0.2356853998510006,-0.5316623998510006,-0.2356853998510006,,,,
10.090808,927,1079.0,0.060291600148999404,-0.1370263998510006,-0.43300339985100056,-0.2356853998510006,,,,
10.091887,927,1079.0,0.060291600148999404,-0.1370263998510006,-0.33434439985100056,-0.1370263998510006,,,,
10.092966,927,1079.0,0.060291600148999404,-0.1370263998510006,-0.33434439985100056,-0.03836739985100059,,,,
10.094045,927,1079.0,0.1589506001489994,-0.1370263998510006,-0.2356853998510006,0.060291600148999404,,,,
10.095124,927,1079.0,0.1589506001489994,-0.03836739985100059,-0.2356853998510006,0.2576096001489994,,,,
10.096203,927,1079.0,0.1589506001489994,-0.03836739985100059,-0.1370263998510006,0.2576096001489994,,,,
10.097282,927,1079.0,0.1589506001489994,-0.03836739985100059,-0.1370263998510006,0.2576096001489994,,,,
10.098361,927,1079.0,0.2576096001489994,0.060291600148999404,-0.03836739985100059,0.4549276001489994,,,,
10.09944,927,1079.0,0.2576096001489994,0.1589506001489994,0.060291600148999404,0.5535866001489994,,,,
10.100519,927,1079.0,0.3562686001489994,0.060291600148999404,0.060291600148999404,0.5535866001489994,,,,
10.101598,927,1079.0,0.2576096001489994,0.060291600148999404,-0.03836739985100059,0.4549276001489994,,,,
10.102677,927,1079.0,0.2576096001489994,-0.03836739985100059,-0.03836739985100059,0.4549276001489994,,,,
10.103756,927,1079.0,0.2576096001489994,-0.03836739985100059,-0.1370263998510006,0.2576096001489994,,,,
10.104835,927,1079.0,0.1589506001489994,-0.03836739985100059,-0.1370263998510006,0.2576096001489994,,,,
10.105914,927,1079.0,0.1589506001489994,-0.03836739985100059,-0.1370263998510006,0.1589506001489994,,,,
10.106993,927,1079.0,0.1589506001489994,-0.03836739985100059,-0.2356853998510006,0.1589506001489994,,,,
10.108072,927,1079.0,0.1589506001489994,-0.1370263998510006,-0.2356853998510006,0.1589506001489994,,,,
10.109151,927,1079.0,0.060291600148999404,-0.1370263998510006,-0.2356853998510006,0.1589506001489994,,,,
10.11023,927,1079.0,0.060291600148999404,-0.1370263998510006,-0.2356853998510006,0.1589506001489994,,,,
10.111309,927,1079.0,0.060291600148999404,-0.03836739985100059,-0.1370263998510006,0.2576096001489994,,,,
10.112388,927,1079.0,0.1589506001489994,0.060291600148999404,-0.03836739985100059,0.3562686001489994,,,,
10.113467,927,1079.0,0.1589506001489994,0.060291600148999404,0.060291600148999404,0.5535866001489994,,,,
10.114546,927,1079.0,0.1589506001489994,0.060291600148999404,0.060291600148999404,0.6522456001489993,,,,
10.115625,927,1079.0,0.1589506001489994,0.060291600148999404,0.1589506001489994,0.7509046001489994,,,,
10.116704,927,1079.0,0.2576096001489994,0.1589506001489994,0.1589506001489994,0.8495636001489993,,,,
10.117783,927,1079.0,0.2576096001489994,0.2576096001489994,0.3562686001489994,1.0468816001489993,,,,
10.118862,927,1079.0,0.3562686001489994,0.2576096001489994,0.3562686001489994,1.1455406001489994,,,,
10.119941,927,1079.0,0.3562686001489994,0.2576096001489994,0.3562686001489994,1.1455406001489994,,,,
10.12102,927,1079.0,0.3562686001489994,0.2576096001489994,0.3562686001489994,1.0468816001489993,,,,
10.122099,927,1079.0,0.2576096001489994,0.2576096001489994,0.3562686001489994,1.0468816001489993,,,,
10.123178,927,1079.0,0.2576096001489994,0.2576096001489994,0.3562686001489994,1.0468816001489993,,,,
10.124257,927,1079.0,0.2576096001489994,0.1589506001489994,0.3562686001489994,0.9482226001489994,,,,
10.125336,927,1079.0,0.2576096001489994,0.1589506001489994,0.2576096001489994,0.9482226001489994,,,,
10.126415,927,1079.0,0.1589506001489994,0.1589506001489994,0.2576096001489994,0.7509046001489994,,,,
10.127494,927,1079.0,0.1589506001489994,0.1589506001489994,0.2576096001489994,0.8495636001489993,,,,
10.128573,927,1079.0,0.1589506001489994,0.060291600148999404,0.2576096001489994,0.7509046001489994,,,,
10.129652,927,1079.0,0.060291600148999404,0.060291600148999404,0.2576096001489994,0.9482226001489994,,,,
10.130731,927,1079.0,0.060291600148999404,0.1589506001489994,0.2576096001489994,1.0468816001489993,,,,
10.13181,927,1079.0,0.1589506001489994,0.1589506001489994,0.3562686001489994,1.1455406001489994,,,,
10.132889,927,1079.0,0.1589506001489994,0.2576096001489994,0.4549276001489994,1.2441996001489994,,,,
10.133968,927,1079.0,0.2576096001489994,0.2576096001489994,0.4549276001489994,1.3428586001489993,,,,
10.135047,927,1079.0,0.2576096001489994,0.3562686001489994,0.5535866001489994,1.4415176001489993,,,,
10.136126,927,1079.0,0.2576096001489994,0.3562686001489994,0.6522456001489993,1.5401766001489994,,,,
10.137205,927,1079.0,0.3562686001489994,0.3562686001489994,0.7509046001489994,1.8361536001489993,,,,
10.138284,927,1079.0,0.3562686001489994,0.5535866001489994,0.8495636001489993,1.9348126001489994,,,,
10.139363,927,1079.0,0.3562686001489994,0.5535866001489994,0.8495636001489993,1.9348126001489994,,,,
10.140442,927,1079.0,0.3562686001489994,0.5535866001489994,0.7509046001489994,1.8361536001489993,,,,
10.141521,927,1079.0,0.3562686001489994,0.4549276001489994,0.7509046001489994,1.7374946001489993,,,,
10.1426,927,1079.0,0.2576096001489994,0.4549276001489994,0.7509046001489994,1.7374946001489993,,,,
10.143679,927,1079.0,0.2576096001489994,0.4549276001489994,0.7509046001489994,1.7374946001489993,,,,
10.144758,927,1079.0,0.2576096001489994,0.3562686001489994,0.7509046001489994,1.6388356001489994,,,,
10.145837,927,1079.0,0.2576096001489994,0.3562686001489994,0.6522456001489993,1.5401766001489994,,,,
10.146916,927,1079.0,0.1589506001489994,0.3562686001489994,0.6522456001489993,1.5401766001489994,,,,
10.147995,927,1079.0,0.1589506001489994,0.3562686001489994,0.6522456001489993,1.4415176001489993,,,,
10.149074,927,1079.0,0.1589506001489994,0.2576096001489994,0.6522456001489993,1.5401766001489994,,,,
10.150153,927,1079.0,0.1589506001489994,0.2576096001489994,0.7509046001489994,1.6388356001489994,,,,
10.151232,927,1079.0,0.1589506001489994,0.3562686001489994,0.8495636001489993,1.8361536001489993,,,,
10.152311,927,1079.0,0.2576096001489994,0.4549276001489994,0.8495636001489993,1.9348126001489994,,,,
10.15339,927,1079.0,0.3562686001489994,0.5535866001489994,0.8495636001489993,2.0334716001489994,,,,
10.154469,927,1079.0,0.3562686001489994,0.5535866001489994,0.9482226001489994,2.1321306001489995,,,,
10.155548,927,1079.0,0.3562686001489994,0.5535866001489994,0.9482226001489994,2.1321306001489995,,,,
10.156627,927,1079.0,0.3562686001489994,0.6522456001489993,1.0468816001489993,2.329448600148999,,,,
10.157706,927,1079.0,0.4549276001489994,0.6522456001489993,1.2441996001489994,2.5267666001489992,,,,
10.158785,927,1079.0,0.4549276001489994,0.6522456001489993,1.2441996001489994,2.5267666001489992,,,,
10.159864,927,1079.0,0.4549276001489994,0.7509046001489994,1.1455406001489994,2.428107600148999,,,,
10.160943,927,1079.0,0.4549276001489994,0.6522456001489993,1.1455406001489994,2.329448600148999,,,,
10.162022,927,1079.0,0.3562686001489994,0.5535866001489994,1.0468816001489993,2.2307896001489995,,,,
10.163101,927,1079.0,0.2576096001489994,0.5535866001489994,0.9482226001489994,2.1321306001489995,,,,
10.16418,927,1079.0,0.2576096001489994,0.5535866001489994,1.0468816001489993,2.1321306001489995,,,,
10.165259,927,1079.0,0.2576096001489994,0.4549276001489994,0.9482226001489994,2.0334716001489994,,,,
10.166338,927,1079.0,0.2576096001489994,0.3562686001489994,0.8495636001489993,2.0334716001489994,,,,
10.167417,927,1079.0,0.1589506001489994,0.3562686001489994,0.8495636001489993,1.8361536001489993,,,,
10.168496,927,1079.0,0.1589506001489994,0.4549276001489994,0.8495636001489993,1.8361536001489993,,,,
10.169575,927,1079.0,0.1589506001489994,0.4549276001489994,0.8495636001489993,1.9348126001489994,,,,
10.170654,927,1079.0,0.2576096001489994,0.4549276001489994,0.9482226001489994,2.1321306001489995,,,,
10.171733,927,1079.0,0.2576096001489994,0.4549276001489994,1.0468816001489993,2.2307896001489995,,,,
10.172812,927,1079.0,0.2576096001489994,0.5535866001489994,1.0468816001489993,2.329448600148999,,,,
10.173891,927,1079.0,0.3562686001489994,0.5535866001489994,1.1455406001489994,2.2307896001489995,,,,
10.17497,927,1079.0,0.3562686001489994,0.6522456001489993,1.0468816001489993,2.329448600148999,,,,
10.176049,927,1079.0,0.3562686001489994,0.6522456001489993,1.1455406001489994,2.329448600148999,,,,
10.177128,927,1079.0,0.4549276001489994,0.6522456001489993,1.2441996001489994,2.5267666001489992,,,,
10.178207,927,1079.0,0.4549276001489994,0.7509046001489994,1.2441996001489994,2.6254256001489993,,,,
10.179286,927,1079.0,0.4549276001489994,0.6522456001489993,1.2441996001489994,2.5267666001489992,,,,
10.180365,927,1079.0,0.4549276001489994,0.6522456001489993,1.1455406001489994,2.428107600148999,,,,
10.181444,927,1079.0,0.3562686001489994,0.5535866001489994,1.0468816001489993,2.2307896001489995,,,,
10.182523,927,1079.0,0.3562686001489994,0.5535866001489994,0.9482226001489994,2.1321306001489995,,,,
10.183602,927,1079.0,0.2576096001489994,0.5535866001489994,0.9482226001489994,2.0334716001489994,,,,
10.184681,927,1079.0,0.2576096001489994,0.4549276001489994,0.8495636001489993,1.9348126001489994,,,,
10.18576,927,1079.0,0.2576096001489994,0.4549276001489994,0.7509046001489994,1.7374946001489993,,,,
10.186839,927,1079.0,0.2576096001489994,0.3562686001489994,0.7509046001489994,1.7374946001489993,,,,
10.187918,927,1079.0,0.1589506001489994,0.3562686001489994,0.6522456001489993,1.6388356001489994,,,,
10.188997,927,1079.0,0.1589506001489994,0.3562686001489994,0.7509046001489994,1.5401766001489994,,,,
10.190076,927,1079.0,0.2576096001489994,0.4549276001489994,0.7509046001489994,1.6388356001489994,,,,
10.191155,927,1079.0,0.2576096001489994,0.4549276001489994,0.7509046001489994,1.8361536001489993,,,,
10.192234,927,1079.0,0.2576096001489994,0.4549276001489994,0.8495636001489993,1.9348126001489994,,,,
10.193313,927,1079.0,0.2576096001489994,0.4549276001489994,0.8495636001489993,1.9348126001489994,,,,
10.194392,927,1079.0,0.3562686001489994,0.4549276001489994,0.8495636001489993,1.9348126001489994,,,,
10.195471,927,1079.0,0.3562686001489994,0.5535866001489994,0.8495636001489993,1.9348126001489994,,,,
10.19655,927,1079.0,0.3562686001489994,0.5535866001489994,0.9482226001489994,2.0334716001489994,,,,
10.197629,927,1079.0,0.4549276001489994,0.5535866001489994,0.9482226001489994,2.1321306001489995,,,,
10.198708,927,1079.0,0.4549276001489994,0.5535866001489994,0.8495636001489993,2.0334716001489994,,,,
10.199787,927,1079.0,0.3562686001489994,0.4549276001489994,0.8495636001489993,1.8361536001489993,,,,
10.200866,927,1079.0,0.2576096001489994,0.4549276001489994,0.7509046001489994,1.7374946001489993,,,,
10.201945,927,1079.0,0.2576096001489994,0.3562686001489994,0.6522456001489993,1.5401766001489994,,,,
10.203024,927,1079.0,0.2576096001489994,0.3562686001489994,0.5535866001489994,1.4415176001489993,,,,
10.204103,927,1079.0,0.1589506001489994,0.3562686001489994,0.5535866001489994,1.3428586001489993,,,,
10.205182,927,1079.0,0.1589506001489994,0.2576096001489994,0.4549276001489994,1.1455406001489994,,,,
10.206261,927,1079.0,0.1589506001489994,0.1589506001489994,0.3562686001489994,1.1455406001489994,,,,
10.20734,927,1079.0,0.060291600148999404,0.1589506001489994,0.2576096001489994,0.9482226001489994,,,,
10.208419,927,1079.0,0.060291600148999404,0.1589506001489994,0.3562686001489994,0.9482226001489994,,,,
10.209498,927,1079.0,0.1589506001489994,0.2576096001489994,0.3562686001489994,1.0468816001489993,,,,
10.210577,927,1079.0,0.1589506001489994,0.1589506001489994,0.3562686001489994,1.0468816001489993,,,,
10.211656,927,1079.0,0.2576096001489994,0.2576096001489994,0.3562686001489994,1.1455406001489994,,,,
10.212735,927,1079.0,0.2576096001489994,0.2576096001489994,0.3562686001489994,1.1455406001489994,,,,
10.213814,927,1079.0,0.2576096001489994,0.2576096001489994,0.3562686001489994,1.2441996001489994,,,,
10.214893,927,1079.0,0.2576096001489994,0.2576096001489994,0.4549276001489994,1.1455406001489994,,,,
10.215972,927,1079.0,0.2576096001489994,0.2576096001489994,0.4549276001489994,1.2441996001489994,,,,
10.217051,927,1079.0,0.4549276001489994,0.3562686001489994,0.5535866001489994,1.2441996001489994,,,,
10.21813,927,1079.0,0.3562686001489994,0.3562686001489994,0.4549276001489994,1.1455406001489994,,,,
10.219209,927,1079.0,0.3562686001489994,0.2576096001489994,0.3562686001489994,1.0468816001489993,,,,
10.220288,927,1079.0,0.2576096001489994,0.1589506001489994,0.2576096001489994,0.9482226001489994,,,,
10.221367,927,1079.0,0.2576096001489994,0.1589506001489994,0.2576096001489994,0.8495636001489993,,,,
10.222446,927,1079.0,0.2576096001489994,0.1589506001489994,0.060291600148999404,0.6522456001489993,,,,
10.223525,927,1079.0,0.2576096001489994,0.060291600148999404,0.060291600148999404,0.5535866001489994,,,,
10.224604,927,1079.0,0.1589506001489994,0.060291600148999404,-0.03836739985100059,0.4549276001489994,,,,
10.225683,927,1079.0,0.1589506001489994,0.060291600148999404,-0.03836739985100059,0.3562686001489994,,,,
10.226762,927,1079.0,0.060291600148999404,-0.03836739985100059,-0.1370263998510006,0.2576096001489994,,,,
10.227841,927,1079.0,0.060291600148999404,-0.03836739985100059,-0.1370263998510006,0.2576096001489994,,,,
10.22892,927,1079.0,0.060291600148999404,-0.03836739985100059,-0.1370263998510006,0.3562686001489994,,,,
10.229999,927,1079.0,0.060291600148999404,-0.03836739985100059,-0.03836739985100059,0.3562686001489994,,,,
10.231078,927,1079.0,0.1589506001489994,0.060291600148999404,-0.03836739985100059,0.3562686001489994,,,,
10.232157,927,1079.0,0.1589506001489994,0.060291600148999404,-0.03836739985100059,0.4549276001489994,,,,
10.233236,927,1079.0,0.1589506001489994,0.060291600148999404,-0.03836739985100059,0.4549276001489994,,,,
10.234315,927,1079.0,0.1589506001489994,0.060291600148999404,0.060291600148999404,0.5535866001489994,,,,
10.235394,927,1079.0,0.2576096001489994,0.060291600148999404,0.060291600148999404,0.6522456001489993,,,,
10.236473,927,1079.0,0.2576096001489994,0.1589506001489994,0.1589506001489994,0.6522456001489993,,,,
10.237552,927,1079.0,0.2576096001489994,0.1589506001489994,0.060291600148999404,0.5535866001489994,,,,
10.238631,927,1079.0,0.2576096001489994,0.1589506001489994,-0.03836739985100059,0.4549276001489994,,,,
10.23971,927,1079.0,0.2576096001489994,0.060291600148999404,-0.03836739985100059,0.3562686001489994,,,,
10.240789,927,1079.0,0.1589506001489994,-0.03836739985100059,-0.1370263998510006,0.2576096001489994,,,,
10.241868,927,1079.0,0.1589506001489994,-0.03836739985100059,-0.1370263998510006,0.1589506001489994,,,,
10.242947,927,1079.0,0.1589506001489994,-0.03836739985100059,-0.33434439985100056,0.060291600148999404,,,,
10.244026,927,1079.0,0.060291600148999404,-0.1370263998510006,-0.33434439985100056,-0.03836739985100059,,,,
10.245105,927,1079.0,0.060291600148999404,-0.1370263998510006,-0.43300339985100056,-0.1370263998510006,,,,
10.246184,927,1079.0,0.060291600148999404,-0.2356853998510006,-0.43300339985100056,-0.2356853998510006,,,,
10.247263,927,1079.0,-0.03836739985100059,-0.2356853998510006,-0.43300339985100056,-0.2356853998510006,,,,
10.248342,927,1079.0,0.060291600148999404,-0.2356853998510006,-0.33434439985100056,-0.1370263998510006,,,,
10.249421,927,1079.0,0.060291600148999404,-0.1370263998510006,-0.33434439985100056,-0.03836739985100059,,,,
10.2505,927,1079.0,0.1589506001489994,-0.1370263998510006,-0.33434439985100056,0.060291600148999404,,,,
10.251579,927,1079.0,0.1589506001489994,-0.1370263998510006,-0.2356853998510006,0.060291600148999404,,,,
10.252658,927,1079.0,0.2576096001489994,-0.03836739985100059,-0.2356853998510006,0.1589506001489994,,,,
10.253737,927,1079.0,0.2576096001489994,-0.03836739985100059,-0.2356853998510006,0.1589506001489994,,,,
10.254816,927,1079.0,0.2576096001489994,-0.03836739985100059,-0.1370263998510006,0.3562686001489994,,,,
10.255895,927,1079.0,0.2576096001489994,0.060291600148999404,-0.03836739985100059,0.4549276001489994,,,,
10.256974,927,1079.0,0.2576096001489994,0.060291600148999404,-0.03836739985100059,0.3562686001489994,,,,
10.258053,927,1079.0,0.2576096001489994,0.060291600148999404,-0.1370263998510006,0.2576096001489994,,,,
10.259132,927,1079.0,0.2576096001489994,-0.03836739985100059,-0.1370263998510006,0.1589506001489994,,,,
10.260211,927,1079.0,0.1589506001489994,-0.03836739985100059,-0.2356853998510006,0.060291600148999404,,,,
10.26129,927,1079.0,0.1589506001489994,-0.1370263998510006,-0.2356853998510006,0.1589506001489994,,,,
10.262369,927,1079.0,0.1589506001489994,-0.03836739985100059,-0.2356853998510006,0.060291600148999404,,,,
10.263448,927,1079.0,0.060291600148999404,-0.03836739985100059,-0.33434439985100056,-0.03836739985100059,,,,
10.264527,927,1079.0,0.1589506001489994,-0.1370263998510006,-0.33434439985100056,-0.03836739985100059,,,,
10.265606,927,1079.0,0.060291600148999404,-0.1370263998510006,-0.43300339985100056,-0.2356853998510006,,,,
10.266685,927,1079.0,0.060291600148999404,-0.2356853998510006,-0.43300339985100056,-0.2356853998510006,,,,
10.267764,927,1079.0,0.060291600148999404,-0.1370263998510006,-0.33434439985100056,-0.03836739985100059,,,,
10.268843,927,1079.0,0.060291600148999404,-0.1370263998510006,-0.2356853998510006,0.060291600148999404,,,,
10.269922,927,1079.0,0.060291600148999404,-0.03836739985100059,-0.1370263998510006,0.1589506001489994,,,,
10.271001,927,1079.0,0.1589506001489994,-0.03836739985100059,-0.1370263998510006,0.2576096001489994,,,,
10.27208,927,1079.0,0.1589506001489994,-0.03836739985100059,-0.1370263998510006,0.2576096001489994,,,,
10.273159,927,1079.0,0.1589506001489994,-0.03836739985100059,-0.1370263998510006,0.4549276001489994,,,,
10.274238,927,1079.0,0.2576096001489994,0.060291600148999404,0.060291600148999404,0.5535866001489994,,,,
10.275317,927,1079.0,0.2576096001489994,0.1589506001489994,0.060291600148999404,0.7509046001489994,,,,
10.276396,927,1079.0,0.2576096001489994,0.1589506001489994,0.1589506001489994,0.7509046001489994,,,,
10.277475,927,1079.0,0.3562686001489994,0.1589506001489994,0.1589506001489994,0.7509046001489994,,,,
10.278554,927,1079.0,0.2576096001489994,0.060291600148999404,0.1589506001489994,0.6522456001489993,,,,
10.279633,927,1079.0,0.2576096001489994,0.060291600148999404,0.060291600148999404,0.5535866001489994,,,,
10.280712,927,1079.0,0.2576096001489994,0.060291600148999404,0.060291600148999404,0.5535866001489994,,,,
10.281791,927,1079.0,0.1589506001489994,0.060291600148999404,0.060291600148999404,0.5535866001489994,,,,
10.28287,927,1079.0,0.1589506001489994,0.060291600148999404,0.060291600148999404,0.5535866001489994,,,,
10.283949,927,1079.0,0.1589506001489994,-0.03836739985100059,0.060291600148999404,0.4549276001489994,,,,
10.285028,927,1079.0,0.060291600148999404,-0.03836739985100059,-0.03836739985100059,0.3562686001489994,,,,
10.286107,927,1079.0,0.060291600148999404,-0.03836739985100059,-0.03836739985100059,0.2576096001489994,,,,
10.287186,927,1079.0,0.060291600148999404,-0.03836739985100059,-0.03836739985100059,0.4549276001489994,,,,
10.288265,927,1079.0,0.1589506001489994,0.060291600148999404,0.060291600148999404,0.6522456001489993,,,,
10.289344,927,1079.0,0.1589506001489994,0.060291600148999404,0.1589506001489994,0.8495636001489993,,,,
10.290423,927,1079.0,0.1589506001489994,0.1589506001489994,0.2576096001489994,0.9482226001489994,,,,
10.291502,927,1079.0,0.2576096001489994,0.1589506001489994,0.2576096001489994,1.0468816001489993,,,,
10.292581,927,1079.0,0.2576096001489994,0.1589506001489994,0.3562686001489994,1.0468816001489993,,,,
10.29366,927,1079.0,0.2576096001489994,0.2576096001489994,0.3562686001489994,1.1455406001489994,,,,
10.294739,927,1079.0,0.3562686001489994,0.2576096001489994,0.4549276001489994,1.3428586001489993,,,,
10.295818,927,1079.0,0.3562686001489994,0.3562686001489994,0.5535866001489994,1.4415176001489993,,,,
10.296897,927,1079.0,0.3562686001489994,0.3562686001489994,0.5535866001489994,1.4415176001489993,,,,
10.297976,927,1079.0,0.3562686001489994,0.2576096001489994,0.5535866001489994,1.3428586001489993,,,,
10.299055,927,1079.0,0.2576096001489994,0.3562686001489994,0.4549276001489994,1.2441996001489994,,,,
10.300134,927,1079.0,0.2576096001489994,0.2576096001489994,0.4549276001489994,1.2441996001489994,,,,
10.301213,927,1079.0,0.2576096001489994,0.2576096001489994,0.4549276001489994,1.2441996001489994,,,,
10.302292,927,1079.0,0.2576096001489994,0.2576096001489994,0.4549276001489994,1.1455406001489994,,,,
10.303371,927,1079.0,0.1589506001489994,0.1589506001489994,0.4549276001489994,1.2441996001489994,,,,
10.30445,927,1079.0,0.1589506001489994,0.2576096001489994,0.3562686001489994,1.1455406001489994,,,,
10.305529,927,1079.0,0.060291600148999404,0.1589506001489994,0.3562686001489994,1.0468816001489993,,,,
10.306608,927,1079.0,0.1589506001489994,0.1589506001489994,0.4549276001489994,1.2441996001489994,,,,
10.307687,927,1079.0,0.1589506001489994,0.2576096001489994,0.5535866001489994,1.3428586001489993,,,,
10.308766,927,1079.0,0.2576096001489994,0.3562686001489994,0.6522456001489993,1.4415176001489993,,,,
10.309845,927,1079.0,0.2576096001489994,0.3562686001489994,0.6522456001489993,1.6388356001489994,,,,
10.310924,927,1079.0,0.2576096001489994,0.3562686001489994,0.7509046001489994,1.7374946001489993,,,,
10.312003,927,1079.0,0.3562686001489994,0.4549276001489994,0.7509046001489994,1.8361536001489993,,,,
10.313082,927,1079.0,0.2576096001489994,0.4549276001489994,0.7509046001489994,1.9348126001489994,,,,
10.314161,927,1079.0,0.3562686001489994,0.4549276001489994,0.9482226001489994,2.0334716001489994,,,,
10.31524,927,1079.0,0.4549276001489994,0.5535866001489994,1.0468816001489993,2.2307896001489995,,,,
10.316319,927,1079.0,0.3562686001489994,0.5535866001489994,1.0468816001489993,2.1321306001489995,,,,
10.317398,927,1079.0,0.3562686001489994,0.5535866001489994,0.9482226001489994,2.1321306001489995,,,,
10.318477,927,1079.0,0.3562686001489994,0.4549276001489994,0.9482226001489994,2.0334716001489994,,,,
10.319556,927,1079.0,0.2576096001489994,0.4549276001489994,0.8495636001489993,1.9348126001489994,,,,
10.320635,927,1079.0,0.2576096001489994,0.4549276001489994,0.8495636001489993,1.9348126001489994,,,,
10.321714,927,1079.0,0.2576096001489994,0.4549276001489994,0.7509046001489994,1.8361536001489993,,,,
10.322793,927,1079.0,0.2576096001489994,0.4549276001489994,0.8495636001489993,1.8361536001489993,,,,
10.323872,927,1079.0,0.2576096001489994,0.3562686001489994,0.8495636001489993,1.7374946001489993,,,,
10.324951,927,1079.0,0.1589506001489994,0.3562686001489994,0.7509046001489994,1.7374946001489993,,,,
10.32603,927,1079.0,0.1589506001489994,0.3562686001489994,0.8495636001489993,1.7374946001489993,,,,
10.327109,927,1079.0,0.2576096001489994,0.3562686001489994,0.8495636001489993,1.9348126001489994,,,,
10.328188,927,1079.0,0.2576096001489994,0.4549276001489994,0.9482226001489994,2.0334716001489994,,,,
10.329267,927,1079.0,0.2576096001489994,0.5535866001489994,0.9482226001489994,2.1321306001489995,,,,
10.330346,927,1079.0,0.3562686001489994,0.5535866001489994,1.0468816001489993,2.2307896001489995,,,,
10.331425,927,1079.0,0.3562686001489994,0.5535866001489994,1.1455406001489994,2.329448600148999,,,,
10.332504,927,1079.0,0.3562686001489994,0.5535866001489994,1.1455406001489994,2.329448600148999,,,,
10.333583,927,1079.0,0.3562686001489994,0.6522456001489993,1.1455406001489994,2.428107600148999,,,,
10.334662,927,1079.0,0.4549276001489994,0.7509046001489994,1.2441996001489994,2.5267666001489992,,,,
10.335741,927,1079.0,0.4549276001489994,0.7509046001489994,1.2441996001489994,2.5267666001489992,,,,
10.33682,927,1079.0,0.4549276001489994,0.7509046001489994,1.1455406001489994,2.428107600148999,,,,
10.337899,927,1079.0,0.3562686001489994,0.6522456001489993,1.0468816001489993,2.329448600148999,,,,
10.338978,927,1079.0,0.3562686001489994,0.5535866001489994,1.0468816001489993,2.329448600148999,,,,
10.340057,927,1079.0,0.3562686001489994,0.5535866001489994,1.0468816001489993,2.1321306001489995,,,,
10.341136,927,1079.0,0.2576096001489994,0.5535866001489994,0.9482226001489994,2.1321306001489995,,,,
10.342215,927,1079.0,0.2576096001489994,0.4549276001489994,0.9482226001489994,2.0334716001489994,,,,
10.343294,927,1079.0,0.2576096001489994,0.4549276001489994,0.8495636001489993,1.9348126001489994,,,,
10.344373,927,1079.0,0.1589506001489994,0.3562686001489994,0.8495636001489993,1.8361536001489993,,,,
10.345452,927,1079.0,0.1589506001489994,0.3562686001489994,0.8495636001489993,1.9348126001489994,,,,
10.346531,927,1079.0,0.2576096001489994,0.4549276001489994,0.9482226001489994,2.0334716001489994,,,,
10.34761,927,1079.0,0.2576096001489994,0.4549276001489994,0.9482226001489994,2.0334716001489994,,,,
10.348689,927,1079.0,0.3562686001489994,0.4549276001489994,0.9482226001489994,2.1321306001489995,,,,
10.349768,927,1079.0,0.3562686001489994,0.5535866001489994,0.9482226001489994,2.2307896001489995,,,,
10.350847,927,1079.0,0.3562686001489994,0.5535866001489994,0.9482226001489994,2.2307896001489995,,,,
10.351926,927,1079.0,0.3562686001489994,0.5535866001489994,1.0468816001489993,2.2307896001489995,,,,
10.353005,927,1079.0,0.4549276001489994,0.6522456001489993,1.1455406001489994,2.329448600148999,,,,
10.354084,927,1079.0,0.4549276001489994,0.6522456001489993,1.1455406001489994,2.428107600148999,,,,
10.355163,927,1079.0,0.5535866001489994,0.6522456001489993,1.1455406001489994,2.428107600148999,,,,
10.356242,927,1079.0,0.4549276001489994,0.6522456001489993,1.0468816001489993,2.2307896001489995,,,,
10.357321,927,1079.0,0.4549276001489994,0.5535866001489994,0.9482226001489994,2.1321306001489995,,,,
10.3584,927,1079.0,0.3562686001489994,0.5535866001489994,0.9482226001489994,2.0334716001489994,,,,
10.359479,927,1079.0,0.2576096001489994,0.4549276001489994,0.9482226001489994,1.9348126001489994,,,,
10.360558,927,1079.0,0.2576096001489994,0.4549276001489994,0.8495636001489993,1.7374946001489993,,,,
10.361637,927,1079.0,0.2576096001489994,0.3562686001489994,0.7509046001489994,1.6388356001489994,,,,
10.362716,927,1079.0,0.1589506001489994,0.3562686001489994,0.6522456001489993,1.5401766001489994,,,,
10.363795,927,1079.0,0.1589506001489994,0.2576096001489994,0.5535866001489994,1.3428586001489993,,,,
10.364874,927,1079.0,0.1589506001489994,0.2576096001489994,0.5535866001489994,1.3428586001489993,,,,
10.365953,927,1079.0,0.1589506001489994,0.2576096001489994,0.5535866001489994,1.5401766001489994,,,,
10.367032,927,1079.0,0.1589506001489994,0.2576096001489994,0.6522456001489993,1.5401766001489994,,,,
10.368111,927,1079.0,0.2576096001489994,0.3562686001489994,0.6522456001489993,1.5401766001489994,,,,
10.36919,927,1079.0,0.2576096001489994,0.3562686001489994,0.6522456001489993,1.5401766001489994,,,,
10.370269,927,1079.0,0.2576096001489994,0.3562686001489994,0.6522456001489993,1.5401766001489994,,,,
10.371348,927,1079.0,0.2576096001489994,0.3562686001489994,0.6522456001489993,1.6388356001489994,,,,
10.372427,927,1079.0,0.3562686001489994,0.4549276001489994,0.6522456001489993,1.7374946001489993,,,,
10.373506,927,1079.0,0.4549276001489994,0.4549276001489994,0.7509046001489994,1.8361536001489993,,,,
10.374585,927,1079.0,0.3562686001489994,0.4549276001489994,0.7509046001489994,1.7374946001489993,,,,
10.375664,927,1079.0,0.3562686001489994,0.4549276001489994,0.6522456001489993,1.6388356001489994,,,,
10.376743,927,1079.0,0.2576096001489994,0.3562686001489994,0.6522456001489993,1.4415176001489993,,,,
10.377822,927,1079.0,0.2576096001489994,0.3562686001489994,0.4549276001489994,1.2441996001489994,,,,
10.378901,927,1079.0,0.2576096001489994,0.2576096001489994,0.4549276001489994,1.2441996001489994,,,,
10.37998,927,1079.0,0.2576096001489994,0.2576096001489994,0.3562686001489994,1.1455406001489994,,,,
10.381059,927,1079.0,0.1589506001489994,0.1589506001489994,0.3562686001489994,1.0468816001489993,,,,
10.382138,927,1079.0,0.1589506001489994,0.1589506001489994,0.2576096001489994,0.8495636001489993,,,,
10.383217,927,1079.0,0.1589506001489994,0.060291600148999404,0.1589506001489994,0.7509046001489994,,,,
10.384296,927,1079.0,0.060291600148999404,0.060291600148999404,0.060291600148999404,0.6522456001489993,,,,
10.385375,927,1079.0,0.060291600148999404,0.060291600148999404,0.1589506001489994,0.6522456001489993,,,,
10.386454,927,1079.0,0.1589506001489994,0.060291600148999404,0.1589506001489994,0.7509046001489994,,,,
10.387533,927,1079.0,0.1589506001489994,0.1589506001489994,0.2576096001489994,0.8495636001489993,,,,
10.388612,927,1079.0,0.1589506001489994,0.1589506001489994,0.2576096001489994,0.8495636001489993,,,,
10.389691,927,1079.0,0.2576096001489994,0.1589506001489994,0.2576096001489994,0.8495636001489993,,,,
10.39077,927,1079.0,0.2576096001489994,0.1589506001489994,0.2576096001489994,0.8495636001489993,,,,
10.391849,927,1079.0,0.2576096001489994,0.1589506001489994,0.2576096001489994,0.8495636001489993,,,,
10.392928,927,1079.0,0.2576096001489994,0.2576096001489994,0.2576096001489994,1.0468816001489993,,,,
10.394007,927,1079.0,0.3562686001489994,0.2576096001489994,0.3562686001489994,1.0468816001489993,,,,
10.395086,927,1079.0,0.2576096001489994,0.2576096001489994,0.2576096001489994,0.9482226001489994,,,,
10.396165,927,1079.0,0.2576096001489994,0.1589506001489994,0.1589506001489994,0.7509046001489994,,,,
10.397244,927,1079.0,0.2576096001489994,0.1589506001489994,0.060291600148999404,0.5535866001489994,,,,
10.398323,927,1079.0,0.2576096001489994,0.060291600148999404,-0.03836739985100059,0.4549276001489994,,,,
10.399402,927,1079.0,0.1589506001489994,0.060291600148999404,-0.1370263998510006,0.3562686001489994,,,,
10.400481,927,1079.0,0.1589506001489994,-0.03836739985100059,-0.1370263998510006,0.2576096001489994,,,,
10.40156,927,1079.0,0.060291600148999404,-0.03836739985100059,-0.2356853998510006,0.1589506001489994,,,,
10.402639,927,1079.0,0.060291600148999404,-0.03836739985100059,-0.2356853998510006,0.060291600148999404,,,,
10.403718,927,1079.0,0.060291600148999404,-0.1370263998510006,-0.33434439985100056,-0.03836739985100059,,,,
10.404797,927,1079.0,0.060291600148999404,-0.1370263998510006,-0.33434439985100056,-0.03836739985100059,,,,
10.405876,927,1079.0,0.060291600148999404,-0.03836739985100059,-0.2356853998510006,0.060291600148999404,,,,
10.406955,927,1079.0,0.1589506001489994,-0.03836739985100059,-0.1370263998510006,0.1589506001489994,,,,
10.408034,927,1079.0,0.1589506001489994,-0.03836739985100059,-0.1370263998510006,0.2576096001489994,,,,
10.409113,927,1079.0,0.1589506001489994,-0.03836739985100059,-0.1370263998510006,0.2576096001489994,,,,
10.410192,927,1079.0,0.1589506001489994,0.060291600148999404,-0.1370263998510006,0.2576096001489994,,,,
10.411271,927,1079.0,0.2576096001489994,0.060291600148999404,-0.1370263998510006,0.2576096001489994,,,,
10.41235,927,1079.0,0.2576096001489994,0.1589506001489994,-0.03836739985100059,0.4549276001489994,,,,
10.413429,927,1079.0,0.3562686001489994,0.1589506001489994,-0.03836739985100059,0.4549276001489994,,,,
10.414508,927,1079.0,0.2576096001489994,0.1589506001489994,-0.03836739985100059,0.4549276001489994,,,,
10.415587,927,1079.0,0.1589506001489994,0.060291600148999404,-0.1370263998510006,0.3562686001489994,,,,
10.416666,927,1079.0,0.1589506001489994,-0.03836739985100059,-0.2356853998510006,0.2576096001489994,,,,
10.417745,927,1079.0,0.1589506001489994,-0.03836739985100059,-0.33434439985100056,0.060291600148999404,,,,
10.418824,927,1079.0,0.1589506001489994,-0.1370263998510006,-0.33434439985100056,-0.03836739985100059,,,,
10.419903,927,1079.0,0.060291600148999404,-0.1370263998510006,-0.33434439985100056,-0.1370263998510006,,,,
10.420982,927,1079.0,0.060291600148999404,-0.1370263998510006,-0.33434439985100056,-0.2356853998510006,,,,
10.422061,927,1079.0,0.060291600148999404,-0.2356853998510006,-0.43300339985100056,-0.2356853998510006,,,,
10.42314,927,1079.0,0.060291600148999404,-0.2356853998510006,-0.5316623998510006,-0.33434439985100056,,,,
10.424219,927,1079.0,-0.03836739985100059,-0.2356853998510006,-0.43300339985100056,-0.2356853998510006,,,,
10.425298,927,1079.0,0.060291600148999404,-0.2356853998510006,-0.43300339985100056,-0.1370263998510006,,,,
10.426377,927,1079.0,0.060291600148999404,-0.1370263998510006,-0.33434439985100056,-0.1370263998510006,,,,
10.427456,927,1079.0,0.1589506001489994,-0.1370263998510006,-0.2356853998510006,0.060291600148999404,,,,
10.428535,927,1079.0,0.1589506001489994,-0.03836739985100059,-0.2356853998510006,0.1589506001489994,,,,
10.429614,927,1079.0,0.1589506001489994,-0.03836739985100059,-0.1370263998510006,0.2576096001489994,,,,
10.430693,927,1079.0,0.1589506001489994,-0.03836739985100059,-0.1370263998510006,0.2576096001489994,,,,
10.431772,927,1079.0,0.2576096001489994,0.060291600148999404,-0.1370263998510006,0.3562686001489994,,,,
10.432851,927,1079.0,0.2576096001489994,0.060291600148999404,-0.03836739985100059,0.4549276001489994,,,,
10.43393,927,1079.0,0.2576096001489994,0.060291600148999404,-0.03836739985100059,0.4549276001489994,,,,
10.435009,927,1079.0,0.2576096001489994,0.060291600148999404,-0.1370263998510006,0.4549276001489994,,,,
10.436088,927,1079.0,0.1589506001489994,-0.03836739985100059,-0.1370263998510006,0.3562686001489994,,,,
10.437167,927,1079.0,0.1589506001489994,-0.03836739985100059,-0.1370263998510006,0.2576096001489994,,,,
10.438246,927,1079.0,0.1589506001489994,-0.03836739985100059,-0.2356853998510006,0.1589506001489994,,,,
10.439325,927,1079.0,0.1589506001489994,-0.03836739985100059,-0.2356853998510006,0.060291600148999404,,,,
10.440404,927,1079.0,0.060291600148999404,-0.1370263998510006,-0.2356853998510006,-0.03836739985100059,,,,
10.441483,927,1079.0,0.060291600148999404,-0.1370263998510006,-0.33434439985100056,-0.03836739985100059,,,,
10.442562,927,1079.0,0.060291600148999404,-0.1370263998510006,-0.33434439985100056,-0.03836739985100059,,,,
10.443641,927,1079.0,0.060291600148999404,-0.2356853998510006,-0.2356853998510006,0.060291600148999404,,,,
10.44472,927,1079.0,0.060291600148999404,-0.1370263998510006,-0.2356853998510006,0.1589506001489994,,,,
10.445799,927,1079.0,0.1589506001489994,-0.1370263998510006,-0.1370263998510006,0.2576096001489994,,,,
10.446878,927,1079.0,0.1589506001489994,-0.03836739985100059,-0.03836739985100059,0.3562686001489994,,,,
10.447957,927,1079.0,0.2576096001489994,-0.03836739985100059,-0.03836739985100059,0.4549276001489994,,,,
10.449036,927,1079.0,0.1589506001489994,0.060291600148999404,0.060291600148999404,0.6522456001489993,,,,
10.450115,927,1079.0,0.2576096001489994,0.060291600148999404,0.1589506001489994,0.7509046001489994,,,,
10.451194,927,1079.0,0.2576096001489994,0.1589506001489994,0.1589506001489994,0.8495636001489993,,,,
10.452273,927,1079.0,0.3562686001489994,0.2576096001489994,0.2576096001489994,0.9482226001489994,,,,
10.453352,927,1079.0,0.3562686001489994,0.2576096001489994,0.2576096001489994,0.9482226001489994,,,,
10.454431,927,1079.0,0.2576096001489994,0.2576096001489994,0.2576096001489994,0.9482226001489994,,,,
10.45551,927,1079.0,0.2576096001489994,0.2576096001489994,0.2576096001489994,0.8495636001489993,,,,
10.456589,927,1079.0,0.2576096001489994,0.1589506001489994,0.1589506001489994,0.8495636001489993,,,,
10.457668,927,1079.0,0.1589506001489994,0.1589506001489994,0.1589506001489994,0.7509046001489994,,,,
10.458747,927,1079.0,0.2576096001489994,0.060291600148999404,0.1589506001489994,0.7509046001489994,,,,
10.459826,927,1079.0,0.1589506001489994,0.060291600148999404,0.1589506001489994,0.6522456001489993,,,,
10.460905,927,1079.0,0.1589506001489994,0.060291600148999404,0.060291600148999404,0.6522456001489993,,,,
10.461984,927,1079.0,0.060291600148999404,0.060291600148999404,0.060291600148999404,0.6522456001489993,,,,
10.463063,927,1079.0,0.060291600148999404,0.060291600148999404,0.1589506001489994,0.7509046001489994,,,,
10.464142,927,1079.0,0.1589506001489994,0.060291600148999404,0.1589506001489994,0.8495636001489993,,,,
10.465221,927,1079.0,0.1589506001489994,0.1589506001489994,0.2576096001489994,0.9482226001489994,,,,
10.4663,927,1079.0,0.1589506001489994,0.2576096001489994,0.3562686001489994,1.0468816001489993,,,,
10.467379,927,1079.0,0.2576096001489994,0.2576096001489994,0.3562686001489994,1.1455406001489994,,,,
10.468458,927,1079.0,0.2576096001489994,0.2576096001489994,0.4549276001489994,1.3428586001489993,,,,
10.469537,927,1079.0,0.2576096001489994,0.2576096001489994,0.5535866001489994,1.4415176001489993,,,,
10.470616,927,1079.0,0.2576096001489994,0.3562686001489994,0.6522456001489993,1.5401766001489994,,,,
10.471695,927,1079.0,0.3562686001489994,0.4549276001489994,0.7509046001489994,1.7374946001489993,,,,
10.472774,927,1079.0,0.4549276001489994,0.4549276001489994,0.7509046001489994,1.7374946001489993,,,,
10.473853,927,1079.0,0.3562686001489994,0.4549276001489994,0.7509046001489994,1.6388356001489994,,,,
10.474932,927,1079.0,0.3562686001489994,0.4549276001489994,0.7509046001489994,1.6388356001489994,,,,
10.476011,927,1079.0,0.3562686001489994,0.3562686001489994,0.6522456001489993,1.5401766001489994,,,,
10.47709,927,1079.0,0.2576096001489994,0.3562686001489994,0.6522456001489993,1.5401766001489994,,,,
10.478169,927,1079.0,0.2576096001489994,0.3562686001489994,0.6522456001489993,1.5401766001489994,,,,
10.479248,927,1079.0,0.2576096001489994,0.2576096001489994,0.6522456001489993,1.4415176001489993,,,,
10.480327,927,1079.0,0.2576096001489994,0.2576096001489994,0.5535866001489994,1.3428586001489993,,,,
10.481406,927,1079.0,0.1589506001489994,0.2576096001489994,0.5535866001489994,1.3428586001489993,,,,
10.482485,927,1079.0,0.1589506001489994,0.2576096001489994,0.5535866001489994,1.3428586001489993,,,,
10.483564,927,1079.0,0.1589506001489994,0.3562686001489994,0.6522456001489993,1.5401766001489994,,,,
10.484643,927,1079.0,0.2576096001489994,0.3562686001489994,0.6522456001489993,1.6388356001489994,,,,
10.485722,927,1079.0,0.2576096001489994,0.3562686001489994,0.8495636001489993,1.8361536001489993,,,,
10.486801,927,1079.0,0.2576096001489994,0.4549276001489994,0.8495636001489993,1.8361536001489993,,,,
10.48788,927,1079.0,0.3562686001489994,0.4549276001489994,0.9482226001489994,2.0334716001489994,,,,
10.488959,927,1079.0,0.3562686001489994,0.5535866001489994,0.9482226001489994,2.0334716001489994,,,,
10.490038,927,1079.0,0.3562686001489994,0.5535866001489994,1.0468816001489993,2.2307896001489995,,,,
10.491117,927,1079.0,0.4549276001489994,0.6522456001489993,1.1455406001489994,2.428107600148999,,,,
10.492196,927,1079.0,0.4549276001489994,0.6522456001489993,1.1455406001489994,2.428107600148999,,,,
10.493275,927,1079.0,0.4549276001489994,0.6522456001489993,1.0468816001489993,2.329448600148999,,,,
10.494354,927,1079.0,0.4549276001489994,0.5535866001489994,1.0468816001489993,2.2307896001489995,,,,
10.495433,927,1079.0,0.3562686001489994,0.5535866001489994,0.9482226001489994,2.1321306001489995,,,,
10.496512,927,1079.0,0.2576096001489994,0.5535866001489994,0.9482226001489994,2.1321306001489995,,,,
10.497591,927,1079.0,0.2576096001489994,0.5535866001489994,0.9482226001489994,2.0334716001489994,,,,
10.49867,927,1079.0,0.2576096001489994,0.4549276001489994,0.9482226001489994,2.0334716001489994,,,,
10.499749,927,1079.0,0.2576096001489994,0.4549276001489994,0.9482226001489994,1.9348126001489994,,,,
10.500828,927,1079.0,0.2576096001489994,0.4549276001489994,0.8495636001489993,1.8361536001489993,,,,
10.501907,927,1079.0,0.1589506001489994,0.4549276001489994,0.8495636001489993,1.7374946001489993,,,,
10.502986,927,1079.0,0.1589506001489994,0.3562686001489994,0.8495636001489993,1.9348126001489994,,,,
10.504065,927,1079.0,0.2576096001489994,0.4549276001489994,0.9482226001489994,2.0334716001489994,,,,
10.505144,927,1079.0,0.2576096001489994,0.5535866001489994,1.0468816001489993,2.1321306001489995,,,,
10.506223,927,1079.0,0.2576096001489994,0.5535866001489994,1.0468816001489993,2.2307896001489995,,,,
10.507302,927,1079.0,0.3562686001489994,0.5535866001489994,1.0468816001489993,2.329448600148999,,,,
10.508381,927,1079.0,0.3562686001489994,0.5535866001489994,1.0468816001489993,2.329448600148999,,,,
10.50946,927,1079.0,0.3562686001489994,0.6522456001489993,1.1455406001489994,2.428107600148999,,,,
10.510539,927,1079.0,0.3562686001489994,0.7509046001489994,1.2441996001489994,2.5267666001489992,,,,
10.511618,927,1079.0,0.4549276001489994,0.6522456001489993,1.2441996001489994,2.6254256001489993,,,,
10.512697,927,1079.0,0.3562686001489994,0.6522456001489993,1.2441996001489994,2.5267666001489992,,,,
10.513776,927,1079.0,0.3562686001489994,0.6522456001489993,1.1455406001489994,2.428107600148999,,,,
10.514855,927,1079.0,0.3562686001489994,0.6522456001489993,1.0468816001489993,2.329448600148999,,,,
10.515934,927,1079.0,0.3562686001489994,0.5535866001489994,1.0468816001489993,2.1321306001489995,,,,
10.517013,927,1079.0,0.2576096001489994,0.5535866001489994,0.9482226001489994,2.1321306001489995,,,,
10.518092,927,1079.0,0.2576096001489994,0.5535866001489994,0.9482226001489994,2.0334716001489994,,,,
10.519171,927,1079.0,0.2576096001489994,0.4549276001489994,0.9482226001489994,1.9348126001489994,,,,
10.52025,927,1079.0,0.2576096001489994,0.4549276001489994,0.7509046001489994,1.8361536001489993,,,,
10.521329,927,1079.0,0.1589506001489994,0.3562686001489994,0.7509046001489994,1.7374946001489993,,,,
10.522408,927,1079.0,0.1589506001489994,0.3562686001489994,0.7509046001489994,1.7374946001489993,,,,
10.523487,927,1079.0,0.2576096001489994,0.3562686001489994,0.7509046001489994,1.8361536001489993,,,,
10.524566,927,1079.0,0.2576096001489994,0.4549276001489994,0.8495636001489993,1.9348126001489994,,,,
10.525645,927,1079.0,0.2576096001489994,0.4549276001489994,0.9482226001489994,2.0334716001489994,,,,
10.526724,927,1079.0,0.2576096001489994,0.5535866001489994,0.9482226001489994,2.1321306001489995,,,,
10.527803,927,1079.0,0.2576096001489994,0.5535866001489994,0.9482226001489994,2.0334716001489994,,,,
10.528882,927,1079.0,0.3562686001489994,0.5535866001489994,0.9482226001489994,2.1321306001489995,,,,
10.529961,927,1079.0,0.3562686001489994,0.5535866001489994,0.9482226001489994,2.2307896001489995,,,,
10.53104,927,1079.0,0.3562686001489994,0.6522456001489993,1.0468816001489993,2.2307896001489995,,,,
10.532119,927,1079.0,0.4549276001489994,0.5535866001489994,1.0468816001489993,2.1321306001489995,,,,
10.533198,927,1079.0,0.3562686001489994,0.5535866001489994,0.9482226001489994,2.0334716001489994,,,,
10.534277,927,1079.0,0.3562686001489994,0.4549276001489994,0.8495636001489993,1.9348126001489994,,,,
10.535356,927,1079.0,0.2576096001489994,0.4549276001489994,0.7509046001489994,1.7374946001489993,,,,
10.536435,927,1079.0,0.2576096001489994,0.4549276001489994,0.6522456001489993,1.5401766001489994,,,,
10.537514,927,1079.0,0.2576096001489994,0.3562686001489994,0.6522456001489993,1.4415176001489993,,,,
10.538593,927,1079.0,0.1589506001489994,0.2576096001489994,0.5535866001489994,1.3428586001489993,,,,
10.539672,927,1079.0,0.2576096001489994,0.2576096001489994,0.4549276001489994,1.2441996001489994,,,,
10.540751,927,1079.0,0.1589506001489994,0.1589506001489994,0.4549276001489994,1.1455406001489994,,,,
10.54183,927,1079.0,0.1589506001489994,0.1589506001489994,0.3562686001489994,1.1455406001489994,,,,
10.542909,927,1079.0,0.1589506001489994,0.1589506001489994,0.4549276001489994,1.2441996001489994,,,,
10.543988,927,1079.0,0.1589506001489994,0.2576096001489994,0.4549276001489994,1.1455406001489994,,,,
10.545067,927,1079.0,0.2576096001489994,0.2576096001489994,0.5535866001489994,1.3428586001489993,,,,
10.546146,927,1079.0,0.1589506001489994,0.2576096001489994,0.5535866001489994,1.3428586001489993,,,,
10.547225,927,1079.0,0.2576096001489994,0.2576096001489994,0.5535866001489994,1.4415176001489993,,,,
10.548304,927,1079.0,0.2576096001489994,0.3562686001489994,0.5535866001489994,1.4415176001489993,,,,
10.549383,927,1079.0,0.2576096001489994,0.3562686001489994,0.5535866001489994,1.4415176001489993,,,,
10.550462,927,1079.0,0.3562686001489994,0.3562686001489994,0.6522456001489993,1.4415176001489993,,,,
10.551541,927,1079.0,0.3562686001489994,0.3562686001489994,0.5535866001489994,1.4415176001489993,,,,
10.55262,927,1079.0,0.3562686001489994,0.3562686001489994,0.4549276001489994,1.3428586001489993,,,,
10.553699,927,1079.0,0.2576096001489994,0.2576096001489994,0.3562686001489994,1.1455406001489994,,,,
10.554778,927,1079.0,0.2576096001489994,0.1589506001489994,0.3562686001489994,1.0468816001489993,,,,
10.555857,927,1079.0,0.2576096001489994,0.1589506001489994,0.2576096001489994,0.8495636001489993,,,,
10.556936,927,1079.0,0.1589506001489994,0.060291600148999404,0.2576096001489994,0.7509046001489994,,,,
10.558015,927,1079.0,0.1589506001489994,0.060291600148999404,0.060291600148999404,0.5535866001489994,,,,
10.559094,927,1079.0,0.060291600148999404,0.060291600148999404,0.060291600148999404,0.5535866001489994,,,,
10.560173,927,1079.0,0.060291600148999404,-0.03836739985100059,-0.03836739985100059,0.4549276001489994,,,,
10.561252,927,1079.0,0.060291600148999404,-0.03836739985100059,-0.03836739985100059,0.4549276001489994,,,,
10.562331,927,1079.0,0.060291600148999404,-0.03836739985100059,-0.03836739985100059,0.4549276001489994,,,,
10.56341,927,1079.0,0.060291600148999404,0.060291600148999404,0.060291600148999404,0.5535866001489994,,,,
10.564489,927,1079.0,0.1589506001489994,0.060291600148999404,0.060291600148999404,0.5535866001489994,,,,
10.565568,927,1079.0,0.1589506001489994,0.060291600148999404,0.060291600148999404,0.5535866001489994,,,,
10.566647,927,1079.0,0.1589506001489994,0.1589506001489994,0.060291600148999404,0.6522456001489993,,,,
10.567726,927,1079.0,0.2576096001489994,0.060291600148999404,0.1589506001489994,0.6522456001489993,,,,
10.568805,927,1079.0,0.2576096001489994,0.1589506001489994,0.1589506001489994,0.7509046001489994,,,,
10.569884,927,1079.0,0.3562686001489994,0.1589506001489994,0.2576096001489994,0.7509046001489994,,,,
10.570963,927,1079.0,0.3562686001489994,0.1589506001489994,0.1589506001489994,0.7509046001489994,,,,
10.572042,927,1079.0,0.2576096001489994,0.1589506001489994,0.060291600148999404,0.6522456001489993,,,,
10.573121,927,1079.0,0.2576096001489994,0.1589506001489994,0.060291600148999404,0.4549276001489994,,,,
10.5742,927,1079.0,0.1589506001489994,0.060291600148999404,-0.03836739985100059,0.3562686001489994,,,,
10.575279,927,1079.0,0.1589506001489994,0.060291600148999404,-0.03836739985100059,0.2576096001489994,,,,
10.576358,927,1079.0,0.1589506001489994,-0.03836739985100059,-0.1370263998510006,0.1589506001489994,,,,
10.577437,927,1079.0,0.060291600148999404,-0.1370263998510006,-0.2356853998510006,0.060291600148999404,,,,
10.578516,927,1079.0,0.060291600148999404,-0.1370263998510006,-0.33434439985100056,-0.03836739985100059,,,,
10.579595,927,1079.0,0.060291600148999404,-0.1370263998510006,-0.43300339985100056,-0.1370263998510006,,,,
10.580674,927,1079.0,0.060291600148999404,-0.2356853998510006,-0.43300339985100056,-0.1370263998510006,,,,
10.581753,927,1079.0,0.060291600148999404,-0.1370263998510006,-0.33434439985100056,-0.03836739985100059,,,,
10.582832,927,1079.0,0.060291600148999404,-0.1370263998510006,-0.2356853998510006,0.060291600148999404,,,,
10.583911,927,1079.0,0.060291600148999404,-0.1370263998510006,-0.2356853998510006,0.060291600148999404,,,,
10.58499,927,1079.0,0.1589506001489994,-0.03836739985100059,-0.2356853998510006,0.1589506001489994,,,,
10.586069,927,1079.0,0.1589506001489994,-0.03836739985100059,-0.1370263998510006,0.1589506001489994,,,,
10.587148,927,1079.0,0.2576096001489994,-0.03836739985100059,-0.1370263998510006,0.2576096001489994,,,,
10.588227,927,1079.0,0.2576096001489994,0.060291600148999404,-0.1370263998510006,0.3562686001489994,,,,
10.589306,927,1079.0,0.2576096001489994,0.060291600148999404,-0.03836739985100059,0.5535866001489994,,,,
10.590385,927,1079.0,0.2576096001489994,0.060291600148999404,-0.03836739985100059,0.4549276001489994,,,,
10.591464,927,1079.0,0.2576096001489994,0.060291600148999404,-0.03836739985100059,0.3562686001489994,,,,
10.592543,927,1079.0,0.2576096001489994,0.060291600148999404,-0.1370263998510006,0.2576096001489994,,,,
10.593622,927,1079.0,0.1589506001489994,-0.03836739985100059,-0.2356853998510006,0.1589506001489994,,,,
10.594701,927,1079.0,0.1589506001489994,-0.1370263998510006,-0.2356853998510006,0.060291600148999404,,,,
10.59578,927,1079.0,0.060291600148999404,-0.1370263998510006,-0.2356853998510006,0.060291600148999404,,,,
10.596859,927,1079.0,0.060291600148999404,-0.1370263998510006,-0.33434439985100056,-0.03836739985100059,,,,
10.597938,927,1079.0,0.060291600148999404,-0.1370263998510006,-0.43300339985100056,-0.1370263998510006,,,,
10.599017,927,1079.0,-0.03836739985100059,-0.2356853998510006,-0.43300339985100056,-0.33434439985100056,,,,
10.600096,927,1079.0,-0.03836739985100059,-0.1370263998510006,-0.43300339985100056,-0.33434439985100056,,,,
10.601175,927,1079.0,0.060291600148999404,-0.2356853998510006,-0.43300339985100056,-0.1370263998510006,,,,
10.602254,927,1079.0,0.060291600148999404,-0.1370263998510006,-0.33434439985100056,-0.03836739985100059,,,,
10.603333,927,1079.0,0.060291600148999404,-0.1370263998510006,-0.2356853998510006,0.060291600148999404,,,,
10.604412,927,1079.0,0.1589506001489994,-0.03836739985100059,-0.2356853998510006,0.1589506001489994,,,,
10.605491,927,1079.0,0.1589506001489994,-0.03836739985100059,-0.1370263998510006,0.2576096001489994,,,,
10.60657,927,1079.0,0.2576096001489994,-0.03836739985100059,-0.1370263998510006,0.2576096001489994,,,,
10.607649,927,1079.0,0.2576096001489994,-0.03836739985100059,-0.03836739985100059,0.3562686001489994,,,,
10.608728,927,1079.0,0.2576096001489994,0.060291600148999404,0.060291600148999404,0.5535866001489994,,,,
10.609807,927,1079.0,0.2576096001489994,0.1589506001489994,0.1589506001489994,0.6522456001489993,,,,
10.610886,927,1079.0,0.2576096001489994,0.1589506001489994,0.060291600148999404,0.6522456001489993,,,,
10.611965,927,1079.0,0.2576096001489994,0.060291600148999404,0.060291600148999404,0.4549276001489994,,,,
10.613044,927,1079.0,0.2576096001489994,0.060291600148999404,-0.1370263998510006,0.3562686001489994,,,,
10.614123,927,1079.0,0.1589506001489994,0.060291600148999404,-0.1370263998510006,0.2576096001489994,,,,
10.615202,927,1079.0,0.1589506001489994,-0.03836739985100059,-0.1370263998510006,0.3562686001489994,,,,
10.616281,927,1079.0,0.1589506001489994,-0.03836739985100059,-0.1370263998510006,0.3562686001489994,,,,
10.61736,927,1079.0,0.1589506001489994,-0.03836739985100059,-0.03836739985100059,0.2576096001489994,,,,
10.618439,927,1079.0,0.060291600148999404,-0.1370263998510006,-0.1370263998510006,0.1589506001489994,,,,
10.619518,927,1079.0,0.060291600148999404,-0.1370263998510006,-0.1370263998510006,0.1589506001489994,,,,
10.620597,927,1079.0,0.060291600148999404,-0.03836739985100059,-0.1370263998510006,0.2576096001489994,,,,
10.621676,927,1079.0,0.060291600148999404,-0.03836739985100059,-0.03836739985100059,0.4549276001489994,,,,
10.622755,927,1079.0,0.060291600148999404,0.060291600148999404,0.060291600148999404,0.5535866001489994,,,,
10.623834,927,1079.0,0.1589506001489994,0.060291600148999404,0.1589506001489994,0.7509046001489994,,,,
10.624913,927,1079.0,0.1589506001489994,0.1589506001489994,0.2576096001489994,0.8495636001489993,,,,
10.625992,927,1079.0,0.2576096001489994,0.1589506001489994,0.2576096001489994,0.8495636001489993,,,,
10.627071,927,1079.0,0.2576096001489994,0.2576096001489994,0.2576096001489994,0.9482226001489994,,,,
10.62815,927,1079.0,0.3562686001489994,0.2576096001489994,0.3562686001489994,1.1455406001489994,,,,
10.629229,927,1079.0,0.3562686001489994,0.3562686001489994,0.4549276001489994,1.2441996001489994,,,,
10.630308,927,1079.0,0.3562686001489994,0.3562686001489994,0.4549276001489994,1.2441996001489994,,,,
10.631387,927,1079.0,0.2576096001489994,0.2576096001489994,0.4549276001489994,1.1455406001489994,,,,
10.632466,927,1079.0,0.2576096001489994,0.2576096001489994,0.3562686001489994,1.1455406001489994,,,,
10.633545,927,1079.0,0.2576096001489994,0.1589506001489994,0.3562686001489994,1.0468816001489993,,,,
10.634624,927,1079.0,0.2576096001489994,0.2576096001489994,0.2576096001489994,0.9482226001489994,,,,
10.635703,927,1079.0,0.1589506001489994,0.2576096001489994,0.3562686001489994,1.0468816001489993,,,,
10.636782,927,1079.0,0.1589506001489994,0.1589506001489994,0.2576096001489994,0.9482226001489994,,,,
10.637861,927,1079.0,0.1589506001489994,0.060291600148999404,0.2576096001489994,0.9482226001489994,,,,
10.63894,927,1079.0,0.060291600148999404,0.1589506001489994,0.2576096001489994,0.9482226001489994,,,,
10.640019,927,1079.0,0.1589506001489994,0.1589506001489994,0.2576096001489994,1.0468816001489993,,,,
10.641098,927,1079.0,0.1589506001489994,0.2576096001489994,0.4549276001489994,1.1455406001489994,,,,
10.642177,927,1079.0,0.1589506001489994,0.2576096001489994,0.4549276001489994,1.2441996001489994,,,,
10.643256,927,1079.0,0.2576096001489994,0.2576096001489994,0.5535866001489994,1.4415176001489993,,,,
10.644335,927,1079.0,0.2576096001489994,0.3562686001489994,0.6522456001489993,1.5401766001489994,,,,
10.645414,927,1079.0,0.2576096001489994,0.3562686001489994,0.6522456001489993,1.6388356001489994,,,,
10.646493,927,1079.0,0.3562686001489994,0.3562686001489994,0.7509046001489994,1.7374946001489993,,,,
10.647572,927,1079.0,0.3562686001489994,0.4549276001489994,0.8495636001489993,1.9348126001489994,,,,
10.648651,927,1079.0,0.3562686001489994,0.5535866001489994,0.9482226001489994,2.0334716001489994,,,,
10.64973,927,1079.0,0.4549276001489994,0.5535866001489994,0.8495636001489993,2.0334716001489994,,,,
10.650809,927,1079.0,0.3562686001489994,0.5535866001489994,0.8495636001489993,1.9348126001489994,,,,
10.651888,927,1079.0,0.3562686001489994,0.4549276001489994,0.8495636001489993,1.8361536001489993,,,,
10.652967,927,1079.0,0.3562686001489994,0.4549276001489994,0.7509046001489994,1.8361536001489993,,,,
10.654046,927,1079.0,0.3562686001489994,0.4549276001489994,0.7509046001489994,1.7374946001489993,,,,
10.655125,927,1079.0,0.2576096001489994,0.4549276001489994,0.7509046001489994,1.6388356001489994,,,,
10.656204,927,1079.0,0.2576096001489994,0.4549276001489994,0.6522456001489993,1.6388356001489994,,,,
10.657283,927,1079.0,0.2576096001489994,0.3562686001489994,0.6522456001489993,1.6388356001489994,,,,
10.658362,927,1079.0,0.1589506001489994,0.2576096001489994,0.6522456001489993,1.6388356001489994,,,,
10.659441,927,1079.0,0.1589506001489994,0.3562686001489994,0.7509046001489994,1.6388356001489994,,,,
10.66052,927,1079.0,0.2576096001489994,0.3562686001489994,0.7509046001489994,1.7374946001489993,,,,
10.661599,927,1079.0,0.2576096001489994,0.4549276001489994,0.8495636001489993,1.8361536001489993,,,,
10.662678,927,1079.0,0.2576096001489994,0.5535866001489994,0.9482226001489994,1.9348126001489994,,,,
10.663757,927,1079.0,0.3562686001489994,0.5535866001489994,0.9482226001489994,2.1321306001489995,,,,
10.664836,927,1079.0,0.3562686001489994,0.5535866001489994,1.0468816001489993,2.2307896001489995,,,,
10.665915,927,1079.0,0.3562686001489994,0.5535866001489994,1.0468816001489993,2.329448600148999,,,,
10.666994,927,1079.0,0.4549276001489994,0.5535866001489994,1.0468816001489993,2.428107600148999,,,,
10.668073,927,1079.0,0.4549276001489994,0.6522456001489993,1.2441996001489994,2.5267666001489992,,,,
10.669152,927,1079.0,0.4549276001489994,0.7509046001489994,1.2441996001489994,2.5267666001489992,,,,
10.670231,927,1079.0,0.4549276001489994,0.6522456001489993,1.1455406001489994,2.428107600148999,,,,
10.67131,927,1079.0,0.3562686001489994,0.5535866001489994,1.1455406001489994,2.329448600148999,,,,
10.672389,927,1079.0,0.3562686001489994,0.5535866001489994,1.0468816001489993,2.2307896001489995,,,,
10.673468,927,1079.0,0.3562686001489994,0.5535866001489994,1.0468816001489993,2.1321306001489995,,,,
10.674547,927,1079.0,0.2576096001489994,0.4549276001489994,0.9482226001489994,2.0334716001489994,,,,
10.675626,927,1079.0,0.2576096001489994,0.4549276001489994,0.9482226001489994,1.9348126001489994,,,,
10.676705,927,1079.0,0.2576096001489994,0.4549276001489994,0.8495636001489993,1.9348126001489994,,,,
10.677784,927,1079.0,0.1589506001489994,0.3562686001489994,0.7509046001489994,1.8361536001489993,,,,
10.678863,927,1079.0,0.1589506001489994,0.4549276001489994,0.8495636001489993,1.8361536001489993,,,,
10.679942,927,1079.0,0.2576096001489994,0.4549276001489994,0.9482226001489994,2.0334716001489994,,,,
10.681021,927,1079.0,0.2576096001489994,0.4549276001489994,0.9482226001489994,2.0334716001489994,,,,
10.6821,927,1079.0,0.2576096001489994,0.5535866001489994,0.9482226001489994,2.1321306001489995,,,,
10.683179,927,1079.0,0.3562686001489994,0.5535866001489994,1.0468816001489993,2.2307896001489995,,,,
10.684258,927,1079.0,0.3562686001489994,0.5535866001489994,1.0468816001489993,2.2307896001489995,,,,
10.685337,927,1079.0,0.3562686001489994,0.5535866001489994,1.0468816001489993,2.329448600148999,,,,
10.686416,927,1079.0,0.3562686001489994,0.6522456001489993,1.1455406001489994,2.428107600148999,,,,
10.687495,927,1079.0,0.4549276001489994,0.6522456001489993,1.2441996001489994,2.5267666001489992,,,,
10.688574,927,1079.0,0.4549276001489994,0.6522456001489993,1.1455406001489994,2.5267666001489992,,,,
10.689653,927,1079.0,0.4549276001489994,0.6522456001489993,1.1455406001489994,2.428107600148999,,,,
10.690732,927,1079.0,0.3562686001489994,0.6522456001489993,1.0468816001489993,2.2307896001489995,,,,
10.691811,927,1079.0,0.3562686001489994,0.5535866001489994,0.9482226001489994,2.1321306001489995,,,,
10.69289,927,1079.0,0.3562686001489994,0.4549276001489994,0.8495636001489993,2.0334716001489994,,,,
10.693969,927,1079.0,0.2576096001489994,0.4549276001489994,0.8495636001489993,1.9348126001489994,,,,
10.695048,927,1079.0,0.2576096001489994,0.3562686001489994,0.7509046001489994,1.8361536001489993,,,,
10.696127,927,1079.0,0.2576096001489994,0.4549276001489994,0.7509046001489994,1.6388356001489994,,,,
10.697206,927,1079.0,0.1589506001489994,0.3562686001489994,0.6522456001489993,1.5401766001489994,,,,
10.698285,927,1079.0,0.1589506001489994,0.3562686001489994,0.5535866001489994,1.5401766001489994,,,,
10.699364,927,1079.0,0.1589506001489994,0.3562686001489994,0.6522456001489993,1.5401766001489994,,,,
10.700443,927,1079.0,0.2576096001489994,0.3562686001489994,0.7509046001489994,1.6388356001489994,,,,
10.701522,927,1079.0,0.2576096001489994,0.3562686001489994,0.7509046001489994,1.7374946001489993,,,,
10.702601,927,1079.0,0.2576096001489994,0.3562686001489994,0.7509046001489994,1.7374946001489993,,,,
10.70368,927,1079.0,0.2576096001489994,0.4549276001489994,0.8495636001489993,1.8361536001489993,,,,
10.704759,927,1079.0,0.3562686001489994,0.4549276001489994,0.8495636001489993,1.7374946001489993,,,,
10.705838,927,1079.0,0.3562686001489994,0.4549276001489994,0.8495636001489993,1.8361536001489993,,,,
10.706917,927,1079.0,0.3562686001489994,0.4549276001489994,0.8495636001489993,2.0334716001489994,,,,
10.707996,927,1079.0,0.4549276001489994,0.5535866001489994,0.9482226001489994,2.0334716001489994,,,,
10.709075,927,1079.0,0.3562686001489994,0.4549276001489994,0.8495636001489993,1.8361536001489993,,,,
10.710154,927,1079.0,0.3562686001489994,0.4549276001489994,0.6522456001489993,1.7374946001489993,,,,
10.711233,927,1079.0,0.3562686001489994,0.3562686001489994,0.6522456001489993,1.5401766001489994,,,,
10.712312,927,1079.0,0.2576096001489994,0.3562686001489994,0.5535866001489994,1.4415176001489993,,,,
10.713391,927,1079.0,0.2576096001489994,0.2576096001489994,0.4549276001489994,1.2441996001489994,,,,
10.71447,927,1079.0,0.2576096001489994,0.2576096001489994,0.4549276001489994,1.1455406001489994,,,,
10.715549,927,1079.0,0.1589506001489994,0.1589506001489994,0.4549276001489994,0.9482226001489994,,,,
10.716628,927,1079.0,0.1589506001489994,0.1589506001489994,0.2576096001489994,0.8495636001489993,,,,
10.717707,927,1079.0,0.060291600148999404,0.060291600148999404,0.2576096001489994,0.8495636001489993,,,,
10.718786,927,1079.0,0.1589506001489994,0.1589506001489994,0.1589506001489994,0.8495636001489993,,,,
10.719865,927,1079.0,0.1589506001489994,0.1589506001489994,0.2576096001489994,0.9482226001489994,,,,
10.720944,927,1079.0,0.1589506001489994,0.1589506001489994,0.3562686001489994,1.0468816001489993,,,,
10.722023,927,1079.0,0.2576096001489994,0.1589506001489994,0.3562686001489994,1.0468816001489993,,,,
10.723102,927,1079.0,0.1589506001489994,0.1589506001489994,0.3562686001489994,1.1455406001489994,,,,
10.724181,927,1079.0,0.2576096001489994,0.2576096001489994,0.3562686001489994,1.0468816001489993,,,,
10.72526,927,1079.0,0.2576096001489994,0.2576096001489994,0.3562686001489994,1.1455406001489994,,,,
10.726339,927,1079.0,0.3562686001489994,0.2576096001489994,0.4549276001489994,1.2441996001489994,,,,
10.727418,927,1079.0,0.3562686001489994,0.2576096001489994,0.4549276001489994,1.2441996001489994,,,,
10.728497,927,1079.0,0.3562686001489994,0.2576096001489994,0.3562686001489994,1.1455406001489994,,,,
10.729576,927,1079.0,0.2576096001489994,0.2576096001489994,0.3562686001489994,0.9482226001489994,,,,
10.730655,927,1079.0,0.2576096001489994,0.1589506001489994,0.2576096001489994,0.7509046001489994,,,,
10.731734,927,1079.0,0.2576096001489994,0.060291600148999404,0.060291600148999404,0.6522456001489993,,,,
10.732813,927,1079.0,0.1589506001489994,0.060291600148999404,0.060291600148999404,0.5535866001489994,,,,
10.733892,927,1079.0,0.1589506001489994,0.060291600148999404,-0.03836739985100059,0.5535866001489994,,,,
10.734971,927,1079.0,0.1589506001489994,-0.03836739985100059,-0.03836739985100059,0.3562686001489994,,,,
10.73605,927,1079.0,0.060291600148999404,-0.03836739985100059,-0.1370263998510006,0.2576096001489994,,,,
10.737129,927,1079.0,0.060291600148999404,-0.1370263998510006,-0.1370263998510006,0.1589506001489994,,,,
10.738208,927,1079.0,0.060291600148999404,-0.1370263998510006,-0.1370263998510006,0.1589506001489994,,,,
10.739287,927,1079.0,0.060291600148999404,-0.03836739985100059,-0.1370263998510006,0.2576096001489994,,,,
10.740366,927,1079.0,0.1589506001489994,-0.03836739985100059,-0.1370263998510006,0.3562686001489994,,,,
10.741445,927,1079.0,0.1589506001489994,-0.03836739985100059,-0.03836739985100059,0.4549276001489994,,,,
10.742524,927,1079.0,0.1589506001489994,0.060291600148999404,-0.03836739985100059,0.4549276001489994,,,,
10.743603,927,1079.0,0.2576096001489994,-0.03836739985100059,-0.03836739985100059,0.4549276001489994,,,,
10.744682,927,1079.0,0.1589506001489994,0.060291600148999404,-0.03836739985100059,0.4549276001489994,,,,
10.745761,927,1079.0,0.2576096001489994,0.1589506001489994,0.060291600148999404,0.5535866001489994,,,,
10.74684,927,1079.0,0.3562686001489994,0.1589506001489994,0.060291600148999404,0.6522456001489993,,,,
10.747919,927,1079.0,0.2576096001489994,0.1589506001489994,-0.03836739985100059,0.5535866001489994,,,,
10.748998,927,1079.0,0.2576096001489994,0.060291600148999404,-0.03836739985100059,0.4549276001489994,,,,
10.750077,927,1079.0,0.1589506001489994,0.060291600148999404,-0.1370263998510006,0.3562686001489994,,,,
10.751156,927,1079.0,0.1589506001489994,-0.03836739985100059,-0.1370263998510006,0.1589506001489994,,,,
10.752235,927,1079.0,0.060291600148999404,-0.03836739985100059,-0.2356853998510006,0.060291600148999404,,,,
10.753314,927,1079.0,0.1589506001489994,-0.03836739985100059,-0.2356853998510006,-0.03836739985100059,,,,
10.754393,927,1079.0,0.060291600148999404,-0.1370263998510006,-0.33434439985100056,-0.1370263998510006,,,,
10.755472,927,1079.0,0.060291600148999404,-0.1370263998510006,-0.33434439985100056,-0.1370263998510006,,,,
10.756551,927,1079.0,0.060291600148999404,-0.2356853998510006,-0.43300339985100056,-0.2356853998510006,,,,
10.75763,927,1079.0,-0.03836739985100059,-0.2356853998510006,-0.43300339985100056,-0.2356853998510006,,,,
10.758709,927,1079.0,0.060291600148999404,-0.1370263998510006,-0.33434439985100056,-0.1370263998510006,,,,
10.759788,927,1079.0,0.060291600148999404,-0.1370263998510006,-0.33434439985100056,-0.03836739985100059,,,,
10.760867,927,1079.0,0.1589506001489994,-0.03836739985100059,-0.2356853998510006,0.060291600148999404,,,,
10.761946,927,1079.0,0.1589506001489994,-0.03836739985100059,-0.2356853998510006,0.1589506001489994,,,,
10.763025,927,1079.0,0.1589506001489994,-0.03836739985100059,-0.1370263998510006,0.2576096001489994,,,,
10.764104,927,1079.0,0.1589506001489994,-0.03836739985100059,-0.1370263998510006,0.2576096001489994,,,,
10.765183,927,1079.0,0.2576096001489994,0.060291600148999404,-0.03836739985100059,0.3562686001489994,,,,
10.766262,927,1079.0,0.3562686001489994,0.060291600148999404,-0.03836739985100059,0.4549276001489994,,,,
10.767341,927,1079.0,0.3562686001489994,0.060291600148999404,-0.03836739985100059,0.4549276001489994,,,,
10.76842,927,1079.0,0.2576096001489994,0.060291600148999404,-0.1370263998510006,0.3562686001489994,,,,
10.769499,927,1079.0,0.1589506001489994,-0.03836739985100059,-0.1370263998510006,0.2576096001489994,,,,
10.770578,927,1079.0,0.1589506001489994,-0.03836739985100059,-0.2356853998510006,0.1589506001489994,,,,
10.771657,927,1079.0,0.1589506001489994,-0.03836739985100059,-0.2356853998510006,0.1589506001489994,,,,
10.772736,927,1079.0,0.1589506001489994,-0.1370263998510006,-0.33434439985100056,0.060291600148999404,,,,
10.773815,927,1079.0,0.060291600148999404,-0.03836739985100059,-0.33434439985100056,-0.03836739985100059,,,,
10.774894,927,1079.0,0.060291600148999404,-0.1370263998510006,-0.33434439985100056,-0.1370263998510006,,,,
10.775973,927,1079.0,0.060291600148999404,-0.1370263998510006,-0.33434439985100056,-0.1370263998510006,,,,
10.777052,927,1079.0,-0.03836739985100059,-0.1370263998510006,-0.33434439985100056,-0.1370263998510006,,,,
10.778131,927,1079.0,0.060291600148999404,-0.03836739985100059,-0.2356853998510006,-0.03836739985100059,,,,
10.77921,927,1079.0,0.1589506001489994,-0.1370263998510006,-0.1370263998510006,0.1589506001489994,,,,
10.780289,927,1079.0,0.060291600148999404,-0.03836739985100059,-0.1370263998510006,0.2576096001489994,,,,
10.781368,927,1079.0,0.1589506001489994,0.060291600148999404,-0.03836739985100059,0.3562686001489994,,,,
10.782447,927,1079.0,0.1589506001489994,0.060291600148999404,-0.03836739985100059,0.4549276001489994,,,,
10.783526,927,1079.0,0.1589506001489994,0.060291600148999404,0.060291600148999404,0.5535866001489994,,,,
10.784605,927,1079.0,0.2576096001489994,0.1589506001489994,0.1589506001489994,0.6522456001489993,,,,
10.785684,927,1079.0,0.2576096001489994,0.2576096001489994,0.1589506001489994,0.8495636001489993,,,,
10.786763,927,1079.0,0.3562686001489994,0.2576096001489994,0.1589506001489994,0.8495636001489993,,,,
10.787842,927,1079.0,0.2576096001489994,0.1589506001489994,0.1589506001489994,0.7509046001489994,,,,
10.788921,927,1079.0,0.2576096001489994,0.1589506001489994,0.1589506001489994,0.6522456001489993,,,,
10.79,927,1079.0,0.2576096001489994,0.1589506001489994,0.060291600148999404,0.6522456001489993,,,,
10.791079,927,1079.0,0.1589506001489994,0.060291600148999404,0.1589506001489994,0.6522456001489993,,,,
10.792158,927,1079.0,0.1589506001489994,0.060291600148999404,0.060291600148999404,0.5535866001489994,,,,
10.793237,927,1079.0,0.1589506001489994,0.060291600148999404,0.060291600148999404,0.5535866001489994,,,,
10.794316,927,1079.0,0.060291600148999404,0.060291600148999404,-0.03836739985100059,0.4549276001489994,,,,
10.795395,927,1079.0,0.060291600148999404,-0.03836739985100059,-0.03836739985100059,0.4549276001489994,,,,
10.796474,927,1079.0,0.060291600148999404,0.060291600148999404,0.060291600148999404,0.4549276001489994,,,,
10.797553,927,1079.0,0.060291600148999404,0.060291600148999404,0.1589506001489994,0.6522456001489993,,,,
10.798632,927,1079.0,0.1589506001489994,0.060291600148999404,0.1589506001489994,0.8495636001489993,,,,
10.799711,927,1079.0,0.2576096001489994,0.1589506001489994,0.2576096001489994,0.8495636001489993,,,,
10.80079,927,1079.0,0.2576096001489994,0.1589506001489994,0.2576096001489994,1.0468816001489993,,,,
10.801869,927,1079.0,0.2576096001489994,0.2576096001489994,0.3562686001489994,1.0468816001489993,,,,
10.802948,927,1079.0,0.2576096001489994,0.2576096001489994,0.4549276001489994,1.2441996001489994,,,,
10.804027,927,1079.0,0.3562686001489994,0.2576096001489994,0.5535866001489994,1.4415176001489993,,,,
10.805106,927,1079.0,0.3562686001489994,0.3562686001489994,0.6522456001489993,1.5401766001489994,,,,
10.806185,927,1079.0,0.3562686001489994,0.3562686001489994,0.6522456001489993,1.6388356001489994,,,,
10.807264,927,1079.0,0.3562686001489994,0.3562686001489994,0.6522456001489993,1.4415176001489993,,,,
10.808343,927,1079.0,0.3562686001489994,0.3562686001489994,0.5535866001489994,1.4415176001489993,,,,
10.809422,927,1079.0,0.3562686001489994,0.3562686001489994,0.5535866001489994,1.3428586001489993,,,,
10.810501,927,1079.0,0.2576096001489994,0.2576096001489994,0.5535866001489994,1.3428586001489993,,,,
10.81158,927,1079.0,0.2576096001489994,0.2576096001489994,0.5535866001489994,1.3428586001489993,,,,
10.812659,927,1079.0,0.2576096001489994,0.2576096001489994,0.5535866001489994,1.3428586001489993,,,,
10.813738,927,1079.0,0.1589506001489994,0.2576096001489994,0.4549276001489994,1.2441996001489994,,,,
10.814817,927,1079.0,0.1589506001489994,0.1589506001489994,0.3562686001489994,1.1455406001489994,,,,
10.815896,927,1079.0,0.1589506001489994,0.1589506001489994,0.4549276001489994,1.1455406001489994,,,,
10.816975,927,1079.0,0.1589506001489994,0.2576096001489994,0.4549276001489994,1.2441996001489994,,,,
10.818054,927,1079.0,0.2576096001489994,0.2576096001489994,0.6522456001489993,1.5401766001489994,,,,
10.819133,927,1079.0,0.1589506001489994,0.3562686001489994,0.6522456001489993,1.6388356001489994,,,,
10.820212,927,1079.0,0.2576096001489994,0.3562686001489994,0.7509046001489994,1.7374946001489993,,,,
10.821291,927,1079.0,0.3562686001489994,0.4549276001489994,0.7509046001489994,1.8361536001489993,,,,
10.82237,927,1079.0,0.3562686001489994,0.4549276001489994,0.8495636001489993,1.9348126001489994,,,,
10.823449,927,1079.0,0.3562686001489994,0.4549276001489994,0.8495636001489993,2.0334716001489994,,,,
10.824528,927,1079.0,0.4549276001489994,0.5535866001489994,1.0468816001489993,2.2307896001489995,,,,
10.825607,927,1079.0,0.4549276001489994,0.5535866001489994,1.0468816001489993,2.329448600148999,,,,
10.826686,927,1079.0,0.4549276001489994,0.5535866001489994,1.0468816001489993,2.2307896001489995,,,,
10.827765,927,1079.0,0.3562686001489994,0.5535866001489994,0.9482226001489994,2.1321306001489995,,,,
10.828844,927,1079.0,0.3562686001489994,0.5535866001489994,0.9482226001489994,2.0334716001489994,,,,
10.829923,927,1079.0,0.2576096001489994,0.5535866001489994,0.9482226001489994,1.9348126001489994,,,,
10.831002,927,1079.0,0.2576096001489994,0.4549276001489994,0.8495636001489993,1.9348126001489994,,,,
10.832081,927,1079.0,0.2576096001489994,0.4549276001489994,0.8495636001489993,1.9348126001489994,,,,
10.83316,927,1079.0,0.2576096001489994,0.3562686001489994,0.8495636001489993,1.7374946001489993,,,,
10.834239,927,1079.0,0.1589506001489994,0.3562686001489994,0.7509046001489994,1.7374946001489993,,,,
10.835318,927,1079.0,0.1589506001489994,0.4549276001489994,0.7509046001489994,1.7374946001489993,,,,
10.836397,927,1079.0,0.1589506001489994,0.4549276001489994,0.7509046001489994,1.7374946001489993,,,,
10.837476,927,1079.0,0.2576096001489994,0.4549276001489994,0.8495636001489993,1.9348126001489994,,,,
10.838555,927,1079.0,0.2576096001489994,0.4549276001489994,0.9482226001489994,2.1321306001489995,,,,
10.839634,927,1079.0,0.2576096001489994,0.5535866001489994,1.0468816001489993,2.2307896001489995,,,,
10.840713,927,1079.0,0.3562686001489994,0.5535866001489994,1.0468816001489993,2.329448600148999,,,,
10.841792,927,1079.0,0.3562686001489994,0.6522456001489993,1.0468816001489993,2.329448600148999,,,,
10.842871,927,1079.0,0.3562686001489994,0.6522456001489993,1.1455406001489994,2.329448600148999,,,,
10.84395,927,1079.0,0.4549276001489994,0.6522456001489993,1.2441996001489994,2.5267666001489992,,,,
10.845029,927,1079.0,0.4549276001489994,0.7509046001489994,1.2441996001489994,2.5267666001489992,,,,
10.846108,927,1079.0,0.4549276001489994,0.6522456001489993,1.2441996001489994,2.5267666001489992,,,,
10.847187,927,1079.0,0.3562686001489994,0.6522456001489993,1.1455406001489994,2.428107600148999,,,,
10.848266,927,1079.0,0.3562686001489994,0.6522456001489993,1.0468816001489993,2.329448600148999,,,,
10.849345,927,1079.0,0.3562686001489994,0.5535866001489994,1.0468816001489993,2.1321306001489995,,,,
10.850424,927,1079.0,0.3562686001489994,0.5535866001489994,0.9482226001489994,2.1321306001489995,,,,
10.851503,927,1079.0,0.2576096001489994,0.4549276001489994,0.9482226001489994,2.0334716001489994,,,,
10.852582,927,1079.0,0.2576096001489994,0.4549276001489994,0.8495636001489993,1.9348126001489994,,,,
10.853661,927,1079.0,0.2576096001489994,0.4549276001489994,0.8495636001489993,1.8361536001489993,,,,
10.85474,927,1079.0,0.2576096001489994,0.3562686001489994,0.7509046001489994,1.7374946001489993,,,,
10.855819,927,1079.0,0.1589506001489994,0.4549276001489994,0.8495636001489993,1.8361536001489993,,,,
10.856898,927,1079.0,0.2576096001489994,0.4549276001489994,0.8495636001489993,1.9348126001489994,,,,
10.857977,927,1079.0,0.2576096001489994,0.4549276001489994,0.8495636001489993,2.0334716001489994,,,,
10.859056,927,1079.0,0.2576096001489994,0.4549276001489994,0.9482226001489994,2.0334716001489994,,,,
10.860135,927,1079.0,0.3562686001489994,0.5535866001489994,0.9482226001489994,2.1321306001489995,,,,
10.861214,927,1079.0,0.3562686001489994,0.5535866001489994,1.0468816001489993,2.1321306001489995,,,,
10.862293,927,1079.0,0.3562686001489994,0.5535866001489994,0.9482226001489994,2.1321306001489995,,,,
10.863372,927,1079.0,0.4549276001489994,0.6522456001489993,1.0468816001489993,2.329448600148999,,,,
10.864451,927,1079.0,0.4549276001489994,0.6522456001489993,1.1455406001489994,2.329448600148999,,,,
10.86553,927,1079.0,0.4549276001489994,0.6522456001489993,1.0468816001489993,2.2307896001489995,,,,
10.866609,927,1079.0,0.3562686001489994,0.5535866001489994,0.9482226001489994,2.1321306001489995,,,,
10.867688,927,1079.0,0.3562686001489994,0.4549276001489994,0.8495636001489993,2.0334716001489994,,,,
10.868767,927,1079.0,0.3562686001489994,0.4549276001489994,0.8495636001489993,1.8361536001489993,,,,
10.869846,927,1079.0,0.2576096001489994,0.4549276001489994,0.7509046001489994,1.7374946001489993,,,,
10.870925,927,1079.0,0.2576096001489994,0.3562686001489994,0.6522456001489993,1.5401766001489994,,,,
10.872004,927,1079.0,0.1589506001489994,0.3562686001489994,0.6522456001489993,1.4415176001489993,,,,
10.873083,927,1079.0,0.2576096001489994,0.2576096001489994,0.5535866001489994,1.4415176001489993,,,,
10.874162,927,1079.0,0.1589506001489994,0.2576096001489994,0.5535866001489994,1.3428586001489993,,,,
10.875241,927,1079.0,0.1589506001489994,0.2576096001489994,0.5535866001489994,1.3428586001489993,,,,
10.87632,927,1079.0,0.1589506001489994,0.2576096001489994,0.5535866001489994,1.3428586001489993,,,,
10.877399,927,1079.0,0.2576096001489994,0.3562686001489994,0.5535866001489994,1.4415176001489993,,,,
10.878478,927,1079.0,0.2576096001489994,0.2576096001489994,0.5535866001489994,1.4415176001489993,,,,
10.879557,927,1079.0,0.2576096001489994,0.3562686001489994,0.6522456001489993,1.5401766001489994,,,,
10.880636,927,1079.0,0.2576096001489994,0.3562686001489994,0.6522456001489993,1.5401766001489994,,,,
10.881715,927,1079.0,0.2576096001489994,0.3562686001489994,0.6522456001489993,1.5401766001489994,,,,
10.882794,927,1079.0,0.3562686001489994,0.3562686001489994,0.6522456001489993,1.6388356001489994,,,,
10.883873,927,1079.0,0.4549276001489994,0.4549276001489994,0.7509046001489994,1.6388356001489994,,,,
10.884952,927,1079.0,0.3562686001489994,0.4549276001489994,0.6522456001489993,1.5401766001489994,,,,
10.886031,927,1079.0,0.3562686001489994,0.3562686001489994,0.5535866001489994,1.4415176001489993,,,,
10.88711,927,1079.0,0.3562686001489994,0.3562686001489994,0.5535866001489994,1.3428586001489993,,,,
10.888189,927,1079.0,0.2576096001489994,0.2576096001489994,0.4549276001489994,1.1455406001489994,,,,
10.889268,927,1079.0,0.2576096001489994,0.1589506001489994,0.3562686001489994,1.0468816001489993,,,,
10.890347,927,1079.0,0.1589506001489994,0.1589506001489994,0.2576096001489994,0.9482226001489994,,,,
10.891426,927,1079.0,0.1589506001489994,0.1589506001489994,0.1589506001489994,0.7509046001489994,,,,
10.892505,927,1079.0,0.1589506001489994,0.060291600148999404,0.1589506001489994,0.6522456001489993,,,,
10.893584,927,1079.0,0.060291600148999404,0.060291600148999404,0.060291600148999404,0.5535866001489994,,,,
10.894663,927,1079.0,0.060291600148999404,-0.03836739985100059,0.060291600148999404,0.5535866001489994,,,,
10.895742,927,1079.0,0.060291600148999404,-0.03836739985100059,0.060291600148999404,0.6522456001489993,,,,
10.896821,927,1079.0,0.1589506001489994,0.060291600148999404,0.1589506001489994,0.6522456001489993,,,,
10.8979,927,1079.0,0.2576096001489994,0.060291600148999404,0.1589506001489994,0.7509046001489994,,,,
10.898979,927,1079.0,0.2576096001489994,0.1589506001489994,0.1589506001489994,0.7509046001489994,,,,
10.900058,927,1079.0,0.2576096001489994,0.1589506001489994,0.1589506001489994,0.7509046001489994,,,,
10.901137,927,1079.0,0.2576096001489994,0.1589506001489994,0.2576096001489994,0.8495636001489993,,,,
10.902216,927,1079.0,0.2576096001489994,0.1589506001489994,0.1589506001489994,0.8495636001489993,,,,
10.903295,927,1079.0,0.3562686001489994,0.2576096001489994,0.2576096001489994,1.0468816001489993,,,,
10.904374,927,1079.0,0.3562686001489994,0.2576096001489994,0.2576096001489994,0.9482226001489994,,,,
10.905453,927,1079.0,0.3562686001489994,0.1589506001489994,0.1589506001489994,0.7509046001489994,,,,
10.906532,927,1079.0,0.2576096001489994,0.1589506001489994,0.060291600148999404,0.5535866001489994,,,,
10.907611,927,1079.0,0.2576096001489994,0.060291600148999404,-0.03836739985100059,0.4549276001489994,,,,
10.90869,927,1079.0,0.1589506001489994,0.060291600148999404,-0.03836739985100059,0.3562686001489994,,,,
10.909769,927,1079.0,0.1589506001489994,-0.03836739985100059,-0.1370263998510006,0.3562686001489994,,,,
10.910848,927,1079.0,0.1589506001489994,-0.03836739985100059,-0.1370263998510006,0.1589506001489994,,,,
10.911927,927,1079.0,0.060291600148999404,-0.1370263998510006,-0.33434439985100056,0.060291600148999404,,,,
10.913006,927,1079.0,0.060291600148999404,-0.1370263998510006,-0.33434439985100056,-0.03836739985100059,,,,
10.914085,927,1079.0,0.060291600148999404,-0.1370263998510006,-0.33434439985100056,-0.03836739985100059,,,,
10.915164,927,1079.0,0.060291600148999404,-0.1370263998510006,-0.2356853998510006,-0.03836739985100059,,,,
10.916243,927,1079.0,0.060291600148999404,-0.1370263998510006,-0.2356853998510006,0.060291600148999404,,,,
10.917322,927,1079.0,0.1589506001489994,-0.03836739985100059,-0.2356853998510006,0.1589506001489994,,,,
10.918401,927,1079.0,0.1589506001489994,-0.03836739985100059,-0.2356853998510006,0.2576096001489994,,,,
10.91948,927,1079.0,0.1589506001489994,-0.03836739985100059,-0.1370263998510006,0.2576096001489994,,,,
10.920559,927,1079.0,0.2576096001489994,-0.03836739985100059,-0.1370263998510006,0.2576096001489994,,,,
10.921638,927,1079.0,0.2576096001489994,0.060291600148999404,-0.03836739985100059,0.3562686001489994,,,,
10.922717,927,1079.0,0.2576096001489994,0.060291600148999404,0.060291600148999404,0.5535866001489994,,,,
10.923796,927,1079.0,0.2576096001489994,0.060291600148999404,0.060291600148999404,0.5535866001489994,,,,
10.924875,927,1079.0,0.2576096001489994,0.060291600148999404,-0.03836739985100059,0.4549276001489994,,,,
10.925954,927,1079.0,0.2576096001489994,0.060291600148999404,-0.1370263998510006,0.2576096001489994,,,,
10.927033,927,1079.0,0.1589506001489994,-0.03836739985100059,-0.2356853998510006,0.1589506001489994,,,,
10.928112,927,1079.0,0.1589506001489994,-0.03836739985100059,-0.2356853998510006,0.060291600148999404,,,,
10.929191,927,1079.0,0.1589506001489994,-0.1370263998510006,-0.2356853998510006,0.060291600148999404,,,,
10.93027,927,1079.0,0.060291600148999404,-0.1370263998510006,-0.33434439985100056,-0.03836739985100059,,,,
10.931349,927,1079.0,0.060291600148999404,-0.2356853998510006,-0.43300339985100056,-0.1370263998510006,,,,
10.932428,927,1079.0,0.060291600148999404,-0.1370263998510006,-0.43300339985100056,-0.2356853998510006,,,,
10.933507,927,1079.0,0.060291600148999404,-0.2356853998510006,-0.5316623998510006,-0.2356853998510006,,,,
10.934586,927,1079.0,0.060291600148999404,-0.1370263998510006,-0.43300339985100056,-0.1370263998510006,,,,
10.935665,927,1079.0,0.060291600148999404,-0.1370263998510006,-0.33434439985100056,-0.03836739985100059,,,,
10.936744,927,1079.0,0.060291600148999404,-0.1370263998510006,-0.2356853998510006,0.060291600148999404,,,,
10.937823,927,1079.0,0.1589506001489994,-0.1370263998510006,-0.2356853998510006,0.2576096001489994,,,,
10.938902,927,1079.0,0.1589506001489994,-0.03836739985100059,-0.1370263998510006,0.2576096001489994,,,,
10.939981,927,1079.0,0.1589506001489994,0.060291600148999404,-0.1370263998510006,0.2576096001489994,,,,
10.94106,927,1079.0,0.2576096001489994,0.060291600148999404,-0.1370263998510006,0.3562686001489994,,,,
10.942139,927,1079.0,0.2576096001489994,0.1589506001489994,0.060291600148999404,0.4549276001489994,,,,
10.943218,927,1079.0,0.2576096001489994,0.1589506001489994,0.060291600148999404,0.5535866001489994,,,,
10.944297,927,1079.0,0.2576096001489994,0.1589506001489994,0.060291600148999404,0.5535866001489994,,,,
10.945376,927,1079.0,0.2576096001489994,0.060291600148999404,0.060291600148999404,0.4549276001489994,,,,
10.946455,927,1079.0,0.1589506001489994,-0.03836739985100059,-0.03836739985100059,0.2576096001489994,,,,
10.947534,927,1079.0,0.1589506001489994,0.060291600148999404,-0.1370263998510006,0.1589506001489994,,,,
10.948613,927,1079.0,0.1589506001489994,-0.03836739985100059,-0.1370263998510006,0.1589506001489994,,,,
10.949692,927,1079.0,0.1589506001489994,-0.03836739985100059,-0.1370263998510006,0.1589506001489994,,,,
10.950771,927,1079.0,0.060291600148999404,-0.03836739985100059,-0.2356853998510006,0.1589506001489994,,,,
10.95185,927,1079.0,0.060291600148999404,-0.1370263998510006,-0.2356853998510006,0.060291600148999404,,,,
10.952929,927,1079.0,0.060291600148999404,-0.1370263998510006,-0.2356853998510006,0.060291600148999404,,,,
10.954008,927,1079.0,0.060291600148999404,-0.1370263998510006,-0.2356853998510006,0.1589506001489994,,,,
10.955087,927,1079.0,0.060291600148999404,-0.03836739985100059,-0.03836739985100059,0.2576096001489994,,,,
10.956166,927,1079.0,0.1589506001489994,-0.03836739985100059,-0.03836739985100059,0.4549276001489994,,,,
10.957245,927,1079.0,0.1589506001489994,0.060291600148999404,0.060291600148999404,0.5535866001489994,,,,
10.958324,927,1079.0,0.1589506001489994,0.060291600148999404,0.060291600148999404,0.7509046001489994,,,,
10.959403,927,1079.0,0.1589506001489994,0.1589506001489994,0.1589506001489994,0.7509046001489994,,,,
10.960482,927,1079.0,0.2576096001489994,0.1589506001489994,0.1589506001489994,0.7509046001489994,,,,
10.961561,927,1079.0,0.2576096001489994,0.2576096001489994,0.3562686001489994,0.9482226001489994,,,,
10.96264,927,1079.0,0.3562686001489994,0.2576096001489994,0.3562686001489994,1.1455406001489994,,,,
10.963719,927,1079.0,0.3562686001489994,0.2576096001489994,0.3562686001489994,1.1455406001489994,,,,
10.964798,927,1079.0,0.2576096001489994,0.2576096001489994,0.3562686001489994,1.0468816001489993,,,,
10.965877,927,1079.0,0.2576096001489994,0.1589506001489994,0.2576096001489994,0.9482226001489994,,,,
10.966956,927,1079.0,0.2576096001489994,0.1589506001489994,0.2576096001489994,0.8495636001489993,,,,
10.968035,927,1079.0,0.2576096001489994,0.1589506001489994,0.1589506001489994,0.8495636001489993,,,,
10.969114,927,1079.0,0.2576096001489994,0.1589506001489994,0.1589506001489994,0.8495636001489993,,,,
10.970193,927,1079.0,0.1589506001489994,0.1589506001489994,0.1589506001489994,0.7509046001489994,,,,
10.971272,927,1079.0,0.1589506001489994,0.060291600148999404,0.1589506001489994,0.7509046001489994,,,,
10.972351,927,1079.0,0.060291600148999404,0.060291600148999404,0.1589506001489994,0.7509046001489994,,,,
10.97343,927,1079.0,0.1589506001489994,0.060291600148999404,0.2576096001489994,0.8495636001489993,,,,
10.974509,927,1079.0,0.1589506001489994,0.1589506001489994,0.2576096001489994,0.9482226001489994,,,,
10.975588,927,1079.0,0.1589506001489994,0.1589506001489994,0.3562686001489994,1.0468816001489993,,,,
10.976667,927,1079.0,0.1589506001489994,0.2576096001489994,0.4549276001489994,1.2441996001489994,,,,
10.977746,927,1079.0,0.2576096001489994,0.2576096001489994,0.5535866001489994,1.3428586001489993,,,,
10.978825,927,1079.0,0.2576096001489994,0.3562686001489994,0.6522456001489993,1.4415176001489993,,,,
10.979904,927,1079.0,0.2576096001489994,0.3562686001489994,0.6522456001489993,1.5401766001489994,,,,
10.980983,927,1079.0,0.3562686001489994,0.4549276001489994,0.7509046001489994,1.7374946001489993,,,,
10.982062,927,1079.0,0.3562686001489994,0.5535866001489994,0.8495636001489993,1.8361536001489993,,,,
10.983141,927,1079.0,0.3562686001489994,0.5535866001489994,0.8495636001489993,1.8361536001489993,,,,
10.98422,927,1079.0,0.3562686001489994,0.4549276001489994,0.7509046001489994,1.7374946001489993,,,,
10.985299,927,1079.0,0.3562686001489994,0.4549276001489994,0.8495636001489993,1.7374946001489993,,,,
10.986378,927,1079.0,0.2576096001489994,0.3562686001489994,0.7509046001489994,1.6388356001489994,,,,
10.987457,927,1079.0,0.2576096001489994,0.3562686001489994,0.7509046001489994,1.6388356001489994,,,,
10.988536,927,1079.0,0.2576096001489994,0.3562686001489994,0.7509046001489994,1.5401766001489994,,,,
10.989615,927,1079.0,0.2576096001489994,0.3562686001489994,0.6522456001489993,1.4415176001489993,,,,
10.990694,927,1079.0,0.1589506001489994,0.3562686001489994,0.6522456001489993,1.4415176001489993,,,,
10.991773,927,1079.0,0.1589506001489994,0.2576096001489994,0.5535866001489994,1.4415176001489993,,,,
10.992852,927,1079.0,0.1589506001489994,0.2576096001489994,0.6522456001489993,1.5401766001489994,,,,
10.993931,927,1079.0,0.1589506001489994,0.3562686001489994,0.7509046001489994,1.6388356001489994,,,,
10.99501,927,1079.0,0.1589506001489994,0.4549276001489994,0.7509046001489994,1.7374946001489993,,,,
10.996089,927,1079.0,0.2576096001489994,0.4549276001489994,0.8495636001489993,1.8361536001489993,,,,
10.997168,927,1079.0,0.3562686001489994,0.4549276001489994,0.9482226001489994,2.0334716001489994,,,,
10.998247,927,1079.0,0.3562686001489994,0.4549276001489994,0.9482226001489994,2.1321306001489995,,,,
10.999326,927,1079.0,0.3562686001489994,0.5535866001489994,1.0468816001489993,2.2307896001489995,,,,
11.000405,927,1079.0,0.3562686001489994,0.6522456001489993,1.1455406001489994,2.329448600148999,,,,
11.001484,927,1079.0,0.4549276001489994,0.6522456001489993,1.2441996001489994,2.428107600148999,,,,
11.002563,927,1079.0,0.4549276001489994,0.6522456001489993,1.1455406001489994,2.428107600148999,,,,
11.003642,927,1079.0,0.4549276001489994,0.6522456001489993,1.1455406001489994,2.329448600148999,,,,
11.004721,927,1079.0,0.4549276001489994,0.5535866001489994,1.0468816001489993,2.329448600148999,,,,
11.0058,927,1079.0,0.3562686001489994,0.5535866001489994,1.0468816001489993,2.2307896001489995,,,,
11.006879,927,1079.0,0.3562686001489994,0.5535866001489994,1.0468816001489993,2.1321306001489995,,,,
11.007958,927,1079.0,0.2576096001489994,0.5535866001489994,0.9482226001489994,2.0334716001489994,,,,
11.009037,927,1079.0,0.2576096001489994,0.4549276001489994,0.8495636001489993,1.9348126001489994,,,,
11.010116,927,1079.0,0.2576096001489994,0.4549276001489994,0.7509046001489994,1.8361536001489993,,,,
11.011195,927,1079.0,0.2576096001489994,0.4549276001489994,0.7509046001489994,1.8361536001489993,,,,
11.012274,927,1079.0,0.1589506001489994,0.4549276001489994,0.8495636001489993,1.8361536001489993,,,,
11.013353,927,1079.0,0.1589506001489994,0.4549276001489994,0.8495636001489993,1.9348126001489994,,,,
11.014432,927,1079.0,0.2576096001489994,0.4549276001489994,0.9482226001489994,2.0334716001489994,,,,
11.015511,927,1079.0,0.2576096001489994,0.4549276001489994,0.9482226001489994,2.1321306001489995,,,,
11.01659,927,1079.0,0.3562686001489994,0.5535866001489994,0.9482226001489994,2.2307896001489995,,,,
11.017669,927,1079.0,0.3562686001489994,0.5535866001489994,1.0468816001489993,2.2307896001489995,,,,
11.018748,927,1079.0,0.3562686001489994,0.6522456001489993,1.1455406001489994,2.329448600148999,,,,
11.019827,927,1079.0,0.4549276001489994,0.6522456001489993,1.1455406001489994,2.428107600148999,,,,
11.020906,927,1079.0,0.4549276001489994,0.7509046001489994,1.2441996001489994,2.5267666001489992,,,,
11.021985,927,1079.0,0.4549276001489994,0.6522456001489993,1.2441996001489994,2.5267666001489992,,,,
11.023064,927,1079.0,0.4549276001489994,0.6522456001489993,1.1455406001489994,2.428107600148999,,,,
11.024143,927,1079.0,0.3562686001489994,0.6522456001489993,1.1455406001489994,2.329448600148999,,,,
11.025222,927,1079.0,0.3562686001489994,0.5535866001489994,1.0468816001489993,2.1321306001489995,,,,
11.026301,927,1079.0,0.3562686001489994,0.5535866001489994,0.9482226001489994,2.0334716001489994,,,,
11.02738,927,1079.0,0.2576096001489994,0.4549276001489994,0.9482226001489994,2.0334716001489994,,,,
11.028459,927,1079.0,0.2576096001489994,0.4549276001489994,0.9482226001489994,1.9348126001489994,,,,
11.029538,927,1079.0,0.2576096001489994,0.4549276001489994,0.7509046001489994,1.7374946001489993,,,,
11.030617,927,1079.0,0.1589506001489994,0.3562686001489994,0.7509046001489994,1.6388356001489994,,,,
11.031696,927,1079.0,0.1589506001489994,0.3562686001489994,0.7509046001489994,1.5401766001489994,,,,
11.032775,927,1079.0,0.1589506001489994,0.3562686001489994,0.7509046001489994,1.7374946001489993,,,,
11.033854,927,1079.0,0.2576096001489994,0.3562686001489994,0.7509046001489994,1.8361536001489993,,,,
11.034933,927,1079.0,0.1589506001489994,0.3562686001489994,0.8495636001489993,1.8361536001489993,,,,
11.036012,927,1079.0,0.2576096001489994,0.4549276001489994,0.8495636001489993,1.9348126001489994,,,,
11.037091,927,1079.0,0.2576096001489994,0.4549276001489994,0.8495636001489993,1.9348126001489994,,,,
11.03817,927,1079.0,0.2576096001489994,0.5535866001489994,0.8495636001489993,1.9348126001489994,,,,
11.039249,927,1079.0,0.3562686001489994,0.4549276001489994,0.8495636001489993,2.0334716001489994,,,,
11.040328,927,1079.0,0.3562686001489994,0.5535866001489994,0.9482226001489994,2.1321306001489995,,,,
11.041407,927,1079.0,0.3562686001489994,0.5535866001489994,0.9482226001489994,2.1321306001489995,,,,
11.042486,927,1079.0,0.3562686001489994,0.5535866001489994,0.9482226001489994,2.0334716001489994,,,,
11.043565,927,1079.0,0.3562686001489994,0.5535866001489994,0.7509046001489994,1.8361536001489993,,,,
11.044644,927,1079.0,0.3562686001489994,0.4549276001489994,0.7509046001489994,1.6388356001489994,,,,
11.045723,927,1079.0,0.3562686001489994,0.3562686001489994,0.6522456001489993,1.5401766001489994,,,,
11.046802,927,1079.0,0.2576096001489994,0.3562686001489994,0.5535866001489994,1.4415176001489993,,,,
11.047881,927,1079.0,0.2576096001489994,0.2576096001489994,0.5535866001489994,1.3428586001489993,,,,
11.04896,927,1079.0,0.1589506001489994,0.1589506001489994,0.4549276001489994,1.2441996001489994,,,,
11.050039,927,1079.0,0.1589506001489994,0.1589506001489994,0.3562686001489994,1.0468816001489993,,,,
11.051118,927,1079.0,0.060291600148999404,0.1589506001489994,0.2576096001489994,0.9482226001489994,,,,
11.052197,927,1079.0,0.1589506001489994,0.1589506001489994,0.3562686001489994,0.9482226001489994,,,,
11.053276,927,1079.0,0.1589506001489994,0.2576096001489994,0.3562686001489994,1.0468816001489993,,,,
11.054355,927,1079.0,0.1589506001489994,0.2576096001489994,0.4549276001489994,1.1455406001489994,,,,
11.055434,927,1079.0,0.2576096001489994,0.2576096001489994,0.4549276001489994,1.2441996001489994,,,,
11.056513,927,1079.0,0.2576096001489994,0.2576096001489994,0.4549276001489994,1.2441996001489994,,,,
11.057592,927,1079.0,0.2576096001489994,0.2576096001489994,0.4549276001489994,1.2441996001489994,,,,
11.058671,927,1079.0,0.2576096001489994,0.3562686001489994,0.4549276001489994,1.2441996001489994,,,,
11.05975,927,1079.0,0.3562686001489994,0.3562686001489994,0.5535866001489994,1.3428586001489993,,,,
11.060829,927,1079.0,0.3562686001489994,0.3562686001489994,0.5535866001489994,1.4415176001489993,,,,
11.061908,927,1079.0,0.3562686001489994,0.3562686001489994,0.4549276001489994,1.2441996001489994,,,,
11.062987,927,1079.0,0.3562686001489994,0.2576096001489994,0.3562686001489994,1.1455406001489994,,,,
11.064066,927,1079.0,0.2576096001489994,0.2576096001489994,0.3562686001489994,0.9482226001489994,,,,
11.065145,927,1079.0,0.2576096001489994,0.1589506001489994,0.1589506001489994,0.8495636001489993,,,,
11.066224,927,1079.0,0.1589506001489994,0.1589506001489994,0.1589506001489994,0.6522456001489993,,,,
11.067303,927,1079.0,0.1589506001489994,0.060291600148999404,0.060291600148999404,0.7509046001489994,,,,
11.068382,927,1079.0,0.1589506001489994,0.060291600148999404,-0.03836739985100059,0.5535866001489994,,,,
11.069461,927,1079.0,0.060291600148999404,-0.03836739985100059,-0.03836739985100059,0.4549276001489994,,,,
11.07054,927,1079.0,0.060291600148999404,-0.03836739985100059,-0.1370263998510006,0.2576096001489994,,,,
11.071619,927,1079.0,0.060291600148999404,-0.03836739985100059,-0.03836739985100059,0.3562686001489994,,,,
11.072698,927,1079.0,0.060291600148999404,-0.03836739985100059,-0.03836739985100059,0.3562686001489994,,,,
11.073777,927,1079.0,0.1589506001489994,-0.03836739985100059,-0.03836739985100059,0.3562686001489994,,,,
11.074856,927,1079.0,0.1589506001489994,0.060291600148999404,0.060291600148999404,0.5535866001489994,,,,
11.075935,927,1079.0,0.1589506001489994,0.060291600148999404,0.060291600148999404,0.5535866001489994,,,,
11.077014,927,1079.0,0.2576096001489994,0.060291600148999404,0.060291600148999404,0.6522456001489993,,,,
11.078093,927,1079.0,0.2576096001489994,0.060291600148999404,0.060291600148999404,0.6522456001489993,,,,
11.079172,927,1079.0,0.2576096001489994,0.1589506001489994,0.1589506001489994,0.7509046001489994,,,,
11.080251,927,1079.0,0.2576096001489994,0.1589506001489994,0.1589506001489994,0.7509046001489994,,,,
11.08133,927,1079.0,0.3562686001489994,0.1589506001489994,0.060291600148999404,0.6522456001489993,,,,
11.082409,927,1079.0,0.2576096001489994,0.060291600148999404,0.060291600148999404,0.5535866001489994,,,,
11.083488,927,1079.0,0.2576096001489994,0.060291600148999404,-0.03836739985100059,0.4549276001489994,,,,
11.084567,927,1079.0,0.1589506001489994,-0.03836739985100059,-0.1370263998510006,0.2576096001489994,,,,
11.085646,927,1079.0,0.1589506001489994,-0.03836739985100059,-0.2356853998510006,0.1589506001489994,,,,
11.086725,927,1079.0,0.1589506001489994,-0.03836739985100059,-0.2356853998510006,0.060291600148999404,,,,
11.087804,927,1079.0,0.060291600148999404,-0.1370263998510006,-0.33434439985100056,-0.03836739985100059,,,,
11.088883,927,1079.0,0.060291600148999404,-0.2356853998510006,-0.33434439985100056,-0.1370263998510006,,,,
11.089962,927,1079.0,0.060291600148999404,-0.2356853998510006,-0.43300339985100056,-0.2356853998510006,,,,
11.091041,927,1079.0,-0.03836739985100059,-0.2356853998510006,-0.33434439985100056,-0.1370263998510006,,,,
11.09212,927,1079.0,0.060291600148999404,-0.1370263998510006,-0.33434439985100056,-0.03836739985100059,,,,
11.093199,927,1079.0,0.060291600148999404,-0.1370263998510006,-0.33434439985100056,-0.03836739985100059,,,,
11.094278,927,1079.0,0.1589506001489994,-0.1370263998510006,-0.2356853998510006,0.060291600148999404,,,,
11.095357,927,1079.0,0.1589506001489994,-0.03836739985100059,-0.2356853998510006,0.1589506001489994,,,,
11.096436,927,1079.0,0.1589506001489994,-0.03836739985100059,-0.1370263998510006,0.2576096001489994,,,,
11.097515,927,1079.0,0.1589506001489994,-0.03836739985100059,-0.1370263998510006,0.2576096001489994,,,,
11.098594,927,1079.0,0.2576096001489994,0.060291600148999404,-0.03836739985100059,0.3562686001489994,,,,
11.099673,927,1079.0,0.2576096001489994,0.060291600148999404,-0.03836739985100059,0.4549276001489994,,,,
11.100752,927,1079.0,0.2576096001489994,0.060291600148999404,-0.03836739985100059,0.4549276001489994,,,,
11.101831,927,1079.0,0.2576096001489994,0.060291600148999404,-0.1370263998510006,0.3562686001489994,,,,
11.10291,927,1079.0,0.2576096001489994,0.060291600148999404,-0.1370263998510006,0.2576096001489994,,,,
11.103989,927,1079.0,0.1589506001489994,-0.03836739985100059,-0.2356853998510006,0.1589506001489994,,,,
11.105068,927,1079.0,0.1589506001489994,-0.03836739985100059,-0.2356853998510006,0.060291600148999404,,,,
11.106147,927,1079.0,0.1589506001489994,-0.03836739985100059,-0.33434439985100056,-0.03836739985100059,,,,
11.107226,927,1079.0,0.1589506001489994,-0.1370263998510006,-0.33434439985100056,-0.1370263998510006,,,,
11.108305,927,1079.0,0.060291600148999404,-0.1370263998510006,-0.33434439985100056,-0.1370263998510006,,,,
11.109384,927,1079.0,-0.03836739985100059,-0.1370263998510006,-0.43300339985100056,-0.2356853998510006,,,,
11.110463,927,1079.0,0.060291600148999404,-0.2356853998510006,-0.33434439985100056,-0.1370263998510006,,,,
11.111542,927,1079.0,0.060291600148999404,-0.1370263998510006,-0.33434439985100056,-0.03836739985100059,,,,
11.112621,927,1079.0,0.060291600148999404,-0.1370263998510006,-0.2356853998510006,0.060291600148999404,,,,
11.1137,927,1079.0,0.060291600148999404,-0.03836739985100059,-0.1370263998510006,0.1589506001489994,,,,
11.114779,927,1079.0,0.1589506001489994,-0.03836739985100059,-0.1370263998510006,0.2576096001489994,,,,
11.115858,927,1079.0,0.1589506001489994,-0.03836739985100059,-0.1370263998510006,0.3562686001489994,,,,
11.116937,927,1079.0,0.1589506001489994,0.060291600148999404,-0.03836739985100059,0.4549276001489994,,,,
11.118016,927,1079.0,0.2576096001489994,0.060291600148999404,0.060291600148999404,0.5535866001489994,,,,
11.119095,927,1079.0,0.2576096001489994,0.1589506001489994,0.1589506001489994,0.7509046001489994,,,,
11.120174,927,1079.0,0.2576096001489994,0.1589506001489994,0.1589506001489994,0.7509046001489994,,,,
11.121253,927,1079.0,0.2576096001489994,0.1589506001489994,0.060291600148999404,0.6522456001489993,,,,
11.122332,927,1079.0,0.2576096001489994,0.1589506001489994,0.060291600148999404,0.5535866001489994,,,,
11.123411,927,1079.0,0.1589506001489994,0.060291600148999404,-0.03836739985100059,0.4549276001489994,,,,
11.12449,927,1079.0,0.1589506001489994,0.060291600148999404,-0.03836739985100059,0.4549276001489994,,,,
11.125569,927,1079.0,0.1589506001489994,0.060291600148999404,-0.03836739985100059,0.4549276001489994,,,,
11.126648,927,1079.0,0.1589506001489994,-0.03836739985100059,-0.03836739985100059,0.3562686001489994,,,,
11.127727,927,1079.0,0.1589506001489994,-0.03836739985100059,-0.1370263998510006,0.2576096001489994,,,,
11.128806,927,1079.0,0.060291600148999404,-0.03836739985100059,-0.1370263998510006,0.2576096001489994,,,,
11.129885,927,1079.0,0.060291600148999404,-0.03836739985100059,-0.1370263998510006,0.2576096001489994,,,,
11.130964,927,1079.0,0.060291600148999404,-0.03836739985100059,-0.03836739985100059,0.4549276001489994,,,,
11.132043,927,1079.0,0.060291600148999404,0.060291600148999404,0.060291600148999404,0.5535866001489994,,,,
11.133122,927,1079.0,0.1589506001489994,0.060291600148999404,0.1589506001489994,0.7509046001489994,,,,
11.134201,927,1079.0,0.2576096001489994,0.1589506001489994,0.1589506001489994,0.8495636001489993,,,,
11.13528,927,1079.0,0.1589506001489994,0.1589506001489994,0.2576096001489994,0.9482226001489994,,,,
11.136359,927,1079.0,0.2576096001489994,0.2576096001489994,0.3562686001489994,0.9482226001489994,,,,
11.137438,927,1079.0,0.2576096001489994,0.2576096001489994,0.3562686001489994,1.1455406001489994,,,,
11.138517,927,1079.0,0.3562686001489994,0.3562686001489994,0.4549276001489994,1.3428586001489993,,,,
11.139596,927,1079.0,0.3562686001489994,0.3562686001489994,0.5535866001489994,1.3428586001489993,,,,
11.140675,927,1079.0,0.3562686001489994,0.3562686001489994,0.5535866001489994,1.3428586001489993,,,,
11.141754,927,1079.0,0.2576096001489994,0.3562686001489994,0.4549276001489994,1.2441996001489994,,,,
11.142833,927,1079.0,0.2576096001489994,0.2576096001489994,0.3562686001489994,1.1455406001489994,,,,
11.143912,927,1079.0,0.2576096001489994,0.2576096001489994,0.4549276001489994,1.1455406001489994,,,,
11.144991,927,1079.0,0.2576096001489994,0.2576096001489994,0.3562686001489994,1.1455406001489994,,,,
11.14607,927,1079.0,0.1589506001489994,0.1589506001489994,0.3562686001489994,1.1455406001489994,,,,
11.147149,927,1079.0,0.1589506001489994,0.1589506001489994,0.3562686001489994,1.0468816001489993,,,,
11.148228,927,1079.0,0.1589506001489994,0.1589506001489994,0.3562686001489994,1.0468816001489993,,,,
11.149307,927,1079.0,0.1589506001489994,0.2576096001489994,0.2576096001489994,1.0468816001489993,,,,
11.150386,927,1079.0,0.1589506001489994,0.2576096001489994,0.3562686001489994,1.1455406001489994,,,,
11.151465,927,1079.0,0.1589506001489994,0.2576096001489994,0.4549276001489994,1.2441996001489994,,,,
11.152544,927,1079.0,0.2576096001489994,0.2576096001489994,0.5535866001489994,1.4415176001489993,,,,
11.153623,927,1079.0,0.2576096001489994,0.3562686001489994,0.6522456001489993,1.5401766001489994,,,,
11.154702,927,1079.0,0.2576096001489994,0.3562686001489994,0.6522456001489993,1.6388356001489994,,,,
11.155781,927,1079.0,0.2576096001489994,0.3562686001489994,0.8495636001489993,1.7374946001489993,,,,
11.15686,927,1079.0,0.3562686001489994,0.4549276001489994,0.8495636001489993,1.8361536001489993,,,,
11.157939,927,1079.0,0.4549276001489994,0.5535866001489994,0.9482226001489994,2.0334716001489994,,,,
11.159018,927,1079.0,0.4549276001489994,0.5535866001489994,0.9482226001489994,2.1321306001489995,,,,
11.160097,927,1079.0,0.4549276001489994,0.5535866001489994,0.9482226001489994,2.1321306001489995,,,,
11.161176,927,1079.0,0.3562686001489994,0.5535866001489994,0.9482226001489994,2.0334716001489994,,,,
11.162255,927,1079.0,0.3562686001489994,0.5535866001489994,0.8495636001489993,1.8361536001489993,,,,
11.163334,927,1079.0,0.3562686001489994,0.4549276001489994,0.8495636001489993,1.8361536001489993,,,,
11.164413,927,1079.0,0.2576096001489994,0.4549276001489994,0.8495636001489993,1.7374946001489993,,,,
11.165492,927,1079.0,0.2576096001489994,0.4549276001489994,0.8495636001489993,1.7374946001489993,,,,
11.166571,927,1079.0,0.2576096001489994,0.3562686001489994,0.7509046001489994,1.7374946001489993,,,,
11.16765,927,1079.0,0.1589506001489994,0.3562686001489994,0.7509046001489994,1.6388356001489994,,,,
11.168729,927,1079.0,0.1589506001489994,0.3562686001489994,0.6522456001489993,1.6388356001489994,,,,
11.169808,927,1079.0,0.1589506001489994,0.3562686001489994,0.7509046001489994,1.7374946001489993,,,,
11.170887,927,1079.0,0.2576096001489994,0.4549276001489994,0.8495636001489993,1.8361536001489993,,,,
11.171966,927,1079.0,0.2576096001489994,0.4549276001489994,0.8495636001489993,1.9348126001489994,,,,
11.173045,927,1079.0,0.2576096001489994,0.4549276001489994,0.9482226001489994,2.1321306001489995,,,,
11.174124,927,1079.0,0.3562686001489994,0.5535866001489994,0.9482226001489994,2.2307896001489995,,,,
11.175203,927,1079.0,0.3562686001489994,0.5535866001489994,1.0468816001489993,2.2307896001489995,,,,
11.176282,927,1079.0,0.3562686001489994,0.5535866001489994,1.0468816001489993,2.329448600148999,,,,
11.177361,927,1079.0,0.4549276001489994,0.6522456001489993,1.1455406001489994,2.428107600148999,,,,
11.17844,927,1079.0,0.4549276001489994,0.6522456001489993,1.1455406001489994,2.5267666001489992,,,,
11.179519,927,1079.0,0.4549276001489994,0.7509046001489994,1.2441996001489994,2.428107600148999,,,,
11.180598,927,1079.0,0.4549276001489994,0.6522456001489993,1.1455406001489994,2.428107600148999,,,,
11.181677,927,1079.0,0.3562686001489994,0.6522456001489993,1.1455406001489994,2.329448600148999,,,,
11.182756,927,1079.0,0.3562686001489994,0.6522456001489993,0.9482226001489994,2.2307896001489995,,,,
11.183835,927,1079.0,0.2576096001489994,0.5535866001489994,1.0468816001489993,2.1321306001489995,,,,
11.184914,927,1079.0,0.2576096001489994,0.5535866001489994,0.9482226001489994,2.0334716001489994,,,,
11.185993,927,1079.0,0.2576096001489994,0.4549276001489994,0.9482226001489994,1.9348126001489994,,,,
11.187072,927,1079.0,0.2576096001489994,0.4549276001489994,0.8495636001489993,1.8361536001489993,,,,
11.188151,927,1079.0,0.1589506001489994,0.4549276001489994,0.7509046001489994,1.8361536001489993,,,,
11.18923,927,1079.0,0.2576096001489994,0.3562686001489994,0.8495636001489993,1.9348126001489994,,,,
11.190309,927,1079.0,0.2576096001489994,0.4549276001489994,0.8495636001489993,1.9348126001489994,,,,
11.191388,927,1079.0,0.2576096001489994,0.4549276001489994,0.9482226001489994,2.0334716001489994,,,,
11.192467,927,1079.0,0.2576096001489994,0.5535866001489994,0.9482226001489994,2.1321306001489995,,,,
11.193546,927,1079.0,0.2576096001489994,0.5535866001489994,1.0468816001489993,2.1321306001489995,,,,
11.194625,927,1079.0,0.2576096001489994,0.5535866001489994,1.0468816001489993,2.329448600148999,,,,
11.195704,927,1079.0,0.3562686001489994,0.5535866001489994,1.0468816001489993,2.329448600148999,,,,
11.196783,927,1079.0,0.3562686001489994,0.6522456001489993,1.1455406001489994,2.428107600148999,,,,
11.197862,927,1079.0,0.4549276001489994,0.6522456001489993,1.1455406001489994,2.428107600148999,,,,
11.198941,927,1079.0,0.4549276001489994,0.6522456001489993,1.1455406001489994,2.329448600148999,,,,
11.20002,927,1079.0,0.4549276001489994,0.5535866001489994,1.0468816001489993,2.329448600148999,,,,
11.201099,927,1079.0,0.3562686001489994,0.5535866001489994,0.9482226001489994,2.1321306001489995,,,,
11.202178,927,1079.0,0.3562686001489994,0.4549276001489994,0.8495636001489993,2.0334716001489994,,,,
11.203257,927,1079.0,0.2576096001489994,0.4549276001489994,0.8495636001489993,1.9348126001489994,,,,
11.204336,927,1079.0,0.2576096001489994,0.4549276001489994,0.7509046001489994,1.7374946001489993,,,,
11.205415,927,1079.0,0.2576096001489994,0.3562686001489994,0.6522456001489993,1.6388356001489994,,,,
11.206494,927,1079.0,0.2576096001489994,0.2576096001489994,0.6522456001489993,1.5401766001489994,,,,
11.207573,927,1079.0,0.1589506001489994,0.2576096001489994,0.6522456001489993,1.4415176001489993,,,,
11.208652,927,1079.0,0.1589506001489994,0.2576096001489994,0.5535866001489994,1.4415176001489993,,,,
11.209731,927,1079.0,0.2576096001489994,0.2576096001489994,0.6522456001489993,1.5401766001489994,,,,
11.21081,927,1079.0,0.2576096001489994,0.3562686001489994,0.6522456001489993,1.5401766001489994,,,,
11.211889,927,1079.0,0.2576096001489994,0.3562686001489994,0.7509046001489994,1.5401766001489994,,,,
11.212968,927,1079.0,0.2576096001489994,0.4549276001489994,0.7509046001489994,1.6388356001489994,,,,
11.214047,927,1079.0,0.3562686001489994,0.4549276001489994,0.7509046001489994,1.6388356001489994,,,,
11.215126,927,1079.0,0.3562686001489994,0.3562686001489994,0.7509046001489994,1.7374946001489993,,,,
11.216205,927,1079.0,0.3562686001489994,0.4549276001489994,0.7509046001489994,1.8361536001489993,,,,
11.217284,927,1079.0,0.4549276001489994,0.4549276001489994,0.8495636001489993,1.9348126001489994,,,,
11.218363,927,1079.0,0.4549276001489994,0.5535866001489994,0.7509046001489994,1.7374946001489993,,,,
11.219442,927,1079.0,0.3562686001489994,0.4549276001489994,0.7509046001489994,1.6388356001489994,,,,
11.220521,927,1079.0,0.3562686001489994,0.3562686001489994,0.6522456001489993,1.5401766001489994,,,,
11.2216,927,1079.0,0.3562686001489994,0.3562686001489994,0.5535866001489994,1.3428586001489993,,,,
11.222679,927,1079.0,0.2576096001489994,0.2576096001489994,0.5535866001489994,1.3428586001489993,,,,
11.223758,927,1079.0,0.2576096001489994,0.2576096001489994,0.3562686001489994,1.1455406001489994,,,,
11.224837,927,1079.0,0.1589506001489994,0.1589506001489994,0.3562686001489994,1.0468816001489993,,,,
11.225916,927,1079.0,0.1589506001489994,0.1589506001489994,0.2576096001489994,0.8495636001489993,,,,
11.226995,927,1079.0,0.1589506001489994,0.1589506001489994,0.1589506001489994,0.7509046001489994,,,,
11.228074,927,1079.0,0.060291600148999404,0.1589506001489994,0.1589506001489994,0.7509046001489994,,,,
11.229153,927,1079.0,0.060291600148999404,0.1589506001489994,0.2576096001489994,0.8495636001489993,,,,
11.230232,927,1079.0,0.1589506001489994,0.1589506001489994,0.2576096001489994,0.8495636001489993,,,,
11.231311,927,1079.0,0.1589506001489994,0.1589506001489994,0.2576096001489994,0.9482226001489994,,,,
11.23239,927,1079.0,0.2576096001489994,0.1589506001489994,0.2576096001489994,0.9482226001489994,,,,
11.233469,927,1079.0,0.2576096001489994,0.2576096001489994,0.2576096001489994,0.9482226001489994,,,,
11.234548,927,1079.0,0.2576096001489994,0.2576096001489994,0.3562686001489994,0.9482226001489994,,,,
11.235627,927,1079.0,0.2576096001489994,0.2576096001489994,0.3562686001489994,1.0468816001489993,,,,
11.236706,927,1079.0,0.3562686001489994,0.2576096001489994,0.3562686001489994,1.1455406001489994,,,,
11.237785,927,1079.0,0.3562686001489994,0.2576096001489994,0.3562686001489994,1.1455406001489994,,,,
11.238864,927,1079.0,0.3562686001489994,0.2576096001489994,0.2576096001489994,0.9482226001489994,,,,
11.239943,927,1079.0,0.2576096001489994,0.1589506001489994,0.1589506001489994,0.7509046001489994,,,,
11.241022,927,1079.0,0.2576096001489994,0.1589506001489994,0.060291600148999404,0.6522456001489993,,,,
11.242101,927,1079.0,0.1589506001489994,0.060291600148999404,0.060291600148999404,0.5535866001489994,,,,
11.24318,927,1079.0,0.1589506001489994,0.060291600148999404,-0.03836739985100059,0.4549276001489994,,,,
11.244259,927,1079.0,0.1589506001489994,-0.03836739985100059,-0.1370263998510006,0.3562686001489994,,,,
11.245338,927,1079.0,0.060291600148999404,-0.03836739985100059,-0.1370263998510006,0.2576096001489994,,,,
11.246417,927,1079.0,0.060291600148999404,-0.1370263998510006,-0.2356853998510006,0.1589506001489994,,,,
11.247496,927,1079.0,0.060291600148999404,-0.1370263998510006,-0.2356853998510006,0.060291600148999404,,,,
11.248575,927,1079.0,0.060291600148999404,-0.1370263998510006,-0.2356853998510006,0.1589506001489994,,,,
11.249654,927,1079.0,0.060291600148999404,-0.03836739985100059,-0.1370263998510006,0.2576096001489994,,,,
11.250733,927,1079.0,0.060291600148999404,-0.03836739985100059,-0.1370263998510006,0.3562686001489994,,,,
11.251812,927,1079.0,0.1589506001489994,-0.03836739985100059,-0.1370263998510006,0.3562686001489994,,,,
11.252891,927,1079.0,0.1589506001489994,-0.03836739985100059,-0.03836739985100059,0.3562686001489994,,,,
11.25397,927,1079.0,0.2576096001489994,0.060291600148999404,-0.1370263998510006,0.3562686001489994,,,,
11.255049,927,1079.0,0.2576096001489994,0.060291600148999404,-0.03836739985100059,0.4549276001489994,,,,
11.256128,927,1079.0,0.2576096001489994,0.060291600148999404,0.060291600148999404,0.6522456001489993,,,,
11.257207,927,1079.0,0.2576096001489994,0.060291600148999404,0.060291600148999404,0.6522456001489993,,,,
11.258286,927,1079.0,0.2576096001489994,0.060291600148999404,-0.03836739985100059,0.5535866001489994,,,,
11.259365,927,1079.0,0.2576096001489994,0.060291600148999404,-0.03836739985100059,0.3562686001489994,,,,
11.260444,927,1079.0,0.2576096001489994,-0.03836739985100059,-0.1370263998510006,0.2576096001489994,,,,
11.261523,927,1079.0,0.1589506001489994,-0.03836739985100059,-0.2356853998510006,0.1589506001489994,,,,
11.262602,927,1079.0,0.060291600148999404,-0.03836739985100059,-0.2356853998510006,0.060291600148999404,,,,
11.263681,927,1079.0,0.060291600148999404,-0.1370263998510006,-0.2356853998510006,0.060291600148999404,,,,
11.26476,927,1079.0,0.060291600148999404,-0.1370263998510006,-0.33434439985100056,-0.1370263998510006,,,,
11.265839,927,1079.0,0.060291600148999404,-0.1370263998510006,-0.43300339985100056,-0.2356853998510006,,,,
11.266918,927,1079.0,0.060291600148999404,-0.2356853998510006,-0.43300339985100056,-0.2356853998510006,,,,
11.267997,927,1079.0,0.060291600148999404,-0.1370263998510006,-0.43300339985100056,-0.2356853998510006,,,,
11.269076,927,1079.0,0.060291600148999404,-0.1370263998510006,-0.33434439985100056,-0.03836739985100059,,,,
11.270155,927,1079.0,0.1589506001489994,-0.1370263998510006,-0.33434439985100056,0.060291600148999404,,,,
11.271234,927,1079.0,0.1589506001489994,-0.03836739985100059,-0.2356853998510006,0.1589506001489994,,,,
11.272313,927,1079.0,0.1589506001489994,-0.03836739985100059,-0.1370263998510006,0.1589506001489994,,,,
11.273392,927,1079.0,0.1589506001489994,-0.03836739985100059,-0.1370263998510006,0.2576096001489994,,,,
11.274471,927,1079.0,0.2576096001489994,-0.03836739985100059,-0.1370263998510006,0.2576096001489994,,,,
11.27555,927,1079.0,0.2576096001489994,0.060291600148999404,-0.03836739985100059,0.4549276001489994,,,,
11.276629,927,1079.0,0.2576096001489994,0.060291600148999404,0.060291600148999404,0.5535866001489994,,,,
11.277708,927,1079.0,0.2576096001489994,0.060291600148999404,0.060291600148999404,0.4549276001489994,,,,
11.278787,927,1079.0,0.2576096001489994,0.060291600148999404,-0.03836739985100059,0.3562686001489994,,,,
11.279866,927,1079.0,0.2576096001489994,-0.03836739985100059,-0.1370263998510006,0.2576096001489994,,,,
11.280945,927,1079.0,0.1589506001489994,-0.03836739985100059,-0.1370263998510006,0.1589506001489994,,,,
11.282024,927,1079.0,0.1589506001489994,-0.03836739985100059,-0.2356853998510006,0.1589506001489994,,,,
11.283103,927,1079.0,0.1589506001489994,-0.1370263998510006,-0.2356853998510006,0.060291600148999404,,,,
11.284182,927,1079.0,0.060291600148999404,-0.1370263998510006,-0.33434439985100056,0.060291600148999404,,,,
11.285261,927,1079.0,0.060291600148999404,-0.1370263998510006,-0.33434439985100056,-0.03836739985100059,,,,
11.28634,927,1079.0,-0.03836739985100059,-0.2356853998510006,-0.33434439985100056,-0.03836739985100059,,,,
11.287419,927,1079.0,0.060291600148999404,-0.1370263998510006,-0.33434439985100056,0.060291600148999404,,,,
11.288498,927,1079.0,0.060291600148999404,-0.03836739985100059,-0.2356853998510006,0.1589506001489994,,,,
11.289577,927,1079.0,0.060291600148999404,-0.03836739985100059,-0.1370263998510006,0.2576096001489994,,,,
11.290656,927,1079.0,0.1589506001489994,-0.03836739985100059,-0.03836739985100059,0.3562686001489994,,,,
11.291735,927,1079.0,0.1589506001489994,0.060291600148999404,0.060291600148999404,0.5535866001489994,,,,
11.292814,927,1079.0,0.2576096001489994,0.060291600148999404,0.060291600148999404,0.6522456001489993,,,,
11.293893,927,1079.0,0.2576096001489994,0.060291600148999404,0.060291600148999404,0.6522456001489993,,,,
11.294972,927,1079.0,0.2576096001489994,0.1589506001489994,0.1589506001489994,0.8495636001489993,,,,
11.296051,927,1079.0,0.3562686001489994,0.2576096001489994,0.2576096001489994,0.9482226001489994,,,,
11.29713,927,1079.0,0.2576096001489994,0.2576096001489994,0.2576096001489994,0.9482226001489994,,,,
11.298209,927,1079.0,0.2576096001489994,0.1589506001489994,0.2576096001489994,0.9482226001489994,,,,
11.299288,927,1079.0,0.2576096001489994,0.1589506001489994,0.1589506001489994,0.8495636001489993,,,,
11.300367,927,1079.0,0.2576096001489994,0.1589506001489994,0.1589506001489994,0.7509046001489994,,,,
11.301446,927,1079.0,0.1589506001489994,0.1589506001489994,0.1589506001489994,0.6522456001489993,,,,
11.302525,927,1079.0,0.1589506001489994,0.060291600148999404,0.1589506001489994,0.6522456001489993,,,,
11.303604,927,1079.0,0.1589506001489994,0.060291600148999404,0.1589506001489994,0.5535866001489994,,,,
11.304683,927,1079.0,0.1589506001489994,0.060291600148999404,0.1589506001489994,0.5535866001489994,,,,
11.305762,927,1079.0,0.060291600148999404,0.060291600148999404,0.060291600148999404,0.5535866001489994,,,,
11.306841,927,1079.0,0.060291600148999404,0.060291600148999404,0.1589506001489994,0.6522456001489993,,,,
11.30792,927,1079.0,0.060291600148999404,0.060291600148999404,0.1589506001489994,0.7509046001489994,,,,
11.308999,927,1079.0,0.1589506001489994,0.1589506001489994,0.2576096001489994,0.8495636001489993,,,,
11.310078,927,1079.0,0.2576096001489994,0.1589506001489994,0.3562686001489994,1.0468816001489993,,,,
11.311157,927,1079.0,0.2576096001489994,0.2576096001489994,0.4549276001489994,1.1455406001489994,,,,
11.312236,927,1079.0,0.2576096001489994,0.2576096001489994,0.4549276001489994,1.2441996001489994,,,,
11.313315,927,1079.0,0.2576096001489994,0.3562686001489994,0.5535866001489994,1.3428586001489993,,,,
11.314394,927,1079.0,0.2576096001489994,0.3562686001489994,0.6522456001489993,1.5401766001489994,,,,
11.315473,927,1079.0,0.4549276001489994,0.4549276001489994,0.6522456001489993,1.6388356001489994,,,,
11.316552,927,1079.0,0.4549276001489994,0.4549276001489994,0.6522456001489993,1.6388356001489994,,,,
11.317631,927,1079.0,0.3562686001489994,0.4549276001489994,0.6522456001489993,1.5401766001489994,,,,
11.31871,927,1079.0,0.3562686001489994,0.3562686001489994,0.5535866001489994,1.5401766001489994,,,,
11.319789,927,1079.0,0.2576096001489994,0.3562686001489994,0.5535866001489994,1.5401766001489994,,,,
11.320868,927,1079.0,0.2576096001489994,0.2576096001489994,0.5535866001489994,1.5401766001489994,,,,
11.321947,927,1079.0,0.2576096001489994,0.2576096001489994,0.5535866001489994,1.3428586001489993,,,,
11.323026,927,1079.0,0.2576096001489994,0.2576096001489994,0.4549276001489994,1.2441996001489994,,,,
11.324105,927,1079.0,0.2576096001489994,0.2576096001489994,0.4549276001489994,1.2441996001489994,,,,
11.325184,927,1079.0,0.1589506001489994,0.2576096001489994,0.4549276001489994,1.2441996001489994,,,,
11.326263,927,1079.0,0.1589506001489994,0.2576096001489994,0.5535866001489994,1.3428586001489993,,,,
11.327342,927,1079.0,0.1589506001489994,0.2576096001489994,0.5535866001489994,1.4415176001489993,,,,
11.328421,927,1079.0,0.1589506001489994,0.2576096001489994,0.6522456001489993,1.5401766001489994,,,,
11.3295,927,1079.0,0.2576096001489994,0.3562686001489994,0.7509046001489994,1.7374946001489993,,,,
11.330579,927,1079.0,0.2576096001489994,0.4549276001489994,0.7509046001489994,1.8361536001489993,,,,
11.331658,927,1079.0,0.2576096001489994,0.4549276001489994,0.8495636001489993,1.9348126001489994,,,,
11.332737,927,1079.0,0.3562686001489994,0.5535866001489994,0.9482226001489994,2.0334716001489994,,,,
11.333816,927,1079.0,0.3562686001489994,0.5535866001489994,1.0468816001489993,2.1321306001489995,,,,
11.334895,927,1079.0,0.4549276001489994,0.6522456001489993,1.0468816001489993,2.329448600148999,,,,
11.335974,927,1079.0,0.4549276001489994,0.6522456001489993,1.0468816001489993,2.329448600148999,,,,
11.337053,927,1079.0,0.4549276001489994,0.6522456001489993,1.0468816001489993,2.2307896001489995,,,,
11.338132,927,1079.0,0.3562686001489994,0.5535866001489994,1.0468816001489993,2.1321306001489995,,,,
11.339211,927,1079.0,0.2576096001489994,0.5535866001489994,0.9482226001489994,2.0334716001489994,,,,
11.34029,927,1079.0,0.2576096001489994,0.4549276001489994,0.9482226001489994,2.0334716001489994,,,,
11.341369,927,1079.0,0.2576096001489994,0.4549276001489994,0.9482226001489994,2.0334716001489994,,,,
11.342448,927,1079.0,0.2576096001489994,0.4549276001489994,0.8495636001489993,1.9348126001489994,,,,
11.343527,927,1079.0,0.2576096001489994,0.4549276001489994,0.7509046001489994,1.7374946001489993,,,,
11.344606,927,1079.0,0.1589506001489994,0.3562686001489994,0.7509046001489994,1.6388356001489994,,,,
11.345685,927,1079.0,0.1589506001489994,0.3562686001489994,0.7509046001489994,1.7374946001489993,,,,
11.346764,927,1079.0,0.2576096001489994,0.3562686001489994,0.8495636001489993,1.9348126001489994,,,,
11.347843,927,1079.0,0.1589506001489994,0.4549276001489994,0.9482226001489994,2.0334716001489994,,,,
11.348922,927,1079.0,0.2576096001489994,0.5535866001489994,0.9482226001489994,2.0334716001489994,,,,
11.350001,927,1079.0,0.2576096001489994,0.5535866001489994,0.9482226001489994,2.1321306001489995,,,,
11.35108,927,1079.0,0.3562686001489994,0.5535866001489994,1.0468816001489993,2.2307896001489995,,,,
11.352159,927,1079.0,0.3562686001489994,0.5535866001489994,1.0468816001489993,2.329448600148999,,,,
11.353238,927,1079.0,0.3562686001489994,0.5535866001489994,1.1455406001489994,2.428107600148999,,,,
11.354317,927,1079.0,0.4549276001489994,0.6522456001489993,1.2441996001489994,2.5267666001489992,,,,
11.355396,927,1079.0,0.4549276001489994,0.6522456001489993,1.2441996001489994,2.5267666001489992,,,,
11.356475,927,1079.0,0.4549276001489994,0.6522456001489993,1.1455406001489994,2.428107600148999,,,,
11.357554,927,1079.0,0.3562686001489994,0.6522456001489993,1.1455406001489994,2.329448600148999,,,,
11.358633,927,1079.0,0.3562686001489994,0.5535866001489994,1.0468816001489993,2.2307896001489995,,,,
11.359712,927,1079.0,0.2576096001489994,0.5535866001489994,0.9482226001489994,2.1321306001489995,,,,
11.360791,927,1079.0,0.2576096001489994,0.5535866001489994,0.9482226001489994,2.0334716001489994,,,,
11.36187,927,1079.0,0.2576096001489994,0.4549276001489994,0.8495636001489993,2.0334716001489994,,,,
11.362949,927,1079.0,0.1589506001489994,0.4549276001489994,0.8495636001489993,1.8361536001489993,,,,
11.364028,927,1079.0,0.2576096001489994,0.3562686001489994,0.7509046001489994,1.7374946001489993,,,,
11.365107,927,1079.0,0.1589506001489994,0.3562686001489994,0.7509046001489994,1.6388356001489994,,,,
11.366186,927,1079.0,0.1589506001489994,0.3562686001489994,0.7509046001489994,1.7374946001489993,,,,
11.367265,927,1079.0,0.2576096001489994,0.4549276001489994,0.8495636001489993,1.9348126001489994,,,,
11.368344,927,1079.0,0.2576096001489994,0.4549276001489994,0.9482226001489994,1.9348126001489994,,,,
11.369423,927,1079.0,0.2576096001489994,0.5535866001489994,0.9482226001489994,2.0334716001489994,,,,
11.370502,927,1079.0,0.3562686001489994,0.5535866001489994,0.9482226001489994,2.0334716001489994,,,,
11.371581,927,1079.0,0.3562686001489994,0.5535866001489994,0.9482226001489994,2.1321306001489995,,,,
11.37266,927,1079.0,0.3562686001489994,0.5535866001489994,0.9482226001489994,2.1321306001489995,,,,
11.373739,927,1079.0,0.3562686001489994,0.5535866001489994,1.0468816001489993,2.329448600148999,,,,
11.374818,927,1079.0,0.4549276001489994,0.5535866001489994,1.1455406001489994,2.329448600148999,,,,
11.375897,927,1079.0,0.4549276001489994,0.5535866001489994,0.9482226001489994,2.2307896001489995,,,,
11.376976,927,1079.0,0.3562686001489994,0.5535866001489994,0.9482226001489994,2.0334716001489994,,,,
11.378055,927,1079.0,0.3562686001489994,0.4549276001489994,0.8495636001489993,1.8361536001489993,,,,
11.379134,927,1079.0,0.2576096001489994,0.4549276001489994,0.6522456001489993,1.7374946001489993,,,,
11.380213,927,1079.0,0.2576096001489994,0.3562686001489994,0.6522456001489993,1.5401766001489994,,,,
11.381292,927,1079.0,0.2576096001489994,0.3562686001489994,0.6522456001489993,1.5401766001489994,,,,
11.382371,927,1079.0,0.1589506001489994,0.2576096001489994,0.5535866001489994,1.4415176001489993,,,,
11.38345,927,1079.0,0.1589506001489994,0.2576096001489994,0.4549276001489994,1.2441996001489994,,,,
11.384529,927,1079.0,0.1589506001489994,0.1589506001489994,0.4549276001489994,1.1455406001489994,,,,
11.385608,927,1079.0,0.1589506001489994,0.2576096001489994,0.4549276001489994,1.1455406001489994,,,,
11.386687,927,1079.0,0.2576096001489994,0.2576096001489994,0.4549276001489994,1.2441996001489994,,,,
11.387766,927,1079.0,0.2576096001489994,0.2576096001489994,0.5535866001489994,1.3428586001489993,,,,
11.388845,927,1079.0,0.2576096001489994,0.2576096001489994,0.5535866001489994,1.4415176001489993,,,,
11.389924,927,1079.0,0.2576096001489994,0.3562686001489994,0.5535866001489994,1.4415176001489993,,,,
11.391003,927,1079.0,0.2576096001489994,0.3562686001489994,0.5535866001489994,1.4415176001489993,,,,
11.392082,927,1079.0,0.2576096001489994,0.3562686001489994,0.5535866001489994,1.3428586001489993,,,,
11.393161,927,1079.0,0.3562686001489994,0.3562686001489994,0.6522456001489993,1.5401766001489994,,,,
11.39424,927,1079.0,0.4549276001489994,0.4549276001489994,0.6522456001489993,1.5401766001489994,,,,
11.395319,927,1079.0,0.3562686001489994,0.3562686001489994,0.5535866001489994,1.4415176001489993,,,,
11.396398,927,1079.0,0.3562686001489994,0.3562686001489994,0.5535866001489994,1.3428586001489993,,,,
11.397477,927,1079.0,0.2576096001489994,0.3562686001489994,0.4549276001489994,1.1455406001489994,,,,
11.398556,927,1079.0,0.2576096001489994,0.2576096001489994,0.3562686001489994,1.0468816001489993,,,,
11.399635,927,1079.0,0.2576096001489994,0.1589506001489994,0.2576096001489994,0.9482226001489994,,,,
11.400714,927,1079.0,0.2576096001489994,0.1589506001489994,0.1589506001489994,0.8495636001489993,,,,
11.401793,927,1079.0,0.1589506001489994,0.060291600148999404,0.1589506001489994,0.6522456001489993,,,,
11.402872,927,1079.0,0.060291600148999404,0.060291600148999404,0.060291600148999404,0.5535866001489994,,,,
11.403951,927,1079.0,0.060291600148999404,-0.03836739985100059,0.060291600148999404,0.4549276001489994,,,,
11.40503,927,1079.0,0.060291600148999404,-0.03836739985100059,0.060291600148999404,0.5535866001489994,,,,
11.406109,927,1079.0,0.060291600148999404,0.060291600148999404,0.060291600148999404,0.5535866001489994,,,,
11.407188,927,1079.0,0.1589506001489994,0.060291600148999404,0.060291600148999404,0.6522456001489993,,,,
11.408267,927,1079.0,0.1589506001489994,0.060291600148999404,0.060291600148999404,0.6522456001489993,,,,
11.409346,927,1079.0,0.2576096001489994,0.060291600148999404,0.1589506001489994,0.7509046001489994,,,,
11.410425,927,1079.0,0.2576096001489994,0.060291600148999404,0.1589506001489994,0.7509046001489994,,,,
11.411504,927,1079.0,0.1589506001489994,0.1589506001489994,0.1589506001489994,0.7509046001489994,,,,
11.412583,927,1079.0,0.2576096001489994,0.1589506001489994,0.2576096001489994,0.8495636001489993,,,,
11.413662,927,1079.0,0.3562686001489994,0.2576096001489994,0.2576096001489994,0.8495636001489993,,,,
11.414741,927,1079.0,0.3562686001489994,0.1589506001489994,0.1589506001489994,0.7509046001489994,,,,
11.41582,927,1079.0,0.2576096001489994,0.1589506001489994,0.1589506001489994,0.6522456001489993,,,,
11.416899,927,1079.0,0.1589506001489994,0.060291600148999404,0.060291600148999404,0.5535866001489994,,,,
11.417978,927,1079.0,0.1589506001489994,0.060291600148999404,-0.03836739985100059,0.4549276001489994,,,,
11.419057,927,1079.0,0.1589506001489994,-0.03836739985100059,-0.03836739985100059,0.3562686001489994,,,,
11.420136,927,1079.0,0.1589506001489994,-0.03836739985100059,-0.1370263998510006,0.2576096001489994,,,,
11.421215,927,1079.0,0.060291600148999404,-0.1370263998510006,-0.2356853998510006,0.060291600148999404,,,,
11.422294,927,1079.0,0.060291600148999404,-0.1370263998510006,-0.2356853998510006,-0.03836739985100059,,,,
11.423373,927,1079.0,0.060291600148999404,-0.2356853998510006,-0.33434439985100056,-0.03836739985100059,,,,
11.424452,927,1079.0,0.060291600148999404,-0.2356853998510006,-0.33434439985100056,-0.03836739985100059,,,,
11.425531,927,1079.0,0.060291600148999404,-0.1370263998510006,-0.2356853998510006,-0.03836739985100059,,,,
11.42661,927,1079.0,0.060291600148999404,-0.1370263998510006,-0.33434439985100056,0.060291600148999404,,,,
11.427689,927,1079.0,0.060291600148999404,-0.03836739985100059,-0.2356853998510006,0.060291600148999404,,,,
11.428768,927,1079.0,0.1589506001489994,-0.03836739985100059,-0.1370263998510006,0.1589506001489994,,,,
11.429847,927,1079.0,0.1589506001489994,-0.03836739985100059,-0.1370263998510006,0.2576096001489994,,,,
11.430926,927,1079.0,0.1589506001489994,-0.03836739985100059,-0.1370263998510006,0.2576096001489994,,,,
11.432005,927,1079.0,0.2576096001489994,0.060291600148999404,-0.03836739985100059,0.4549276001489994,,,,
11.433084,927,1079.0,0.2576096001489994,0.1589506001489994,-0.03836739985100059,0.4549276001489994,,,,
11.434163,927,1079.0,0.2576096001489994,0.060291600148999404,-0.03836739985100059,0.4549276001489994,,,,
11.435242,927,1079.0,0.2576096001489994,0.060291600148999404,-0.1370263998510006,0.3562686001489994,,,,
11.436321,927,1079.0,0.1589506001489994,0.060291600148999404,-0.1370263998510006,0.2576096001489994,,,,
11.4374,927,1079.0,0.1589506001489994,-0.03836739985100059,-0.2356853998510006,0.1589506001489994,,,,
11.438479,927,1079.0,0.1589506001489994,-0.1370263998510006,-0.2356853998510006,0.1589506001489994,,,,
11.439558,927,1079.0,0.060291600148999404,-0.03836739985100059,-0.2356853998510006,0.060291600148999404,,,,
11.440637,927,1079.0,0.060291600148999404,-0.1370263998510006,-0.33434439985100056,-0.1370263998510006,,,,
11.441716,927,1079.0,0.060291600148999404,-0.1370263998510006,-0.33434439985100056,-0.1370263998510006,,,,
11.442795,927,1079.0,-0.03836739985100059,-0.2356853998510006,-0.43300339985100056,-0.2356853998510006,,,,
11.443874,927,1079.0,0.060291600148999404,-0.2356853998510006,-0.43300339985100056,-0.1370263998510006,,,,
11.444953,927,1079.0,0.060291600148999404,-0.1370263998510006,-0.33434439985100056,-0.03836739985100059,,,,
11.446032,927,1079.0,0.060291600148999404,-0.1370263998510006,-0.2356853998510006,0.060291600148999404,,,,
11.447111,927,1079.0,0.1589506001489994,-0.03836739985100059,-0.2356853998510006,0.1589506001489994,,,,
11.44819,927,1079.0,0.1589506001489994,-0.03836739985100059,-0.1370263998510006,0.2576096001489994,,,,
11.449269,927,1079.0,0.1589506001489994,-0.03836739985100059,-0.1370263998510006,0.3562686001489994,,,,
11.450348,927,1079.0,0.1589506001489994,0.060291600148999404,-0.03836739985100059,0.3562686001489994,,,,
11.451427,927,1079.0,0.2576096001489994,-0.03836739985100059,0.060291600148999404,0.5535866001489994,,,,
11.452506,927,1079.0,0.2576096001489994,0.060291600148999404,0.1589506001489994,0.6522456001489993,,,,
11.453585,927,1079.0,0.3562686001489994,0.1589506001489994,0.1589506001489994,0.6522456001489993,,,,
11.454664,927,1079.0,0.2576096001489994,0.1589506001489994,0.060291600148999404,0.5535866001489994,,,,
11.455743,927,1079.0,0.2576096001489994,0.060291600148999404,-0.03836739985100059,0.4549276001489994,,,,
11.456822,927,1079.0,0.1589506001489994,0.060291600148999404,-0.03836739985100059,0.3562686001489994,,,,
11.457901,927,1079.0,0.1589506001489994,-0.03836739985100059,-0.03836739985100059,0.3562686001489994,,,,
11.45898,927,1079.0,0.1589506001489994,-0.03836739985100059,-0.03836739985100059,0.3562686001489994,,,,
11.460059,927,1079.0,0.1589506001489994,-0.03836739985100059,-0.1370263998510006,0.2576096001489994,,,,
11.461138,927,1079.0,0.1589506001489994,-0.03836739985100059,-0.1370263998510006,0.1589506001489994,,,,
11.462217,927,1079.0,0.060291600148999404,-0.1370263998510006,-0.2356853998510006,0.060291600148999404,,,,
11.463296,927,1079.0,0.060291600148999404,-0.1370263998510006,-0.2356853998510006,0.1589506001489994,,,,
11.464375,927,1079.0,0.060291600148999404,-0.1370263998510006,-0.1370263998510006,0.2576096001489994,,,,
11.465454,927,1079.0,0.1589506001489994,-0.03836739985100059,-0.03836739985100059,0.4549276001489994,,,,
11.466533,927,1079.0,0.1589506001489994,0.060291600148999404,0.060291600148999404,0.5535866001489994,,,,
11.467612,927,1079.0,0.2576096001489994,0.060291600148999404,0.060291600148999404,0.7509046001489994,,,,
11.468691,927,1079.0,0.2576096001489994,0.1589506001489994,0.1589506001489994,0.7509046001489994,,,,
11.46977,927,1079.0,0.2576096001489994,0.1589506001489994,0.1589506001489994,0.8495636001489993,,,,
11.470849,927,1079.0,0.2576096001489994,0.2576096001489994,0.2576096001489994,0.9482226001489994,,,,
11.471928,927,1079.0,0.2576096001489994,0.2576096001489994,0.4549276001489994,1.2441996001489994,,,,
11.473007,927,1079.0,0.3562686001489994,0.2576096001489994,0.4549276001489994,1.3428586001489993,,,,
11.474086,927,1079.0,0.3562686001489994,0.2576096001489994,0.4549276001489994,1.2441996001489994,,,,
11.475165,927,1079.0,0.2576096001489994,0.2576096001489994,0.3562686001489994,1.1455406001489994,,,,
11.476244,927,1079.0,0.2576096001489994,0.2576096001489994,0.3562686001489994,0.9482226001489994,,,,
11.477323,927,1079.0,0.2576096001489994,0.1589506001489994,0.3562686001489994,1.0468816001489993,,,,
11.478402,927,1079.0,0.1589506001489994,0.2576096001489994,0.3562686001489994,0.9482226001489994,,,,
11.479481,927,1079.0,0.1589506001489994,0.1589506001489994,0.2576096001489994,0.9482226001489994,,,,
11.48056,927,1079.0,0.1589506001489994,0.1589506001489994,0.2576096001489994,0.8495636001489993,,,,
11.481639,927,1079.0,0.060291600148999404,0.1589506001489994,0.2576096001489994,0.7509046001489994,,,,
11.482718,927,1079.0,0.1589506001489994,0.060291600148999404,0.1589506001489994,0.8495636001489993,,,,
11.483797,927,1079.0,0.060291600148999404,0.1589506001489994,0.2576096001489994,0.9482226001489994,,,,
11.484876,927,1079.0,0.1589506001489994,0.1589506001489994,0.3562686001489994,1.1455406001489994,,,,
11.485955,927,1079.0,0.1589506001489994,0.2576096001489994,0.4549276001489994,1.3428586001489993,,,,
11.487034,927,1079.0,0.2576096001489994,0.2576096001489994,0.5535866001489994,1.4415176001489993,,,,
11.488113,927,1079.0,0.2576096001489994,0.2576096001489994,0.5535866001489994,1.5401766001489994,,,,
11.489192,927,1079.0,0.2576096001489994,0.3562686001489994,0.6522456001489993,1.5401766001489994,,,,
11.490271,927,1079.0,0.3562686001489994,0.4549276001489994,0.6522456001489993,1.6388356001489994,,,,
11.49135,927,1079.0,0.3562686001489994,0.5535866001489994,0.8495636001489993,1.8361536001489993,,,,
11.492429,927,1079.0,0.4549276001489994,0.4549276001489994,0.8495636001489993,2.0334716001489994,,,,
11.493508,927,1079.0,0.4549276001489994,0.4549276001489994,0.9482226001489994,1.9348126001489994,,,,
11.494587,927,1079.0,0.3562686001489994,0.4549276001489994,0.8495636001489993,1.8361536001489993,,,,
11.495666,927,1079.0,0.3562686001489994,0.4549276001489994,0.7509046001489994,1.7374946001489993,,,,
11.496745,927,1079.0,0.3562686001489994,0.4549276001489994,0.7509046001489994,1.7374946001489993,,,,
11.497824,927,1079.0,0.2576096001489994,0.3562686001489994,0.7509046001489994,1.6388356001489994,,,,
11.498903,927,1079.0,0.2576096001489994,0.3562686001489994,0.6522456001489993,1.6388356001489994,,,,
11.499982,927,1079.0,0.1589506001489994,0.3562686001489994,0.6522456001489993,1.5401766001489994,,,,
11.501061,927,1079.0,0.1589506001489994,0.3562686001489994,0.6522456001489993,1.5401766001489994,,,,
11.50214,927,1079.0,0.1589506001489994,0.2576096001489994,0.6522456001489993,1.5401766001489994,,,,
11.503219,927,1079.0,0.1589506001489994,0.3562686001489994,0.6522456001489993,1.6388356001489994,,,,
11.504298,927,1079.0,0.1589506001489994,0.3562686001489994,0.7509046001489994,1.7374946001489993,,,,
11.505377,927,1079.0,0.2576096001489994,0.4549276001489994,0.8495636001489993,1.8361536001489993,,,,
11.506456,927,1079.0,0.2576096001489994,0.4549276001489994,0.9482226001489994,2.0334716001489994,,,,
11.507535,927,1079.0,0.2576096001489994,0.5535866001489994,0.9482226001489994,2.1321306001489995,,,,
11.508614,927,1079.0,0.3562686001489994,0.5535866001489994,1.0468816001489993,2.1321306001489995,,,,
11.509693,927,1079.0,0.3562686001489994,0.5535866001489994,1.0468816001489993,2.2307896001489995,,,,
11.510772,927,1079.0,0.4549276001489994,0.6522456001489993,1.1455406001489994,2.329448600148999,,,,
11.511851,927,1079.0,0.5535866001489994,0.6522456001489993,1.1455406001489994,2.5267666001489992,,,,
11.51293,927,1079.0,0.5535866001489994,0.6522456001489993,1.1455406001489994,2.428107600148999,,,,
11.514009,927,1079.0,0.3562686001489994,0.6522456001489993,1.1455406001489994,2.428107600148999,,,,
11.515088,927,1079.0,0.3562686001489994,0.5535866001489994,1.0468816001489993,2.329448600148999,,,,
11.516167,927,1079.0,0.3562686001489994,0.5535866001489994,1.0468816001489993,2.1321306001489995,,,,
11.517246,927,1079.0,0.2576096001489994,0.5535866001489994,0.9482226001489994,2.1321306001489995,,,,
11.518325,927,1079.0,0.3562686001489994,0.5535866001489994,0.9482226001489994,2.0334716001489994,,,,
11.519404,927,1079.0,0.2576096001489994,0.4549276001489994,0.8495636001489993,1.9348126001489994,,,,
11.520483,927,1079.0,0.1589506001489994,0.4549276001489994,0.8495636001489993,1.8361536001489993,,,,
11.521562,927,1079.0,0.2576096001489994,0.3562686001489994,0.8495636001489993,1.8361536001489993,,,,
11.522641,927,1079.0,0.1589506001489994,0.4549276001489994,0.8495636001489993,1.8361536001489993,,,,
11.52372,927,1079.0,0.2576096001489994,0.4549276001489994,0.8495636001489993,1.9348126001489994,,,,
11.524799,927,1079.0,0.2576096001489994,0.4549276001489994,0.9482226001489994,2.0334716001489994,,,,
11.525878,927,1079.0,0.2576096001489994,0.4549276001489994,1.0468816001489993,2.1321306001489995,,,,
11.526957,927,1079.0,0.2576096001489994,0.5535866001489994,1.0468816001489993,2.2307896001489995,,,,
11.528036,927,1079.0,0.3562686001489994,0.5535866001489994,1.0468816001489993,2.2307896001489995,,,,
11.529115,927,1079.0,0.3562686001489994,0.5535866001489994,1.0468816001489993,2.329448600148999,,,,
11.530194,927,1079.0,0.4549276001489994,0.6522456001489993,1.1455406001489994,2.428107600148999,,,,
11.531273,927,1079.0,0.4549276001489994,0.6522456001489993,1.2441996001489994,2.5267666001489992,,,,
11.532352,927,1079.0,0.4549276001489994,0.6522456001489993,1.2441996001489994,2.428107600148999,,,,
11.533431,927,1079.0,0.4549276001489994,0.6522456001489993,1.0468816001489993,2.329448600148999,,,,
11.53451,927,1079.0,0.3562686001489994,0.6522456001489993,1.0468816001489993,2.2307896001489995,,,,
11.535589,927,1079.0,0.3562686001489994,0.5535866001489994,0.9482226001489994,2.1321306001489995,,,,
11.536668,927,1079.0,0.3562686001489994,0.4549276001489994,0.8495636001489993,2.0334716001489994,,,,
11.537747,927,1079.0,0.2576096001489994,0.4549276001489994,0.8495636001489993,1.9348126001489994,,,,
11.538826,927,1079.0,0.2576096001489994,0.4549276001489994,0.7509046001489994,1.7374946001489993,,,,
11.539905,927,1079.0,0.1589506001489994,0.3562686001489994,0.6522456001489993,1.6388356001489994,,,,
11.540984,927,1079.0,0.060291600148999404,0.3562686001489994,0.6522456001489993,1.5401766001489994,,,,
11.542063,927,1079.0,0.1589506001489994,0.2576096001489994,0.6522456001489993,1.6388356001489994,,,,
11.543142,927,1079.0,0.1589506001489994,0.3562686001489994,0.6522456001489993,1.6388356001489994,,,,
11.544221,927,1079.0,0.2576096001489994,0.3562686001489994,0.7509046001489994,1.7374946001489993,,,,
11.5453,927,1079.0,0.2576096001489994,0.3562686001489994,0.7509046001489994,1.7374946001489993,,,,
11.546379,927,1079.0,0.2576096001489994,0.4549276001489994,0.7509046001489994,1.8361536001489993,,,,
11.547458,927,1079.0,0.2576096001489994,0.4549276001489994,0.7509046001489994,1.8361536001489993,,,,
11.548537,927,1079.0,0.3562686001489994,0.4549276001489994,0.7509046001489994,1.9348126001489994,,,,
11.549616,927,1079.0,0.3562686001489994,0.4549276001489994,0.8495636001489993,2.0334716001489994,,,,
11.550695,927,1079.0,0.4549276001489994,0.5535866001489994,0.9482226001489994,2.0334716001489994,,,,
11.551774,927,1079.0,0.4549276001489994,0.5535866001489994,0.8495636001489993,1.9348126001489994,,,,
11.552853,927,1079.0,0.3562686001489994,0.4549276001489994,0.8495636001489993,1.7374946001489993,,,,
11.553932,927,1079.0,0.3562686001489994,0.4549276001489994,0.7509046001489994,1.7374946001489993,,,,
11.555011,927,1079.0,0.2576096001489994,0.4549276001489994,0.6522456001489993,1.5401766001489994,,,,
11.55609,927,1079.0,0.2576096001489994,0.3562686001489994,0.5535866001489994,1.4415176001489993,,,,
11.557169,927,1079.0,0.2576096001489994,0.2576096001489994,0.5535866001489994,1.2441996001489994,,,,
11.558248,927,1079.0,0.1589506001489994,0.2576096001489994,0.4549276001489994,1.1455406001489994,,,,
11.559327,927,1079.0,0.1589506001489994,0.1589506001489994,0.3562686001489994,1.0468816001489993,,,,
11.560406,927,1079.0,0.060291600148999404,0.1589506001489994,0.2576096001489994,0.9482226001489994,,,,
11.561485,927,1079.0,0.1589506001489994,0.060291600148999404,0.2576096001489994,0.9482226001489994,,,,
11.562564,927,1079.0,0.1589506001489994,0.1589506001489994,0.2576096001489994,0.9482226001489994,,,,
11.563643,927,1079.0,0.1589506001489994,0.1589506001489994,0.2576096001489994,0.9482226001489994,,,,
11.564722,927,1079.0,0.2576096001489994,0.1589506001489994,0.3562686001489994,1.1455406001489994,,,,
11.565801,927,1079.0,0.2576096001489994,0.2576096001489994,0.3562686001489994,1.0468816001489993,,,,
11.56688,927,1079.0,0.2576096001489994,0.2576096001489994,0.3562686001489994,1.0468816001489993,,,,
11.567959,927,1079.0,0.2576096001489994,0.2576096001489994,0.3562686001489994,1.1455406001489994,,,,
11.569038,927,1079.0,0.2576096001489994,0.2576096001489994,0.4549276001489994,1.1455406001489994,,,,
11.570117,927,1079.0,0.3562686001489994,0.3562686001489994,0.4549276001489994,1.2441996001489994,,,,
11.571196,927,1079.0,0.3562686001489994,0.3562686001489994,0.4549276001489994,1.2441996001489994,,,,
11.572275,927,1079.0,0.3562686001489994,0.2576096001489994,0.3562686001489994,1.1455406001489994,,,,
11.573354,927,1079.0,0.2576096001489994,0.2576096001489994,0.2576096001489994,0.9482226001489994,,,,
11.574433,927,1079.0,0.2576096001489994,0.2576096001489994,0.2576096001489994,0.8495636001489993,,,,
11.575512,927,1079.0,0.2576096001489994,0.1589506001489994,0.1589506001489994,0.7509046001489994,,,,
11.576591,927,1079.0,0.1589506001489994,0.060291600148999404,0.060291600148999404,0.6522456001489993,,,,
11.57767,927,1079.0,0.1589506001489994,0.060291600148999404,0.060291600148999404,0.5535866001489994,,,,
11.578749,927,1079.0,0.060291600148999404,-0.03836739985100059,-0.03836739985100059,0.3562686001489994,,,,
11.579828,927,1079.0,0.060291600148999404,-0.03836739985100059,-0.1370263998510006,0.2576096001489994,,,,
11.580907,927,1079.0,0.060291600148999404,-0.03836739985100059,-0.1370263998510006,0.1589506001489994,,,,
11.581986,927,1079.0,0.060291600148999404,-0.03836739985100059,-0.1370263998510006,0.2576096001489994,,,,
11.583065,927,1079.0,0.1589506001489994,-0.03836739985100059,-0.1370263998510006,0.3562686001489994,,,,
11.584144,927,1079.0,0.060291600148999404,-0.03836739985100059,-0.03836739985100059,0.4549276001489994,,,,
11.585223,927,1079.0,0.1589506001489994,-0.03836739985100059,-0.03836739985100059,0.4549276001489994,,,,
11.586302,927,1079.0,0.1589506001489994,0.060291600148999404,-0.03836739985100059,0.4549276001489994,,,,
11.587381,927,1079.0,0.1589506001489994,0.060291600148999404,-0.03836739985100059,0.4549276001489994,,,,
11.58846,927,1079.0,0.1589506001489994,0.060291600148999404,0.060291600148999404,0.5535866001489994,,,,
11.589539,927,1079.0,0.2576096001489994,0.1589506001489994,0.060291600148999404,0.6522456001489993,,,,
11.590618,927,1079.0,0.2576096001489994,0.1589506001489994,0.060291600148999404,0.7509046001489994,,,,
11.591697,927,1079.0,0.2576096001489994,0.060291600148999404,0.060291600148999404,0.6522456001489993,,,,
11.592776,927,1079.0,0.2576096001489994,0.060291600148999404,-0.03836739985100059,0.4549276001489994,,,,
11.593855,927,1079.0,0.1589506001489994,-0.03836739985100059,-0.1370263998510006,0.3562686001489994,,,,
11.594934,927,1079.0,0.1589506001489994,-0.03836739985100059,-0.1370263998510006,0.1589506001489994,,,,
11.596013,927,1079.0,0.1589506001489994,-0.1370263998510006,-0.2356853998510006,0.1589506001489994,,,,
11.597092,927,1079.0,0.1589506001489994,-0.1370263998510006,-0.2356853998510006,0.060291600148999404,,,,
11.598171,927,1079.0,0.060291600148999404,-0.2356853998510006,-0.33434439985100056,-0.03836739985100059,,,,
11.59925,927,1079.0,0.060291600148999404,-0.2356853998510006,-0.33434439985100056,-0.2356853998510006,,,,
11.600329,927,1079.0,-0.03836739985100059,-0.2356853998510006,-0.43300339985100056,-0.2356853998510006,,,,
11.601408,927,1079.0,-0.03836739985100059,-0.1370263998510006,-0.43300339985100056,-0.1370263998510006,,,,
11.602487,927,1079.0,0.060291600148999404,-0.1370263998510006,-0.33434439985100056,-0.03836739985100059,,,,
11.603566,927,1079.0,0.1589506001489994,-0.1370263998510006,-0.33434439985100056,0.060291600148999404,,,,
11.604645,927,1079.0,0.1589506001489994,-0.1370263998510006,-0.2356853998510006,0.1589506001489994,,,,
11.605724,927,1079.0,0.1589506001489994,-0.03836739985100059,-0.1370263998510006,0.2576096001489994,,,,
11.606803,927,1079.0,0.1589506001489994,-0.03836739985100059,-0.1370263998510006,0.2576096001489994,,,,
11.607882,927,1079.0,0.1589506001489994,0.060291600148999404,-0.1370263998510006,0.2576096001489994,,,,
11.608961,927,1079.0,0.2576096001489994,0.060291600148999404,-0.03836739985100059,0.4549276001489994,,,,
11.61004,927,1079.0,0.2576096001489994,0.060291600148999404,-0.03836739985100059,0.5535866001489994,,,,
11.611119,927,1079.0,0.2576096001489994,0.060291600148999404,-0.03836739985100059,0.4549276001489994,,,,
11.612198,927,1079.0,0.2576096001489994,0.060291600148999404,-0.03836739985100059,0.3562686001489994,,,,
11.613277,927,1079.0,0.1589506001489994,-0.03836739985100059,-0.1370263998510006,0.2576096001489994,,,,
11.614356,927,1079.0,0.1589506001489994,-0.03836739985100059,-0.2356853998510006,0.1589506001489994,,,,
11.615435,927,1079.0,0.1589506001489994,-0.03836739985100059,-0.2356853998510006,0.060291600148999404,,,,
11.616514,927,1079.0,0.1589506001489994,-0.1370263998510006,-0.2356853998510006,0.060291600148999404,,,,
11.617593,927,1079.0,0.060291600148999404,-0.1370263998510006,-0.33434439985100056,-0.03836739985100059,,,,
11.618672,927,1079.0,0.060291600148999404,-0.1370263998510006,-0.33434439985100056,-0.03836739985100059,,,,
11.619751,927,1079.0,0.060291600148999404,-0.2356853998510006,-0.33434439985100056,-0.1370263998510006,,,,
11.62083,927,1079.0,0.060291600148999404,-0.1370263998510006,-0.43300339985100056,-0.03836739985100059,,,,
11.621909,927,1079.0,0.060291600148999404,-0.1370263998510006,-0.2356853998510006,0.060291600148999404,,,,
11.622988,927,1079.0,0.060291600148999404,-0.03836739985100059,-0.2356853998510006,0.1589506001489994,,,,
11.624067,927,1079.0,0.1589506001489994,-0.03836739985100059,-0.1370263998510006,0.2576096001489994,,,,
11.625146,927,1079.0,0.1589506001489994,-0.03836739985100059,-0.03836739985100059,0.4549276001489994,,,,
11.626225,927,1079.0,0.1589506001489994,0.060291600148999404,0.060291600148999404,0.5535866001489994,,,,
11.627304,927,1079.0,0.1589506001489994,0.060291600148999404,0.060291600148999404,0.5535866001489994,,,,
11.628383,927,1079.0,0.2576096001489994,0.1589506001489994,0.1589506001489994,0.7509046001489994,,,,
11.629462,927,1079.0,0.3562686001489994,0.2576096001489994,0.1589506001489994,0.7509046001489994,,,,
11.630541,927,1079.0,0.3562686001489994,0.1589506001489994,0.1589506001489994,0.7509046001489994,,,,
11.63162,927,1079.0,0.2576096001489994,0.1589506001489994,0.1589506001489994,0.7509046001489994,,,,
11.632699,927,1079.0,0.2576096001489994,0.1589506001489994,0.1589506001489994,0.6522456001489993,,,,
11.633778,927,1079.0,0.1589506001489994,0.1589506001489994,0.060291600148999404,0.5535866001489994,,,,
11.634857,927,1079.0,0.1589506001489994,0.060291600148999404,0.060291600148999404,0.5535866001489994,,,,
11.635936,927,1079.0,0.1589506001489994,0.060291600148999404,0.060291600148999404,0.4549276001489994,,,,
11.637015,927,1079.0,0.1589506001489994,-0.03836739985100059,-0.03836739985100059,0.4549276001489994,,,,
11.638094,927,1079.0,0.060291600148999404,-0.03836739985100059,-0.03836739985100059,0.4549276001489994,,,,
11.639173,927,1079.0,0.060291600148999404,-0.03836739985100059,-0.03836739985100059,0.3562686001489994,,,,
11.640252,927,1079.0,0.060291600148999404,-0.03836739985100059,-0.03836739985100059,0.4549276001489994,,,,
11.641331,927,1079.0,0.060291600148999404,0.060291600148999404,0.060291600148999404,0.5535866001489994,,,,
11.64241,927,1079.0,0.1589506001489994,0.060291600148999404,0.1589506001489994,0.6522456001489993,,,,
11.643489,927,1079.0,0.1589506001489994,0.1589506001489994,0.1589506001489994,0.8495636001489993,,,,
11.644568,927,1079.0,0.2576096001489994,0.1589506001489994,0.2576096001489994,0.9482226001489994,,,,
11.645647,927,1079.0,0.2576096001489994,0.1589506001489994,0.3562686001489994,1.1455406001489994,,,,
11.646726,927,1079.0,0.2576096001489994,0.2576096001489994,0.3562686001489994,1.0468816001489993,,,,
11.647805,927,1079.0,0.3562686001489994,0.2576096001489994,0.5535866001489994,1.3428586001489993,,,,
11.648884,927,1079.0,0.3562686001489994,0.3562686001489994,0.5535866001489994,1.5401766001489994,,,,
11.649963,927,1079.0,0.3562686001489994,0.3562686001489994,0.5535866001489994,1.4415176001489993,,,,
11.651042,927,1079.0,0.3562686001489994,0.3562686001489994,0.5535866001489994,1.4415176001489993,,,,
11.652121,927,1079.0,0.2576096001489994,0.2576096001489994,0.5535866001489994,1.3428586001489993,,,,
11.6532,927,1079.0,0.2576096001489994,0.2576096001489994,0.5535866001489994,1.3428586001489993,,,,
11.654279,927,1079.0,0.2576096001489994,0.2576096001489994,0.4549276001489994,1.3428586001489993,,,,
11.655358,927,1079.0,0.2576096001489994,0.2576096001489994,0.4549276001489994,1.2441996001489994,,,,
11.656437,927,1079.0,0.2576096001489994,0.2576096001489994,0.4549276001489994,1.1455406001489994,,,,
11.657516,927,1079.0,0.1589506001489994,0.2576096001489994,0.4549276001489994,1.1455406001489994,,,,
11.658595,927,1079.0,0.1589506001489994,0.1589506001489994,0.3562686001489994,1.0468816001489993,,,,
11.659674,927,1079.0,0.1589506001489994,0.1589506001489994,0.4549276001489994,1.2441996001489994,,,,
11.660753,927,1079.0,0.1589506001489994,0.2576096001489994,0.5535866001489994,1.3428586001489993,,,,
11.661832,927,1079.0,0.2576096001489994,0.2576096001489994,0.5535866001489994,1.4415176001489993,,,,
11.662911,927,1079.0,0.2576096001489994,0.3562686001489994,0.6522456001489993,1.5401766001489994,,,,
11.66399,927,1079.0,0.2576096001489994,0.4549276001489994,0.7509046001489994,1.6388356001489994,,,,
11.665069,927,1079.0,0.3562686001489994,0.3562686001489994,0.7509046001489994,1.8361536001489993,,,,
11.666148,927,1079.0,0.2576096001489994,0.4549276001489994,0.8495636001489993,1.8361536001489993,,,,
11.667227,927,1079.0,0.3562686001489994,0.4549276001489994,0.9482226001489994,2.0334716001489994,,,,
11.668306,927,1079.0,0.3562686001489994,0.5535866001489994,0.9482226001489994,2.2307896001489995,,,,
11.669385,927,1079.0,0.4549276001489994,0.6522456001489993,1.0468816001489993,2.2307896001489995,,,,
11.670464,927,1079.0,0.3562686001489994,0.5535866001489994,0.9482226001489994,2.1321306001489995,,,,
11.671543,927,1079.0,0.3562686001489994,0.5535866001489994,0.9482226001489994,2.0334716001489994,,,,
11.672622,927,1079.0,0.3562686001489994,0.5535866001489994,0.8495636001489993,1.9348126001489994,,,,
11.673701,927,1079.0,0.3562686001489994,0.4549276001489994,0.8495636001489993,1.9348126001489994,,,,
11.67478,927,1079.0,0.3562686001489994,0.4549276001489994,0.8495636001489993,1.9348126001489994,,,,
11.675859,927,1079.0,0.2576096001489994,0.3562686001489994,0.7509046001489994,1.8361536001489993,,,,
11.676938,927,1079.0,0.2576096001489994,0.3562686001489994,0.7509046001489994,1.7374946001489993,,,,
11.678017,927,1079.0,0.1589506001489994,0.4549276001489994,0.6522456001489993,1.6388356001489994,,,,
11.679096,927,1079.0,0.1589506001489994,0.3562686001489994,0.6522456001489993,1.7374946001489993,,,,
11.680175,927,1079.0,0.1589506001489994,0.3562686001489994,0.7509046001489994,1.8361536001489993,,,,
11.681254,927,1079.0,0.1589506001489994,0.4549276001489994,0.8495636001489993,1.9348126001489994,,,,
11.682333,927,1079.0,0.2576096001489994,0.4549276001489994,0.9482226001489994,2.1321306001489995,,,,
11.683412,927,1079.0,0.2576096001489994,0.5535866001489994,0.9482226001489994,2.1321306001489995,,,,
11.684491,927,1079.0,0.3562686001489994,0.5535866001489994,1.0468816001489993,2.2307896001489995,,,,
11.68557,927,1079.0,0.3562686001489994,0.5535866001489994,1.0468816001489993,2.2307896001489995,,,,
11.686649,927,1079.0,0.3562686001489994,0.6522456001489993,1.1455406001489994,2.428107600148999,,,,
11.687728,927,1079.0,0.4549276001489994,0.6522456001489993,1.1455406001489994,2.5267666001489992,,,,
11.688807,927,1079.0,0.4549276001489994,0.6522456001489993,1.2441996001489994,2.5267666001489992,,,,
11.689886,927,1079.0,0.4549276001489994,0.6522456001489993,1.1455406001489994,2.428107600148999,,,,
11.690965,927,1079.0,0.3562686001489994,0.6522456001489993,1.1455406001489994,2.329448600148999,,,,
11.692044,927,1079.0,0.3562686001489994,0.6522456001489993,1.0468816001489993,2.2307896001489995,,,,
11.693123,927,1079.0,0.2576096001489994,0.5535866001489994,0.9482226001489994,2.1321306001489995,,,,
11.694202,927,1079.0,0.3562686001489994,0.5535866001489994,0.9482226001489994,2.1321306001489995,,,,
11.695281,927,1079.0,0.2576096001489994,0.4549276001489994,0.9482226001489994,2.0334716001489994,,,,
11.69636,927,1079.0,0.2576096001489994,0.4549276001489994,0.8495636001489993,1.9348126001489994,,,,
11.697439,927,1079.0,0.2576096001489994,0.3562686001489994,0.7509046001489994,1.7374946001489993,,,,
11.698518,927,1079.0,0.1589506001489994,0.3562686001489994,0.7509046001489994,1.7374946001489993,,,,
11.699597,927,1079.0,0.2576096001489994,0.3562686001489994,0.7509046001489994,1.7374946001489993,,,,
11.700676,927,1079.0,0.2576096001489994,0.4549276001489994,0.8495636001489993,1.9348126001489994,,,,
11.701755,927,1079.0,0.2576096001489994,0.5535866001489994,0.9482226001489994,2.0334716001489994,,,,
11.702834,927,1079.0,0.3562686001489994,0.4549276001489994,0.9482226001489994,2.1321306001489995,,,,
11.703913,927,1079.0,0.3562686001489994,0.5535866001489994,1.0468816001489993,2.2307896001489995,,,,
11.704992,927,1079.0,0.3562686001489994,0.5535866001489994,1.0468816001489993,2.1321306001489995,,,,
11.706071,927,1079.0,0.3562686001489994,0.5535866001489994,1.0468816001489993,2.2307896001489995,,,,
11.70715,927,1079.0,0.4549276001489994,0.5535866001489994,1.0468816001489993,2.329448600148999,,,,
11.708229,927,1079.0,0.4549276001489994,0.6522456001489993,1.1455406001489994,2.428107600148999,,,,
11.709308,927,1079.0,0.4549276001489994,0.5535866001489994,1.0468816001489993,2.329448600148999,,,,
11.710387,927,1079.0,0.3562686001489994,0.5535866001489994,1.0468816001489993,2.1321306001489995,,,,
11.711466,927,1079.0,0.3562686001489994,0.5535866001489994,0.8495636001489993,2.0334716001489994,,,,
11.712545,927,1079.0,0.3562686001489994,0.4549276001489994,0.8495636001489993,1.8361536001489993,,,,
11.713624,927,1079.0,0.2576096001489994,0.4549276001489994,0.7509046001489994,1.7374946001489993,,,,
11.714703,927,1079.0,0.2576096001489994,0.3562686001489994,0.7509046001489994,1.6388356001489994,,,,
11.715782,927,1079.0,0.1589506001489994,0.3562686001489994,0.6522456001489993,1.5401766001489994,,,,
11.716861,927,1079.0,0.1589506001489994,0.2576096001489994,0.6522456001489993,1.4415176001489993,,,,
11.71794,927,1079.0,0.1589506001489994,0.2576096001489994,0.5535866001489994,1.3428586001489993,,,,
11.719019,927,1079.0,0.1589506001489994,0.2576096001489994,0.5535866001489994,1.3428586001489993,,,,
11.720098,927,1079.0,0.1589506001489994,0.3562686001489994,0.5535866001489994,1.4415176001489993,,,,
11.721177,927,1079.0,0.2576096001489994,0.3562686001489994,0.6522456001489993,1.5401766001489994,,,,
11.722256,927,1079.0,0.2576096001489994,0.3562686001489994,0.6522456001489993,1.5401766001489994,,,,
11.723335,927,1079.0,0.2576096001489994,0.3562686001489994,0.6522456001489993,1.6388356001489994,,,,
11.724414,927,1079.0,0.3562686001489994,0.3562686001489994,0.6522456001489993,1.6388356001489994,,,,
11.725493,927,1079.0,0.2576096001489994,0.4549276001489994,0.6522456001489993,1.6388356001489994,,,,
11.726572,927,1079.0,0.3562686001489994,0.4549276001489994,0.7509046001489994,1.7374946001489993,,,,
11.727651,927,1079.0,0.4549276001489994,0.4549276001489994,0.7509046001489994,1.7374946001489993,,,,
11.72873,927,1079.0,0.4549276001489994,0.4549276001489994,0.7509046001489994,1.6388356001489994,,,,
11.729809,927,1079.0,0.3562686001489994,0.4549276001489994,0.6522456001489993,1.5401766001489994,,,,
11.730888,927,1079.0,0.2576096001489994,0.2576096001489994,0.5535866001489994,1.3428586001489993,,,,
11.731967,927,1079.0,0.2576096001489994,0.2576096001489994,0.4549276001489994,1.2441996001489994,,,,
11.733046,927,1079.0,0.2576096001489994,0.2576096001489994,0.3562686001489994,1.1455406001489994,,,,
11.734125,927,1079.0,0.1589506001489994,0.2576096001489994,0.3562686001489994,0.9482226001489994,,,,
11.735204,927,1079.0,0.1589506001489994,0.1589506001489994,0.2576096001489994,0.8495636001489993,,,,
11.736283,927,1079.0,0.1589506001489994,0.060291600148999404,0.1589506001489994,0.7509046001489994,,,,
11.737362,927,1079.0,0.060291600148999404,0.060291600148999404,0.1589506001489994,0.6522456001489993,,,,
11.738441,927,1079.0,0.060291600148999404,0.060291600148999404,0.1589506001489994,0.6522456001489993,,,,
11.73952,927,1079.0,0.1589506001489994,0.060291600148999404,0.1589506001489994,0.7509046001489994,,,,
11.740599,927,1079.0,0.1589506001489994,0.1589506001489994,0.1589506001489994,0.7509046001489994,,,,
11.741678,927,1079.0,0.1589506001489994,0.1589506001489994,0.2576096001489994,0.8495636001489993,,,,
11.742757,927,1079.0,0.1589506001489994,0.1589506001489994,0.2576096001489994,0.8495636001489993,,,,
11.743836,927,1079.0,0.2576096001489994,0.1589506001489994,0.2576096001489994,0.9482226001489994,,,,
11.744915,927,1079.0,0.2576096001489994,0.1589506001489994,0.2576096001489994,0.8495636001489993,,,,
11.745994,927,1079.0,0.2576096001489994,0.1589506001489994,0.2576096001489994,1.0468816001489993,,,,
11.747073,927,1079.0,0.3562686001489994,0.2576096001489994,0.3562686001489994,1.0468816001489993,,,,
11.748152,927,1079.0,0.3562686001489994,0.2576096001489994,0.2576096001489994,0.9482226001489994,,,,
11.749231,927,1079.0,0.2576096001489994,0.2576096001489994,0.1589506001489994,0.8495636001489993,,,,
11.75031,927,1079.0,0.2576096001489994,0.1589506001489994,0.1589506001489994,0.6522456001489993,,,,
11.751389,927,1079.0,0.1589506001489994,0.060291600148999404,0.060291600148999404,0.6522456001489993,,,,
11.752468,927,1079.0,0.1589506001489994,0.060291600148999404,-0.03836739985100059,0.4549276001489994,,,,
11.753547,927,1079.0,0.1589506001489994,-0.03836739985100059,-0.03836739985100059,0.3562686001489994,,,,
11.754626,927,1079.0,0.1589506001489994,-0.03836739985100059,-0.1370263998510006,0.2576096001489994,,,,
11.755705,927,1079.0,0.060291600148999404,-0.03836739985100059,-0.2356853998510006,0.1589506001489994,,,,
11.756784,927,1079.0,0.060291600148999404,-0.1370263998510006,-0.2356853998510006,0.060291600148999404,,,,
11.757863,927,1079.0,0.060291600148999404,-0.1370263998510006,-0.2356853998510006,0.060291600148999404,,,,
11.758942,927,1079.0,0.060291600148999404,-0.1370263998510006,-0.2356853998510006,0.1589506001489994,,,,
11.760021,927,1079.0,0.1589506001489994,-0.1370263998510006,-0.2356853998510006,0.1589506001489994,,,,
11.7611,927,1079.0,0.1589506001489994,-0.03836739985100059,-0.1370263998510006,0.2576096001489994,,,,
11.762179,927,1079.0,0.1589506001489994,-0.03836739985100059,-0.1370263998510006,0.2576096001489994,,,,
11.763258,927,1079.0,0.1589506001489994,0.060291600148999404,-0.1370263998510006,0.3562686001489994,,,,
11.764337,927,1079.0,0.2576096001489994,-0.03836739985100059,-0.03836739985100059,0.3562686001489994,,,,
11.765416,927,1079.0,0.2576096001489994,0.060291600148999404,-0.03836739985100059,0.4549276001489994,,,,
11.766495,927,1079.0,0.3562686001489994,0.060291600148999404,0.060291600148999404,0.6522456001489993,,,,
11.767574,927,1079.0,0.2576096001489994,0.1589506001489994,0.060291600148999404,0.5535866001489994,,,,
11.768653,927,1079.0,0.2576096001489994,0.1589506001489994,-0.03836739985100059,0.3562686001489994,,,,
11.769732,927,1079.0,0.2576096001489994,0.060291600148999404,-0.1370263998510006,0.2576096001489994,,,,
11.770811,927,1079.0,0.1589506001489994,-0.03836739985100059,-0.1370263998510006,0.1589506001489994,,,,
11.77189,927,1079.0,0.060291600148999404,-0.03836739985100059,-0.2356853998510006,0.060291600148999404,,,,
11.772969,927,1079.0,0.060291600148999404,-0.03836739985100059,-0.2356853998510006,0.060291600148999404,,,,
11.774048,927,1079.0,0.060291600148999404,-0.1370263998510006,-0.33434439985100056,-0.1370263998510006,,,,
11.775127,927,1079.0,0.060291600148999404,-0.2356853998510006,-0.43300339985100056,-0.1370263998510006,,,,
11.776206,927,1079.0,0.060291600148999404,-0.2356853998510006,-0.43300339985100056,-0.33434439985100056,,,,
11.777285,927,1079.0,0.060291600148999404,-0.2356853998510006,-0.43300339985100056,-0.2356853998510006,,,,
11.778364,927,1079.0,0.060291600148999404,-0.2356853998510006,-0.43300339985100056,-0.03836739985100059,,,,
11.779443,927,1079.0,0.060291600148999404,-0.1370263998510006,-0.33434439985100056,0.060291600148999404,,,,
11.780522,927,1079.0,0.1589506001489994,-0.1370263998510006,-0.2356853998510006,0.1589506001489994,,,,
11.781601,927,1079.0,0.1589506001489994,-0.03836739985100059,-0.2356853998510006,0.1589506001489994,,,,
11.78268,927,1079.0,0.1589506001489994,-0.03836739985100059,-0.2356853998510006,0.2576096001489994,,,,
11.783759,927,1079.0,0.1589506001489994,-0.03836739985100059,-0.1370263998510006,0.1589506001489994,,,,
11.784838,927,1079.0,0.2576096001489994,0.060291600148999404,-0.03836739985100059,0.4549276001489994,,,,
11.785917,927,1079.0,0.2576096001489994,0.060291600148999404,0.060291600148999404,0.5535866001489994,,,,
11.786996,927,1079.0,0.2576096001489994,0.060291600148999404,0.060291600148999404,0.6522456001489993,,,,
11.788075,927,1079.0,0.2576096001489994,0.060291600148999404,-0.03836739985100059,0.4549276001489994,,,,
11.789154,927,1079.0,0.2576096001489994,0.060291600148999404,-0.1370263998510006,0.3562686001489994,,,,
11.790233,927,1079.0,0.1589506001489994,0.060291600148999404,-0.03836739985100059,0.2576096001489994,,,,
11.791312,927,1079.0,0.1589506001489994,-0.03836739985100059,-0.1370263998510006,0.2576096001489994,,,,
11.792391,927,1079.0,0.1589506001489994,-0.03836739985100059,-0.1370263998510006,0.2576096001489994,,,,
11.79347,927,1079.0,0.1589506001489994,-0.1370263998510006,-0.2356853998510006,0.1589506001489994,,,,
11.794549,927,1079.0,0.060291600148999404,-0.03836739985100059,-0.2356853998510006,0.060291600148999404,,,,
11.795628,927,1079.0,0.060291600148999404,-0.1370263998510006,-0.33434439985100056,-0.03836739985100059,,,,
11.796707,927,1079.0,0.060291600148999404,-0.1370263998510006,-0.2356853998510006,0.060291600148999404,,,,
11.797786,927,1079.0,0.060291600148999404,-0.03836739985100059,-0.2356853998510006,0.1589506001489994,,,,
11.798865,927,1079.0,0.060291600148999404,-0.1370263998510006,-0.1370263998510006,0.2576096001489994,,,,
11.799944,927,1079.0,0.1589506001489994,-0.03836739985100059,-0.03836739985100059,0.4549276001489994,,,,
11.801023,927,1079.0,0.1589506001489994,0.060291600148999404,0.060291600148999404,0.5535866001489994,,,,
11.802102,927,1079.0,0.1589506001489994,0.060291600148999404,0.060291600148999404,0.5535866001489994,,,,
11.803181,927,1079.0,0.2576096001489994,0.1589506001489994,0.060291600148999404,0.6522456001489993,,,,
11.80426,927,1079.0,0.2576096001489994,0.1589506001489994,0.1589506001489994,0.8495636001489993,,,,
11.805339,927,1079.0,0.2576096001489994,0.2576096001489994,0.2576096001489994,1.0468816001489993,,,,
11.806418,927,1079.0,0.2576096001489994,0.2576096001489994,0.3562686001489994,1.0468816001489993,,,,
11.807497,927,1079.0,0.3562686001489994,0.2576096001489994,0.3562686001489994,0.9482226001489994,,,,
11.808576,927,1079.0,0.2576096001489994,0.1589506001489994,0.2576096001489994,0.9482226001489994,,,,
11.809655,927,1079.0,0.2576096001489994,0.1589506001489994,0.2576096001489994,0.8495636001489993,,,,
11.810734,927,1079.0,0.2576096001489994,0.1589506001489994,0.2576096001489994,0.7509046001489994,,,,
11.811813,927,1079.0,0.2576096001489994,0.1589506001489994,0.1589506001489994,0.7509046001489994,,,,
11.812892,927,1079.0,0.1589506001489994,0.060291600148999404,0.1589506001489994,0.7509046001489994,,,,
11.813971,927,1079.0,0.1589506001489994,0.060291600148999404,0.1589506001489994,0.7509046001489994,,,,
11.81505,927,1079.0,0.060291600148999404,0.060291600148999404,0.060291600148999404,0.6522456001489993,,,,
11.816129,927,1079.0,0.060291600148999404,0.060291600148999404,0.060291600148999404,0.6522456001489993,,,,
11.817208,927,1079.0,0.060291600148999404,0.060291600148999404,0.1589506001489994,0.7509046001489994,,,,
11.818287,927,1079.0,0.1589506001489994,0.1589506001489994,0.2576096001489994,0.8495636001489993,,,,
11.819366,927,1079.0,0.2576096001489994,0.1589506001489994,0.3562686001489994,1.0468816001489993,,,,
11.820445,927,1079.0,0.1589506001489994,0.2576096001489994,0.4549276001489994,1.1455406001489994,,,,
11.821524,927,1079.0,0.2576096001489994,0.2576096001489994,0.5535866001489994,1.2441996001489994,,,,
11.822603,927,1079.0,0.2576096001489994,0.2576096001489994,0.5535866001489994,1.3428586001489993,,,,
11.823682,927,1079.0,0.2576096001489994,0.3562686001489994,0.6522456001489993,1.4415176001489993,,,,
11.824761,927,1079.0,0.3562686001489994,0.4549276001489994,0.6522456001489993,1.6388356001489994,,,,
11.82584,927,1079.0,0.3562686001489994,0.4549276001489994,0.7509046001489994,1.8361536001489993,,,,
11.826919,927,1079.0,0.4549276001489994,0.4549276001489994,0.7509046001489994,1.7374946001489993,,,,
11.827998,927,1079.0,0.3562686001489994,0.4549276001489994,0.7509046001489994,1.6388356001489994,,,,
11.829077,927,1079.0,0.3562686001489994,0.4549276001489994,0.6522456001489993,1.5401766001489994,,,,
11.830156,927,1079.0,0.2576096001489994,0.3562686001489994,0.6522456001489993,1.5401766001489994,,,,
11.831235,927,1079.0,0.2576096001489994,0.3562686001489994,0.6522456001489993,1.4415176001489993,,,,
11.832314,927,1079.0,0.2576096001489994,0.3562686001489994,0.6522456001489993,1.4415176001489993,,,,
11.833393,927,1079.0,0.1589506001489994,0.2576096001489994,0.5535866001489994,1.3428586001489993,,,,
11.834472,927,1079.0,0.1589506001489994,0.2576096001489994,0.6522456001489993,1.3428586001489993,,,,
11.835551,927,1079.0,0.060291600148999404,0.2576096001489994,0.5535866001489994,1.3428586001489993,,,,
11.83663,927,1079.0,0.1589506001489994,0.2576096001489994,0.5535866001489994,1.4415176001489993,,,,
11.837709,927,1079.0,0.1589506001489994,0.3562686001489994,0.6522456001489993,1.5401766001489994,,,,
11.838788,927,1079.0,0.2576096001489994,0.4549276001489994,0.7509046001489994,1.6388356001489994,,,,
11.839867,927,1079.0,0.2576096001489994,0.4549276001489994,0.8495636001489993,1.7374946001489993,,,,
11.840946,927,1079.0,0.2576096001489994,0.4549276001489994,0.8495636001489993,1.9348126001489994,,,,
11.842025,927,1079.0,0.3562686001489994,0.4549276001489994,0.8495636001489993,2.0334716001489994,,,,
11.843104,927,1079.0,0.2576096001489994,0.5535866001489994,0.9482226001489994,2.0334716001489994,,,,
11.844183,927,1079.0,0.3562686001489994,0.5535866001489994,1.0468816001489993,2.2307896001489995,,,,
11.845262,927,1079.0,0.4549276001489994,0.6522456001489993,1.0468816001489993,2.329448600148999,,,,
11.846341,927,1079.0,0.4549276001489994,0.6522456001489993,1.1455406001489994,2.329448600148999,,,,
11.84742,927,1079.0,0.4549276001489994,0.5535866001489994,1.0468816001489993,2.329448600148999,,,,
11.848499,927,1079.0,0.3562686001489994,0.5535866001489994,1.0468816001489993,2.1321306001489995,,,,
11.849578,927,1079.0,0.3562686001489994,0.4549276001489994,0.9482226001489994,2.1321306001489995,,,,
11.850657,927,1079.0,0.3562686001489994,0.4549276001489994,0.9482226001489994,2.0334716001489994,,,,
11.851736,927,1079.0,0.2576096001489994,0.4549276001489994,0.8495636001489993,1.9348126001489994,,,,
11.852815,927,1079.0,0.2576096001489994,0.4549276001489994,0.8495636001489993,1.8361536001489993,,,,
11.853894,927,1079.0,0.2576096001489994,0.4549276001489994,0.8495636001489993,1.7374946001489993,,,,
11.854973,927,1079.0,0.1589506001489994,0.3562686001489994,0.7509046001489994,1.7374946001489993,,,,
11.856052,927,1079.0,0.1589506001489994,0.3562686001489994,0.8495636001489993,1.8361536001489993,,,,
11.857131,927,1079.0,0.2576096001489994,0.4549276001489994,0.8495636001489993,1.9348126001489994,,,,
11.85821,927,1079.0,0.2576096001489994,0.5535866001489994,0.9482226001489994,2.0334716001489994,,,,
11.859289,927,1079.0,0.3562686001489994,0.4549276001489994,0.9482226001489994,2.1321306001489995,,,,
11.860368,927,1079.0,0.3562686001489994,0.5535866001489994,0.9482226001489994,2.2307896001489995,,,,
11.861447,927,1079.0,0.3562686001489994,0.5535866001489994,1.0468816001489993,2.2307896001489995,,,,
11.862526,927,1079.0,0.3562686001489994,0.5535866001489994,1.0468816001489993,2.329448600148999,,,,
11.863605,927,1079.0,0.3562686001489994,0.6522456001489993,1.1455406001489994,2.428107600148999,,,,
11.864684,927,1079.0,0.4549276001489994,0.7509046001489994,1.2441996001489994,2.5267666001489992,,,,
11.865763,927,1079.0,0.5535866001489994,0.6522456001489993,1.1455406001489994,2.428107600148999,,,,
11.866842,927,1079.0,0.4549276001489994,0.6522456001489993,1.1455406001489994,2.428107600148999,,,,
11.867921,927,1079.0,0.3562686001489994,0.5535866001489994,1.0468816001489993,2.329448600148999,,,,
11.869,927,1079.0,0.3562686001489994,0.5535866001489994,1.0468816001489993,2.1321306001489995,,,,
11.870079,927,1079.0,0.2576096001489994,0.5535866001489994,0.9482226001489994,2.0334716001489994,,,,
11.871158,927,1079.0,0.2576096001489994,0.4549276001489994,0.9482226001489994,2.0334716001489994,,,,
11.872237,927,1079.0,0.2576096001489994,0.4549276001489994,0.8495636001489993,1.8361536001489993,,,,
11.873316,927,1079.0,0.2576096001489994,0.4549276001489994,0.8495636001489993,1.7374946001489993,,,,
11.874395,927,1079.0,0.1589506001489994,0.3562686001489994,0.7509046001489994,1.6388356001489994,,,,
11.875474,927,1079.0,0.1589506001489994,0.3562686001489994,0.7509046001489994,1.6388356001489994,,,,
11.876553,927,1079.0,0.2576096001489994,0.3562686001489994,0.7509046001489994,1.7374946001489993,,,,
11.877632,927,1079.0,0.2576096001489994,0.4549276001489994,0.7509046001489994,1.8361536001489993,,,,
11.878711,927,1079.0,0.2576096001489994,0.4549276001489994,0.8495636001489993,1.9348126001489994,,,,
11.87979,927,1079.0,0.2576096001489994,0.4549276001489994,0.8495636001489993,1.9348126001489994,,,,
11.880869,927,1079.0,0.2576096001489994,0.5535866001489994,0.9482226001489994,2.0334716001489994,,,,
11.881948,927,1079.0,0.2576096001489994,0.5535866001489994,0.8495636001489993,2.0334716001489994,,,,
11.883027,927,1079.0,0.3562686001489994,0.5535866001489994,0.9482226001489994,2.1321306001489995,,,,
11.884106,927,1079.0,0.3562686001489994,0.5535866001489994,0.9482226001489994,2.2307896001489995,,,,
11.885185,927,1079.0,0.4549276001489994,0.5535866001489994,1.0468816001489993,2.1321306001489995,,,,
11.886264,927,1079.0,0.3562686001489994,0.5535866001489994,0.9482226001489994,2.0334716001489994,,,,
11.887343,927,1079.0,0.3562686001489994,0.5535866001489994,0.8495636001489993,1.8361536001489993,,,,
11.888422,927,1079.0,0.3562686001489994,0.4549276001489994,0.7509046001489994,1.6388356001489994,,,,
11.889501,927,1079.0,0.2576096001489994,0.4549276001489994,0.6522456001489993,1.5401766001489994,,,,
11.89058,927,1079.0,0.2576096001489994,0.3562686001489994,0.6522456001489993,1.5401766001489994,,,,
11.891659,927,1079.0,0.2576096001489994,0.2576096001489994,0.5535866001489994,1.4415176001489993,,,,
11.892738,927,1079.0,0.1589506001489994,0.2576096001489994,0.4549276001489994,1.2441996001489994,,,,
11.893817,927,1079.0,0.1589506001489994,0.2576096001489994,0.3562686001489994,1.0468816001489993,,,,
11.894896,927,1079.0,0.060291600148999404,0.1589506001489994,0.4549276001489994,1.0468816001489993,,,,
11.895975,927,1079.0,0.1589506001489994,0.2576096001489994,0.4549276001489994,1.1455406001489994,,,,
11.897054,927,1079.0,0.1589506001489994,0.1589506001489994,0.4549276001489994,1.2441996001489994,,,,
11.898133,927,1079.0,0.2576096001489994,0.2576096001489994,0.4549276001489994,1.2441996001489994,,,,
11.899212,927,1079.0,0.2576096001489994,0.2576096001489994,0.4549276001489994,1.3428586001489993,,,,
11.900291,927,1079.0,0.2576096001489994,0.2576096001489994,0.5535866001489994,1.3428586001489993,,,,
11.90137,927,1079.0,0.2576096001489994,0.3562686001489994,0.5535866001489994,1.3428586001489993,,,,
11.902449,927,1079.0,0.3562686001489994,0.2576096001489994,0.5535866001489994,1.4415176001489993,,,,
11.903528,927,1079.0,0.3562686001489994,0.4549276001489994,0.6522456001489993,1.5401766001489994,,,,
11.904607,927,1079.0,0.4549276001489994,0.3562686001489994,0.5535866001489994,1.4415176001489993,,,,
11.905686,927,1079.0,0.3562686001489994,0.3562686001489994,0.5535866001489994,1.3428586001489993,,,,
11.906765,927,1079.0,0.3562686001489994,0.2576096001489994,0.4549276001489994,1.1455406001489994,,,,
11.907844,927,1079.0,0.2576096001489994,0.2576096001489994,0.3562686001489994,0.9482226001489994,,,,
11.908923,927,1079.0,0.2576096001489994,0.1589506001489994,0.2576096001489994,0.8495636001489993,,,,
11.910002,927,1079.0,0.1589506001489994,0.1589506001489994,0.2576096001489994,0.8495636001489993,,,,
11.911081,927,1079.0,0.1589506001489994,0.060291600148999404,0.1589506001489994,0.7509046001489994,,,,
11.91216,927,1079.0,0.1589506001489994,0.060291600148999404,0.060291600148999404,0.6522456001489993,,,,
11.913239,927,1079.0,0.1589506001489994,-0.03836739985100059,0.060291600148999404,0.4549276001489994,,,,
11.914318,927,1079.0,0.060291600148999404,-0.03836739985100059,-0.03836739985100059,0.3562686001489994,,,,
11.915397,927,1079.0,0.060291600148999404,-0.03836739985100059,-0.03836739985100059,0.4549276001489994,,,,
11.916476,927,1079.0,0.060291600148999404,0.060291600148999404,0.060291600148999404,0.5535866001489994,,,,
11.917555,927,1079.0,0.060291600148999404,0.060291600148999404,0.060291600148999404,0.6522456001489993,,,,
11.918634,927,1079.0,0.1589506001489994,0.060291600148999404,0.1589506001489994,0.6522456001489993,,,,
11.919713,927,1079.0,0.1589506001489994,0.060291600148999404,0.1589506001489994,0.6522456001489993,,,,
11.920792,927,1079.0,0.2576096001489994,0.1589506001489994,0.1589506001489994,0.6522456001489993,,,,
11.921871,927,1079.0,0.2576096001489994,0.1589506001489994,0.1589506001489994,0.7509046001489994,,,,
11.92295,927,1079.0,0.2576096001489994,0.1589506001489994,0.1589506001489994,0.7509046001489994,,,,
11.924029,927,1079.0,0.2576096001489994,0.2576096001489994,0.2576096001489994,0.8495636001489993,,,,
11.925108,927,1079.0,0.2576096001489994,0.1589506001489994,0.1589506001489994,0.7509046001489994,,,,
11.926187,927,1079.0,0.2576096001489994,0.060291600148999404,0.060291600148999404,0.6522456001489993,,,,
11.927266,927,1079.0,0.1589506001489994,0.060291600148999404,-0.03836739985100059,0.4549276001489994,,,,
11.928345,927,1079.0,0.1589506001489994,0.060291600148999404,-0.03836739985100059,0.3562686001489994,,,,
11.929424,927,1079.0,0.1589506001489994,-0.03836739985100059,-0.1370263998510006,0.2576096001489994,,,,
11.930503,927,1079.0,0.1589506001489994,-0.03836739985100059,-0.1370263998510006,0.1589506001489994,,,,
11.931582,927,1079.0,0.060291600148999404,-0.1370263998510006,-0.2356853998510006,0.060291600148999404,,,,
11.932661,927,1079.0,0.060291600148999404,-0.1370263998510006,-0.33434439985100056,-0.03836739985100059,,,,
11.93374,927,1079.0,-0.03836739985100059,-0.2356853998510006,-0.33434439985100056,-0.2356853998510006,,,,
11.934819,927,1079.0,0.060291600148999404,-0.1370263998510006,-0.33434439985100056,-0.03836739985100059,,,,
11.935898,927,1079.0,0.060291600148999404,-0.1370263998510006,-0.2356853998510006,-0.03836739985100059,,,,
11.936977,927,1079.0,0.1589506001489994,-0.1370263998510006,-0.2356853998510006,0.060291600148999404,,,,
11.938056,927,1079.0,0.060291600148999404,-0.1370263998510006,-0.1370263998510006,0.1589506001489994,,,,
11.939135,927,1079.0,0.1589506001489994,-0.03836739985100059,-0.1370263998510006,0.2576096001489994,,,,
11.940214,927,1079.0,0.1589506001489994,-0.03836739985100059,-0.1370263998510006,0.2576096001489994,,,,
11.941293,927,1079.0,0.1589506001489994,-0.03836739985100059,-0.1370263998510006,0.3562686001489994,,,,
11.942372,927,1079.0,0.2576096001489994,0.060291600148999404,-0.03836739985100059,0.4549276001489994,,,,
11.943451,927,1079.0,0.3562686001489994,0.060291600148999404,-0.03836739985100059,0.5535866001489994,,,,
11.94453,927,1079.0,0.2576096001489994,0.060291600148999404,-0.03836739985100059,0.4549276001489994,,,,
11.945609,927,1079.0,0.2576096001489994,-0.03836739985100059,-0.03836739985100059,0.3562686001489994,,,,
11.946688,927,1079.0,0.2576096001489994,-0.03836739985100059,-0.1370263998510006,0.2576096001489994,,,,
11.947767,927,1079.0,0.2576096001489994,-0.03836739985100059,-0.2356853998510006,0.1589506001489994,,,,
11.948846,927,1079.0,0.1589506001489994,-0.1370263998510006,-0.2356853998510006,0.060291600148999404,,,,
11.949925,927,1079.0,0.1589506001489994,-0.1370263998510006,-0.33434439985100056,0.060291600148999404,,,,
11.951004,927,1079.0,0.060291600148999404,-0.1370263998510006,-0.33434439985100056,-0.03836739985100059,,,,
11.952083,927,1079.0,0.060291600148999404,-0.2356853998510006,-0.2356853998510006,-0.03836739985100059,,,,
11.953162,927,1079.0,0.060291600148999404,-0.2356853998510006,-0.33434439985100056,-0.1370263998510006,,,,
11.954241,927,1079.0,0.060291600148999404,-0.2356853998510006,-0.33434439985100056,-0.1370263998510006,,,,
11.95532,927,1079.0,0.060291600148999404,-0.1370263998510006,-0.2356853998510006,-0.03836739985100059,,,,
11.956399,927,1079.0,0.1589506001489994,-0.1370263998510006,-0.2356853998510006,0.1589506001489994,,,,
11.957478,927,1079.0,0.1589506001489994,-0.03836739985100059,-0.1370263998510006,0.2576096001489994,,,,
11.958557,927,1079.0,0.1589506001489994,-0.03836739985100059,-0.1370263998510006,0.3562686001489994,,,,
11.959636,927,1079.0,0.1589506001489994,-0.03836739985100059,-0.03836739985100059,0.4549276001489994,,,,
11.960715,927,1079.0,0.1589506001489994,0.060291600148999404,-0.03836739985100059,0.4549276001489994,,,,
11.961794,927,1079.0,0.2576096001489994,0.060291600148999404,0.060291600148999404,0.6522456001489993,,,,
11.962873,927,1079.0,0.2576096001489994,0.1589506001489994,0.1589506001489994,0.7509046001489994,,,,
11.963952,927,1079.0,0.2576096001489994,0.1589506001489994,0.1589506001489994,0.6522456001489993,,,,
11.965031,927,1079.0,0.2576096001489994,0.060291600148999404,0.060291600148999404,0.6522456001489993,,,,
11.96611,927,1079.0,0.2576096001489994,0.060291600148999404,0.060291600148999404,0.5535866001489994,,,,
11.967189,927,1079.0,0.1589506001489994,-0.03836739985100059,0.060291600148999404,0.4549276001489994,,,,
11.968268,927,1079.0,0.1589506001489994,0.060291600148999404,-0.03836739985100059,0.4549276001489994,,,,
11.969347,927,1079.0,0.1589506001489994,-0.03836739985100059,-0.03836739985100059,0.3562686001489994,,,,
11.970426,927,1079.0,0.060291600148999404,-0.03836739985100059,-0.03836739985100059,0.3562686001489994,,,,
11.971505,927,1079.0,0.060291600148999404,-0.03836739985100059,-0.03836739985100059,0.3562686001489994,,,,
11.972584,927,1079.0,0.060291600148999404,-0.03836739985100059,-0.1370263998510006,0.2576096001489994,,,,
11.973663,927,1079.0,0.060291600148999404,-0.1370263998510006,-0.1370263998510006,0.3562686001489994,,,,
11.974742,927,1079.0,0.060291600148999404,-0.03836739985100059,-0.03836739985100059,0.4549276001489994,,,,
11.975821,927,1079.0,0.1589506001489994,0.060291600148999404,0.060291600148999404,0.6522456001489993,,,,
11.9769,927,1079.0,0.1589506001489994,0.060291600148999404,0.1589506001489994,0.6522456001489993,,,,
11.977979,927,1079.0,0.2576096001489994,0.1589506001489994,0.1589506001489994,0.8495636001489993,,,,
11.979058,927,1079.0,0.2576096001489994,0.1589506001489994,0.2576096001489994,0.9482226001489994,,,,
11.980137,927,1079.0,0.2576096001489994,0.2576096001489994,0.3562686001489994,0.9482226001489994,,,,
11.981216,927,1079.0,0.2576096001489994,0.2576096001489994,0.3562686001489994,1.1455406001489994,,,,
11.982295,927,1079.0,0.3562686001489994,0.3562686001489994,0.4549276001489994,1.3428586001489993,,,,
11.983374,927,1079.0,0.3562686001489994,0.3562686001489994,0.4549276001489994,1.3428586001489993,,,,
11.984453,927,1079.0,0.3562686001489994,0.3562686001489994,0.4549276001489994,1.2441996001489994,,,,
11.985532,927,1079.0,0.3562686001489994,0.2576096001489994,0.4549276001489994,1.1455406001489994,,,,
11.986611,927,1079.0,0.2576096001489994,0.2576096001489994,0.3562686001489994,1.1455406001489994,,,,
11.98769,927,1079.0,0.2576096001489994,0.2576096001489994,0.3562686001489994,1.0468816001489993,,,,
11.988769,927,1079.0,0.1589506001489994,0.1589506001489994,0.3562686001489994,1.0468816001489993,,,,
11.989848,927,1079.0,0.1589506001489994,0.1589506001489994,0.2576096001489994,1.0468816001489993,,,,
11.990927,927,1079.0,0.1589506001489994,0.1589506001489994,0.2576096001489994,0.9482226001489994,,,,
11.992006,927,1079.0,0.1589506001489994,0.1589506001489994,0.2576096001489994,0.8495636001489993,,,,
11.993085,927,1079.0,0.060291600148999404,0.1589506001489994,0.2576096001489994,0.9482226001489994,,,,
11.994164,927,1079.0,0.1589506001489994,0.2576096001489994,0.3562686001489994,1.1455406001489994,,,,
11.995243,927,1079.0,0.2576096001489994,0.1589506001489994,0.4549276001489994,1.2441996001489994,,,,
11.996322,927,1079.0,0.1589506001489994,0.2576096001489994,0.5535866001489994,1.4415176001489993,,,,
11.997401,927,1079.0,0.2576096001489994,0.3562686001489994,0.5535866001489994,1.4415176001489993,,,,
11.99848,927,1079.0,0.2576096001489994,0.3562686001489994,0.6522456001489993,1.6388356001489994,,,,
11.999559,927,1079.0,0.2576096001489994,0.4549276001489994,0.7509046001489994,1.6388356001489994,,,,
12.000638,927,1079.0,0.3562686001489994,0.4549276001489994,0.8495636001489993,1.8361536001489993,,,,
12.001717,927,1079.0,0.3562686001489994,0.5535866001489994,0.8495636001489993,2.0334716001489994,,,,
12.002796,927,1079.0,0.4549276001489994,0.5535866001489994,0.9482226001489994,2.0334716001489994,,,,
12.003875,927,1079.0,0.4549276001489994,0.5535866001489994,0.8495636001489993,2.0334716001489994,,,,
12.004954,927,1079.0,0.3562686001489994,0.5535866001489994,0.8495636001489993,1.8361536001489993,,,,
12.006033,927,1079.0,0.3562686001489994,0.4549276001489994,0.7509046001489994,1.7374946001489993,,,,
12.007112,927,1079.0,0.2576096001489994,0.4549276001489994,0.6522456001489993,1.7374946001489993,,,,
12.008191,927,1079.0,0.2576096001489994,0.3562686001489994,0.7509046001489994,1.7374946001489993,,,,
12.00927,927,1079.0,0.2576096001489994,0.3562686001489994,0.7509046001489994,1.6388356001489994,,,,
12.010349,927,1079.0,0.1589506001489994,0.3562686001489994,0.6522456001489993,1.5401766001489994,,,,
12.011428,927,1079.0,0.1589506001489994,0.2576096001489994,0.6522456001489993,1.5401766001489994,,,,
12.012507,927,1079.0,0.1589506001489994,0.3562686001489994,0.6522456001489993,1.5401766001489994,,,,
12.013586,927,1079.0,0.1589506001489994,0.3562686001489994,0.7509046001489994,1.6388356001489994,,,,
12.014665,927,1079.0,0.2576096001489994,0.2576096001489994,0.7509046001489994,1.8361536001489993,,,,
12.015744,927,1079.0,0.2576096001489994,0.4549276001489994,0.9482226001489994,2.0334716001489994,,,,
12.016823,927,1079.0,0.2576096001489994,0.4549276001489994,0.9482226001489994,2.0334716001489994,,,,
12.017902,927,1079.0,0.2576096001489994,0.5535866001489994,1.0468816001489993,2.1321306001489995,,,,
12.018981,927,1079.0,0.3562686001489994,0.5535866001489994,1.0468816001489993,2.1321306001489995,,,,
12.02006,927,1079.0,0.4549276001489994,0.5535866001489994,1.0468816001489993,2.329448600148999,,,,
12.021139,927,1079.0,0.4549276001489994,0.6522456001489993,1.1455406001489994,2.428107600148999,,,,
12.022218,927,1079.0,0.4549276001489994,0.6522456001489993,1.2441996001489994,2.5267666001489992,,,,
12.023297,927,1079.0,0.4549276001489994,0.6522456001489993,1.1455406001489994,2.428107600148999,,,,
12.024376,927,1079.0,0.3562686001489994,0.6522456001489993,1.1455406001489994,2.329448600148999,,,,
12.025455,927,1079.0,0.3562686001489994,0.5535866001489994,1.0468816001489993,2.2307896001489995,,,,
12.026534,927,1079.0,0.2576096001489994,0.5535866001489994,0.9482226001489994,2.1321306001489995,,,,
12.027613,927,1079.0,0.2576096001489994,0.5535866001489994,0.9482226001489994,2.0334716001489994,,,,
12.028692,927,1079.0,0.2576096001489994,0.4549276001489994,0.9482226001489994,2.0334716001489994,,,,
12.029771,927,1079.0,0.2576096001489994,0.4549276001489994,0.8495636001489993,1.9348126001489994,,,,
12.03085,927,1079.0,0.1589506001489994,0.4549276001489994,0.8495636001489993,1.7374946001489993,,,,
12.031929,927,1079.0,0.1589506001489994,0.3562686001489994,0.7509046001489994,1.7374946001489993,,,,
12.033008,927,1079.0,0.2576096001489994,0.3562686001489994,0.7509046001489994,1.8361536001489993,,,,
12.034087,927,1079.0,0.2576096001489994,0.4549276001489994,0.8495636001489993,1.9348126001489994,,,,
12.035166,927,1079.0,0.2576096001489994,0.4549276001489994,0.9482226001489994,2.0334716001489994,,,,
12.036245,927,1079.0,0.2576096001489994,0.4549276001489994,0.9482226001489994,2.1321306001489995,,,,
12.037324,927,1079.0,0.3562686001489994,0.4549276001489994,1.0468816001489993,2.2307896001489995,,,,
12.038403,927,1079.0,0.3562686001489994,0.5535866001489994,1.0468816001489993,2.2307896001489995,,,,
12.039482,927,1079.0,0.3562686001489994,0.5535866001489994,1.0468816001489993,2.2307896001489995,,,,
12.040561,927,1079.0,0.4549276001489994,0.6522456001489993,1.1455406001489994,2.428107600148999,,,,
12.04164,927,1079.0,0.4549276001489994,0.6522456001489993,1.1455406001489994,2.428107600148999,,,,
12.042719,927,1079.0,0.4549276001489994,0.6522456001489993,1.1455406001489994,2.428107600148999,,,,
12.043798,927,1079.0,0.3562686001489994,0.6522456001489993,1.0468816001489993,2.2307896001489995,,,,
12.044877,927,1079.0,0.3562686001489994,0.5535866001489994,0.9482226001489994,2.1321306001489995,,,,
12.045956,927,1079.0,0.3562686001489994,0.4549276001489994,0.8495636001489993,1.9348126001489994,,,,
12.047035,927,1079.0,0.2576096001489994,0.4549276001489994,0.7509046001489994,1.9348126001489994,,,,
12.048114,927,1079.0,0.2576096001489994,0.4549276001489994,0.7509046001489994,1.7374946001489993,,,,
12.049193,927,1079.0,0.1589506001489994,0.3562686001489994,0.6522456001489993,1.6388356001489994,,,,
12.050272,927,1079.0,0.1589506001489994,0.3562686001489994,0.6522456001489993,1.5401766001489994,,,,
12.051351,927,1079.0,0.1589506001489994,0.2576096001489994,0.6522456001489993,1.5401766001489994,,,,
12.05243,927,1079.0,0.1589506001489994,0.3562686001489994,0.5535866001489994,1.4415176001489993,,,,
12.053509,927,1079.0,0.1589506001489994,0.3562686001489994,0.6522456001489993,1.5401766001489994,,,,
12.054588,927,1079.0,0.2576096001489994,0.3562686001489994,0.7509046001489994,1.6388356001489994,,,,
12.055667,927,1079.0,0.2576096001489994,0.4549276001489994,0.7509046001489994,1.6388356001489994,,,,
12.056746,927,1079.0,0.2576096001489994,0.3562686001489994,0.7509046001489994,1.7374946001489993,,,,
12.057825,927,1079.0,0.2576096001489994,0.4549276001489994,0.8495636001489993,1.7374946001489993,,,,
12.058904,927,1079.0,0.2576096001489994,0.4549276001489994,0.7509046001489994,1.7374946001489993,,,,
12.059983,927,1079.0,0.3562686001489994,0.4549276001489994,0.8495636001489993,1.9348126001489994,,,,
12.061062,927,1079.0,0.3562686001489994,0.5535866001489994,0.8495636001489993,1.9348126001489994,,,,
12.062141,927,1079.0,0.3562686001489994,0.4549276001489994,0.7509046001489994,1.7374946001489993,,,,
12.06322,927,1079.0,0.3562686001489994,0.4549276001489994,0.7509046001489994,1.6388356001489994,,,,
12.064299,927,1079.0,0.3562686001489994,0.3562686001489994,0.6522456001489993,1.5401766001489994,,,,
12.065378,927,1079.0,0.2576096001489994,0.2576096001489994,0.5535866001489994,1.4415176001489993,,,,
12.066457,927,1079.0,0.2576096001489994,0.2576096001489994,0.4549276001489994,1.2441996001489994,,,,
12.067536,927,1079.0,0.2576096001489994,0.2576096001489994,0.3562686001489994,1.1455406001489994,,,,
12.068615,927,1079.0,0.1589506001489994,0.2576096001489994,0.3562686001489994,1.0468816001489993,,,,
12.069694,927,1079.0,0.1589506001489994,0.1589506001489994,0.2576096001489994,0.9482226001489994,,,,
12.070773,927,1079.0,0.1589506001489994,0.060291600148999404,0.2576096001489994,0.8495636001489993,,,,
12.071852,927,1079.0,0.060291600148999404,0.1589506001489994,0.1589506001489994,0.8495636001489993,,,,
12.072931,927,1079.0,0.1589506001489994,0.1589506001489994,0.2576096001489994,0.8495636001489993,,,,
12.07401,927,1079.0,0.1589506001489994,0.1589506001489994,0.2576096001489994,0.9482226001489994,,,,
12.075089,927,1079.0,0.2576096001489994,0.2576096001489994,0.2576096001489994,1.0468816001489993,,,,
12.076168,927,1079.0,0.2576096001489994,0.2576096001489994,0.3562686001489994,1.0468816001489993,,,,
12.077247,927,1079.0,0.2576096001489994,0.1589506001489994,0.3562686001489994,1.0468816001489993,,,,
12.078326,927,1079.0,0.2576096001489994,0.2576096001489994,0.3562686001489994,1.0468816001489993,,,,
12.079405,927,1079.0,0.3562686001489994,0.2576096001489994,0.4549276001489994,1.1455406001489994,,,,
12.080484,927,1079.0,0.3562686001489994,0.2576096001489994,0.4549276001489994,1.2441996001489994,,,,
12.081563,927,1079.0,0.3562686001489994,0.2576096001489994,0.3562686001489994,1.1455406001489994,,,,
12.082642,927,1079.0,0.3562686001489994,0.2576096001489994,0.2576096001489994,0.9482226001489994,,,,
12.083721,927,1079.0,0.2576096001489994,0.1589506001489994,0.2576096001489994,0.8495636001489993,,,,
12.0848,927,1079.0,0.2576096001489994,0.1589506001489994,0.1589506001489994,0.7509046001489994,,,,
12.085879,927,1079.0,0.1589506001489994,0.060291600148999404,0.060291600148999404,0.5535866001489994,,,,
12.086958,927,1079.0,0.1589506001489994,0.060291600148999404,0.060291600148999404,0.5535866001489994,,,,
12.088037,927,1079.0,0.060291600148999404,0.060291600148999404,-0.03836739985100059,0.3562686001489994,,,,
12.089116,927,1079.0,0.1589506001489994,-0.03836739985100059,-0.1370263998510006,0.2576096001489994,,,,
12.090195,927,1079.0,0.060291600148999404,-0.03836739985100059,-0.2356853998510006,0.1589506001489994,,,,
12.091274,927,1079.0,0.060291600148999404,-0.1370263998510006,-0.2356853998510006,0.1589506001489994,,,,
12.092353,927,1079.0,0.060291600148999404,-0.1370263998510006,-0.1370263998510006,0.2576096001489994,,,,
12.093432,927,1079.0,0.1589506001489994,-0.03836739985100059,-0.1370263998510006,0.2576096001489994,,,,
12.094511,927,1079.0,0.1589506001489994,-0.03836739985100059,-0.1370263998510006,0.3562686001489994,,,,
12.09559,927,1079.0,0.1589506001489994,0.060291600148999404,-0.1370263998510006,0.3562686001489994,,,,
12.096669,927,1079.0,0.2576096001489994,0.060291600148999404,-0.03836739985100059,0.4549276001489994,,,,
12.097748,927,1079.0,0.2576096001489994,0.060291600148999404,-0.03836739985100059,0.4549276001489994,,,,
12.098827,927,1079.0,0.2576096001489994,0.060291600148999404,0.060291600148999404,0.5535866001489994,,,,
12.099906,927,1079.0,0.2576096001489994,0.1589506001489994,0.060291600148999404,0.6522456001489993,,,,
12.100985,927,1079.0,0.3562686001489994,0.060291600148999404,0.060291600148999404,0.5535866001489994,,,,
12.102064,927,1079.0,0.2576096001489994,0.060291600148999404,0.060291600148999404,0.4549276001489994,,,,
12.103143,927,1079.0,0.2576096001489994,0.060291600148999404,-0.03836739985100059,0.3562686001489994,,,,
12.104222,927,1079.0,0.1589506001489994,-0.03836739985100059,-0.1370263998510006,0.2576096001489994,,,,
12.105301,927,1079.0,0.060291600148999404,-0.03836739985100059,-0.2356853998510006,0.1589506001489994,,,,
12.10638,927,1079.0,0.1589506001489994,-0.03836739985100059,-0.2356853998510006,0.060291600148999404,,,,
12.107459,927,1079.0,0.060291600148999404,-0.03836739985100059,-0.2356853998510006,-0.03836739985100059,,,,
12.108538,927,1079.0,0.060291600148999404,-0.1370263998510006,-0.33434439985100056,-0.1370263998510006,,,,
12.109617,927,1079.0,0.060291600148999404,-0.2356853998510006,-0.43300339985100056,-0.2356853998510006,,,,
12.110696,927,1079.0,-0.03836739985100059,-0.2356853998510006,-0.43300339985100056,-0.2356853998510006,,,,
12.111775,927,1079.0,0.060291600148999404,-0.2356853998510006,-0.33434439985100056,-0.03836739985100059,,,,
12.112854,927,1079.0,0.060291600148999404,-0.1370263998510006,-0.33434439985100056,-0.03836739985100059,,,,
12.113933,927,1079.0,0.060291600148999404,-0.1370263998510006,-0.2356853998510006,0.060291600148999404,,,,
12.115012,927,1079.0,0.1589506001489994,-0.03836739985100059,-0.1370263998510006,0.1589506001489994,,,,
12.116091,927,1079.0,0.1589506001489994,-0.03836739985100059,-0.1370263998510006,0.1589506001489994,,,,
12.11717,927,1079.0,0.1589506001489994,0.060291600148999404,-0.1370263998510006,0.2576096001489994,,,,
12.118249,927,1079.0,0.2576096001489994,0.060291600148999404,-0.1370263998510006,0.4549276001489994,,,,
12.119328,927,1079.0,0.2576096001489994,0.060291600148999404,0.060291600148999404,0.5535866001489994,,,,
12.120407,927,1079.0,0.2576096001489994,0.060291600148999404,-0.03836739985100059,0.5535866001489994,,,,
12.121486,927,1079.0,0.2576096001489994,0.060291600148999404,-0.03836739985100059,0.4549276001489994,,,,
12.122565,927,1079.0,0.2576096001489994,0.060291600148999404,-0.03836739985100059,0.3562686001489994,,,,
12.123644,927,1079.0,0.1589506001489994,-0.03836739985100059,-0.1370263998510006,0.2576096001489994,,,,
12.124723,927,1079.0,0.1589506001489994,-0.03836739985100059,-0.2356853998510006,0.2576096001489994,,,,
12.125802,927,1079.0,0.1589506001489994,-0.03836739985100059,-0.2356853998510006,0.1589506001489994,,,,
12.126881,927,1079.0,0.1589506001489994,-0.1370263998510006,-0.2356853998510006,0.1589506001489994,,,,
12.12796,927,1079.0,0.060291600148999404,-0.1370263998510006,-0.2356853998510006,0.060291600148999404,,,,
12.129039,927,1079.0,0.060291600148999404,-0.2356853998510006,-0.33434439985100056,-0.03836739985100059,,,,
12.130118,927,1079.0,0.060291600148999404,-0.1370263998510006,-0.33434439985100056,-0.1370263998510006,,,,
12.131197,927,1079.0,0.060291600148999404,-0.1370263998510006,-0.2356853998510006,0.060291600148999404,,,,
12.132276,927,1079.0,0.060291600148999404,-0.03836739985100059,-0.1370263998510006,0.1589506001489994,,,,
12.133355,927,1079.0,0.060291600148999404,-0.03836739985100059,-0.03836739985100059,0.3562686001489994,,,,
12.134434,927,1079.0,0.1589506001489994,-0.03836739985100059,-0.03836739985100059,0.4549276001489994,,,,
12.135513,927,1079.0,0.1589506001489994,-0.03836739985100059,0.060291600148999404,0.5535866001489994,,,,
12.136592,927,1079.0,0.1589506001489994,0.060291600148999404,0.060291600148999404,0.5535866001489994,,,,
12.137671,927,1079.0,0.2576096001489994,0.060291600148999404,0.060291600148999404,0.6522456001489993,,,,
12.13875,927,1079.0,0.2576096001489994,0.1589506001489994,0.1589506001489994,0.8495636001489993,,,,
12.139829,927,1079.0,0.3562686001489994,0.2576096001489994,0.2576096001489994,0.9482226001489994,,,,
12.140908,927,1079.0,0.3562686001489994,0.1589506001489994,0.2576096001489994,0.8495636001489993,,,,
12.141987,927,1079.0,0.2576096001489994,0.1589506001489994,0.2576096001489994,0.8495636001489993,,,,
12.143066,927,1079.0,0.2576096001489994,0.1589506001489994,0.1589506001489994,0.6522456001489993,,,,
12.144145,927,1079.0,0.1589506001489994,0.1589506001489994,0.1589506001489994,0.6522456001489993,,,,
12.145224,927,1079.0,0.1589506001489994,0.1589506001489994,0.060291600148999404,0.6522456001489993,,,,
12.146303,927,1079.0,0.1589506001489994,0.060291600148999404,0.060291600148999404,0.6522456001489993,,,,
12.147382,927,1079.0,0.060291600148999404,0.060291600148999404,0.060291600148999404,0.5535866001489994,,,,
12.148461,927,1079.0,0.060291600148999404,0.060291600148999404,0.060291600148999404,0.4549276001489994,,,,
12.14954,927,1079.0,0.060291600148999404,0.060291600148999404,0.060291600148999404,0.4549276001489994,,,,
12.150619,927,1079.0,0.060291600148999404,0.060291600148999404,0.060291600148999404,0.6522456001489993,,,,
12.151698,927,1079.0,0.1589506001489994,0.060291600148999404,0.1589506001489994,0.7509046001489994,,,,
12.152777,927,1079.0,0.1589506001489994,0.060291600148999404,0.2576096001489994,0.8495636001489993,,,,
12.153856,927,1079.0,0.2576096001489994,0.1589506001489994,0.3562686001489994,1.0468816001489993,,,,
12.154935,927,1079.0,0.2576096001489994,0.1589506001489994,0.3562686001489994,1.1455406001489994,,,,
12.156014,927,1079.0,0.2576096001489994,0.2576096001489994,0.4549276001489994,1.2441996001489994,,,,
12.157093,927,1079.0,0.2576096001489994,0.2576096001489994,0.4549276001489994,1.3428586001489993,,,,
12.158172,927,1079.0,0.3562686001489994,0.3562686001489994,0.5535866001489994,1.4415176001489993,,,,
12.159251,927,1079.0,0.3562686001489994,0.3562686001489994,0.6522456001489993,1.6388356001489994,,,,
12.16033,927,1079.0,0.3562686001489994,0.4549276001489994,0.6522456001489993,1.5401766001489994,,,,
12.161409,927,1079.0,0.3562686001489994,0.3562686001489994,0.6522456001489993,1.5401766001489994,,,,
12.162488,927,1079.0,0.3562686001489994,0.3562686001489994,0.5535866001489994,1.4415176001489993,,,,
12.163567,927,1079.0,0.2576096001489994,0.3562686001489994,0.5535866001489994,1.3428586001489993,,,,
12.164646,927,1079.0,0.2576096001489994,0.2576096001489994,0.4549276001489994,1.3428586001489993,,,,
12.165725,927,1079.0,0.2576096001489994,0.2576096001489994,0.5535866001489994,1.3428586001489993,,,,
12.166804,927,1079.0,0.1589506001489994,0.2576096001489994,0.4549276001489994,1.2441996001489994,,,,
12.167883,927,1079.0,0.1589506001489994,0.1589506001489994,0.4549276001489994,1.2441996001489994,,,,
12.168962,927,1079.0,0.1589506001489994,0.2576096001489994,0.3562686001489994,1.2441996001489994,,,,
12.170041,927,1079.0,0.1589506001489994,0.2576096001489994,0.4549276001489994,1.2441996001489994,,,,
12.17112,927,1079.0,0.1589506001489994,0.2576096001489994,0.5535866001489994,1.4415176001489993,,,,
12.172199,927,1079.0,0.2576096001489994,0.3562686001489994,0.6522456001489993,1.5401766001489994,,,,
12.173278,927,1079.0,0.2576096001489994,0.3562686001489994,0.7509046001489994,1.6388356001489994,,,,
12.174357,927,1079.0,0.2576096001489994,0.4549276001489994,0.7509046001489994,1.8361536001489993,,,,
12.175436,927,1079.0,0.3562686001489994,0.4549276001489994,0.8495636001489993,1.9348126001489994,,,,
12.176515,927,1079.0,0.3562686001489994,0.4549276001489994,0.8495636001489993,1.9348126001489994,,,,
12.177594,927,1079.0,0.3562686001489994,0.5535866001489994,0.9482226001489994,2.1321306001489995,,,,
12.178673,927,1079.0,0.4549276001489994,0.6522456001489993,1.0468816001489993,2.2307896001489995,,,,
12.179752,927,1079.0,0.4549276001489994,0.6522456001489993,1.0468816001489993,2.2307896001489995,,,,
12.180831,927,1079.0,0.3562686001489994,0.5535866001489994,0.9482226001489994,2.1321306001489995,,,,
12.18191,927,1079.0,0.3562686001489994,0.5535866001489994,0.9482226001489994,2.1321306001489995,,,,
12.182989,927,1079.0,0.2576096001489994,0.5535866001489994,0.9482226001489994,2.0334716001489994,,,,
12.184068,927,1079.0,0.2576096001489994,0.4549276001489994,0.8495636001489993,1.9348126001489994,,,,
12.185147,927,1079.0,0.2576096001489994,0.4549276001489994,0.8495636001489993,1.9348126001489994,,,,
12.186226,927,1079.0,0.2576096001489994,0.4549276001489994,0.8495636001489993,1.8361536001489993,,,,
12.187305,927,1079.0,0.2576096001489994,0.3562686001489994,0.8495636001489993,1.7374946001489993,,,,
12.188384,927,1079.0,0.1589506001489994,0.3562686001489994,0.7509046001489994,1.7374946001489993,,,,
12.189463,927,1079.0,0.1589506001489994,0.3562686001489994,0.7509046001489994,1.7374946001489993,,,,
12.190542,927,1079.0,0.2576096001489994,0.3562686001489994,0.8495636001489993,1.8361536001489993,,,,
12.191621,927,1079.0,0.2576096001489994,0.4549276001489994,0.9482226001489994,1.9348126001489994,,,,
12.1927,927,1079.0,0.2576096001489994,0.5535866001489994,0.9482226001489994,2.0334716001489994,,,,
12.193779,927,1079.0,0.3562686001489994,0.5535866001489994,0.9482226001489994,2.1321306001489995,,,,
12.194858,927,1079.0,0.3562686001489994,0.5535866001489994,1.0468816001489993,2.2307896001489995,,,,
12.195937,927,1079.0,0.3562686001489994,0.5535866001489994,1.0468816001489993,2.329448600148999,,,,
12.197016,927,1079.0,0.3562686001489994,0.6522456001489993,1.1455406001489994,2.428107600148999,,,,
12.198095,927,1079.0,0.4549276001489994,0.6522456001489993,1.2441996001489994,2.5267666001489992,,,,
12.199174,927,1079.0,0.4549276001489994,0.6522456001489993,1.2441996001489994,2.5267666001489992,,,,
12.200253,927,1079.0,0.4549276001489994,0.6522456001489993,1.1455406001489994,2.428107600148999,,,,
12.201332,927,1079.0,0.3562686001489994,0.6522456001489993,1.1455406001489994,2.2307896001489995,,,,
12.202411,927,1079.0,0.3562686001489994,0.5535866001489994,1.0468816001489993,2.1321306001489995,,,,
12.20349,927,1079.0,0.2576096001489994,0.5535866001489994,0.9482226001489994,2.0334716001489994,,,,
12.204569,927,1079.0,0.2576096001489994,0.4549276001489994,0.9482226001489994,2.0334716001489994,,,,
12.205648,927,1079.0,0.2576096001489994,0.4549276001489994,0.8495636001489993,1.8361536001489993,,,,
12.206727,927,1079.0,0.2576096001489994,0.4549276001489994,0.8495636001489993,1.7374946001489993,,,,
12.207806,927,1079.0,0.2576096001489994,0.3562686001489994,0.7509046001489994,1.6388356001489994,,,,
12.208885,927,1079.0,0.1589506001489994,0.3562686001489994,0.7509046001489994,1.7374946001489993,,,,
12.209964,927,1079.0,0.1589506001489994,0.3562686001489994,0.8495636001489993,1.8361536001489993,,,,
12.211043,927,1079.0,0.2576096001489994,0.4549276001489994,0.8495636001489993,1.9348126001489994,,,,
12.212122,927,1079.0,0.2576096001489994,0.4549276001489994,0.9482226001489994,1.9348126001489994,,,,
12.213201,927,1079.0,0.2576096001489994,0.5535866001489994,0.9482226001489994,2.0334716001489994,,,,
12.21428,927,1079.0,0.3562686001489994,0.5535866001489994,0.9482226001489994,2.0334716001489994,,,,
12.215359,927,1079.0,0.3562686001489994,0.5535866001489994,1.0468816001489993,2.0334716001489994,,,,
12.216438,927,1079.0,0.3562686001489994,0.5535866001489994,0.9482226001489994,2.2307896001489995,,,,
12.217517,927,1079.0,0.3562686001489994,0.6522456001489993,1.0468816001489993,2.329448600148999,,,,
12.218596,927,1079.0,0.4549276001489994,0.5535866001489994,1.0468816001489993,2.2307896001489995,,,,
12.219675,927,1079.0,0.4549276001489994,0.5535866001489994,0.9482226001489994,2.1321306001489995,,,,
12.220754,927,1079.0,0.3562686001489994,0.5535866001489994,0.8495636001489993,1.9348126001489994,,,,
12.221833,927,1079.0,0.3562686001489994,0.4549276001489994,0.7509046001489994,1.8361536001489993,,,,
12.222912,927,1079.0,0.3562686001489994,0.4549276001489994,0.6522456001489993,1.7374946001489993,,,,
12.223991,927,1079.0,0.2576096001489994,0.3562686001489994,0.6522456001489993,1.6388356001489994,,,,
12.22507,927,1079.0,0.2576096001489994,0.2576096001489994,0.6522456001489993,1.5401766001489994,,,,
12.226149,927,1079.0,0.1589506001489994,0.2576096001489994,0.5535866001489994,1.3428586001489993,,,,
12.227228,927,1079.0,0.1589506001489994,0.2576096001489994,0.4549276001489994,1.2441996001489994,,,,
12.228307,927,1079.0,0.1589506001489994,0.2576096001489994,0.4549276001489994,1.2441996001489994,,,,
12.229386,927,1079.0,0.1589506001489994,0.2576096001489994,0.4549276001489994,1.2441996001489994,,,,
12.230465,927,1079.0,0.1589506001489994,0.2576096001489994,0.5535866001489994,1.3428586001489993,,,,
12.231544,927,1079.0,0.2576096001489994,0.2576096001489994,0.5535866001489994,1.4415176001489993,,,,
12.232623,927,1079.0,0.2576096001489994,0.3562686001489994,0.5535866001489994,1.4415176001489993,,,,
12.233702,927,1079.0,0.2576096001489994,0.3562686001489994,0.5535866001489994,1.4415176001489993,,,,
12.234781,927,1079.0,0.2576096001489994,0.3562686001489994,0.6522456001489993,1.4415176001489993,,,,
12.23586,927,1079.0,0.2576096001489994,0.3562686001489994,0.6522456001489993,1.5401766001489994,,,,
12.236939,927,1079.0,0.3562686001489994,0.3562686001489994,0.6522456001489993,1.6388356001489994,,,,
12.238018,927,1079.0,0.3562686001489994,0.4549276001489994,0.7509046001489994,1.6388356001489994,,,,
12.239097,927,1079.0,0.3562686001489994,0.3562686001489994,0.6522456001489993,1.5401766001489994,,,,
12.240176,927,1079.0,0.3562686001489994,0.3562686001489994,0.5535866001489994,1.3428586001489993,,,,
12.241255,927,1079.0,0.2576096001489994,0.2576096001489994,0.4549276001489994,1.2441996001489994,,,,
12.242334,927,1079.0,0.2576096001489994,0.2576096001489994,0.3562686001489994,1.0468816001489993,,,,
12.243413,927,1079.0,0.2576096001489994,0.1589506001489994,0.2576096001489994,0.9482226001489994,,,,
12.244492,927,1079.0,0.1589506001489994,0.1589506001489994,0.2576096001489994,0.8495636001489993,,,,
12.245571,927,1079.0,0.1589506001489994,0.060291600148999404,0.1589506001489994,0.7509046001489994,,,,
12.24665,927,1079.0,0.1589506001489994,0.060291600148999404,0.060291600148999404,0.5535866001489994,,,,
12.247729,927,1079.0,0.060291600148999404,0.060291600148999404,0.060291600148999404,0.4549276001489994,,,,
12.248808,927,1079.0,0.1589506001489994,0.060291600148999404,0.060291600148999404,0.5535866001489994,,,,
12.249887,927,1079.0,0.1589506001489994,0.060291600148999404,0.060291600148999404,0.5535866001489994,,,,
12.250966,927,1079.0,0.1589506001489994,0.1589506001489994,0.060291600148999404,0.7509046001489994,,,,
12.252045,927,1079.0,0.1589506001489994,0.1589506001489994,0.2576096001489994,0.7509046001489994,,,,
12.253124,927,1079.0,0.1589506001489994,0.1589506001489994,0.1589506001489994,0.7509046001489994,,,,
12.254203,927,1079.0,0.2576096001489994,0.1589506001489994,0.1589506001489994,0.8495636001489993,,,,
12.255282,927,1079.0,0.2576096001489994,0.1589506001489994,0.2576096001489994,0.8495636001489993,,,,
12.256361,927,1079.0,0.2576096001489994,0.2576096001489994,0.2576096001489994,0.9482226001489994,,,,
12.25744,927,1079.0,0.3562686001489994,0.2576096001489994,0.2576096001489994,0.9482226001489994,,,,
12.258519,927,1079.0,0.2576096001489994,0.2576096001489994,0.2576096001489994,0.8495636001489993,,,,
12.259598,927,1079.0,0.2576096001489994,0.1589506001489994,0.1589506001489994,0.7509046001489994,,,,
12.260677,927,1079.0,0.2576096001489994,0.1589506001489994,0.060291600148999404,0.5535866001489994,,,,
12.261756,927,1079.0,0.2576096001489994,0.060291600148999404,-0.03836739985100059,0.3562686001489994,,,,
12.262835,927,1079.0,0.1589506001489994,0.060291600148999404,-0.03836739985100059,0.3562686001489994,,,,
12.263914,927,1079.0,0.1589506001489994,-0.03836739985100059,-0.1370263998510006,0.2576096001489994,,,,
12.264993,927,1079.0,0.1589506001489994,-0.03836739985100059,-0.2356853998510006,0.1589506001489994,,,,
12.266072,927,1079.0,0.060291600148999404,-0.1370263998510006,-0.33434439985100056,0.060291600148999404,,,,
12.267151,927,1079.0,0.060291600148999404,-0.1370263998510006,-0.2356853998510006,-0.03836739985100059,,,,
12.26823,927,1079.0,0.060291600148999404,-0.1370263998510006,-0.2356853998510006,0.060291600148999404,,,,
12.269309,927,1079.0,0.060291600148999404,-0.03836739985100059,-0.2356853998510006,0.060291600148999404,,,,
12.270388,927,1079.0,0.060291600148999404,-0.03836739985100059,-0.1370263998510006,0.1589506001489994,,,,
12.271467,927,1079.0,0.1589506001489994,-0.03836739985100059,-0.1370263998510006,0.2576096001489994,,,,
12.272546,927,1079.0,0.1589506001489994,-0.03836739985100059,-0.1370263998510006,0.2576096001489994,,,,
12.273625,927,1079.0,0.1589506001489994,0.060291600148999404,-0.03836739985100059,0.3562686001489994,,,,
12.274704,927,1079.0,0.2576096001489994,0.060291600148999404,-0.03836739985100059,0.2576096001489994,,,,
12.275783,927,1079.0,0.2576096001489994,0.060291600148999404,-0.03836739985100059,0.4549276001489994,,,,
12.276862,927,1079.0,0.2576096001489994,0.1589506001489994,0.060291600148999404,0.5535866001489994,,,,
12.277941,927,1079.0,0.2576096001489994,0.060291600148999404,0.060291600148999404,0.4549276001489994,,,,
12.27902,927,1079.0,0.2576096001489994,0.060291600148999404,-0.03836739985100059,0.3562686001489994,,,,
12.280099,927,1079.0,0.2576096001489994,-0.03836739985100059,-0.1370263998510006,0.2576096001489994,,,,
12.281178,927,1079.0,0.1589506001489994,-0.03836739985100059,-0.1370263998510006,0.1589506001489994,,,,
12.282257,927,1079.0,0.1589506001489994,-0.03836739985100059,-0.2356853998510006,0.060291600148999404,,,,
12.283336,927,1079.0,0.1589506001489994,-0.1370263998510006,-0.2356853998510006,0.060291600148999404,,,,
12.284415,927,1079.0,0.060291600148999404,-0.1370263998510006,-0.33434439985100056,-0.1370263998510006,,,,
12.285494,927,1079.0,0.060291600148999404,-0.1370263998510006,-0.43300339985100056,-0.1370263998510006,,,,
12.286573,927,1079.0,-0.03836739985100059,-0.2356853998510006,-0.43300339985100056,-0.2356853998510006,,,,
12.287652,927,1079.0,0.060291600148999404,-0.2356853998510006,-0.43300339985100056,-0.1370263998510006,,,,
12.288731,927,1079.0,0.060291600148999404,-0.1370263998510006,-0.33434439985100056,-0.03836739985100059,,,,
12.28981,927,1079.0,0.060291600148999404,-0.1370263998510006,-0.33434439985100056,0.060291600148999404,,,,
12.290889,927,1079.0,0.1589506001489994,-0.03836739985100059,-0.2356853998510006,0.1589506001489994,,,,
12.291968,927,1079.0,0.1589506001489994,-0.03836739985100059,-0.1370263998510006,0.2576096001489994,,,,
12.293047,927,1079.0,0.1589506001489994,-0.03836739985100059,-0.1370263998510006,0.3562686001489994,,,,
12.294126,927,1079.0,0.1589506001489994,-0.03836739985100059,-0.03836739985100059,0.3562686001489994,,,,
12.295205,927,1079.0,0.2576096001489994,0.060291600148999404,-0.03836739985100059,0.5535866001489994,,,,
12.296284,927,1079.0,0.2576096001489994,0.060291600148999404,0.060291600148999404,0.6522456001489993,,,,
12.297363,927,1079.0,0.2576096001489994,0.1589506001489994,0.060291600148999404,0.5535866001489994,,,,
12.298442,927,1079.0,0.2576096001489994,0.060291600148999404,0.060291600148999404,0.5535866001489994,,,,
12.299521,927,1079.0,0.2576096001489994,0.060291600148999404,-0.03836739985100059,0.4549276001489994,,,,
12.3006,927,1079.0,0.2576096001489994,0.060291600148999404,-0.03836739985100059,0.3562686001489994,,,,
12.301679,927,1079.0,0.1589506001489994,-0.03836739985100059,-0.03836739985100059,0.3562686001489994,,,,
12.302758,927,1079.0,0.1589506001489994,-0.03836739985100059,-0.1370263998510006,0.2576096001489994,,,,
12.303837,927,1079.0,0.060291600148999404,-0.03836739985100059,-0.1370263998510006,0.1589506001489994,,,,
12.304916,927,1079.0,0.060291600148999404,-0.03836739985100059,-0.1370263998510006,0.1589506001489994,,,,
12.305995,927,1079.0,0.060291600148999404,-0.1370263998510006,-0.2356853998510006,0.060291600148999404,,,,
12.307074,927,1079.0,0.060291600148999404,-0.1370263998510006,-0.2356853998510006,0.1589506001489994,,,,
12.308153,927,1079.0,0.060291600148999404,-0.03836739985100059,-0.1370263998510006,0.2576096001489994,,,,
12.309232,927,1079.0,0.1589506001489994,-0.03836739985100059,-0.03836739985100059,0.4549276001489994,,,,
12.310311,927,1079.0,0.1589506001489994,0.060291600148999404,0.060291600148999404,0.5535866001489994,,,,
12.31139,927,1079.0,0.1589506001489994,0.060291600148999404,0.060291600148999404,0.6522456001489993,,,,
12.312469,927,1079.0,0.2576096001489994,0.1589506001489994,0.060291600148999404,0.7509046001489994,,,,
12.313548,927,1079.0,0.2576096001489994,0.1589506001489994,0.1589506001489994,0.8495636001489993,,,,
12.314627,927,1079.0,0.2576096001489994,0.2576096001489994,0.3562686001489994,1.0468816001489993,,,,
12.315706,927,1079.0,0.3562686001489994,0.2576096001489994,0.3562686001489994,1.1455406001489994,,,,
12.316785,927,1079.0,0.3562686001489994,0.2576096001489994,0.3562686001489994,1.1455406001489994,,,,
12.317864,927,1079.0,0.3562686001489994,0.2576096001489994,0.3562686001489994,1.1455406001489994,,,,
12.318943,927,1079.0,0.2576096001489994,0.2576096001489994,0.3562686001489994,1.0468816001489993,,,,
12.320022,927,1079.0,0.2576096001489994,0.2576096001489994,0.2576096001489994,0.9482226001489994,,,,
12.321101,927,1079.0,0.2576096001489994,0.1589506001489994,0.2576096001489994,0.9482226001489994,,,,
12.32218,927,1079.0,0.1589506001489994,0.1589506001489994,0.2576096001489994,0.8495636001489993,,,,
12.323259,927,1079.0,0.1589506001489994,0.060291600148999404,0.1589506001489994,0.8495636001489993,,,,
12.324338,927,1079.0,0.1589506001489994,0.1589506001489994,0.2576096001489994,0.7509046001489994,,,,
12.325417,927,1079.0,0.1589506001489994,0.060291600148999404,0.1589506001489994,0.6522456001489993,,,,
12.326496,927,1079.0,0.060291600148999404,0.060291600148999404,0.1589506001489994,0.7509046001489994,,,,
12.327575,927,1079.0,0.1589506001489994,0.060291600148999404,0.2576096001489994,0.9482226001489994,,,,
12.328654,927,1079.0,0.1589506001489994,0.1589506001489994,0.3562686001489994,1.0468816001489993,,,,
12.329733,927,1079.0,0.2576096001489994,0.2576096001489994,0.4549276001489994,1.2441996001489994,,,,
12.330812,927,1079.0,0.2576096001489994,0.2576096001489994,0.5535866001489994,1.2441996001489994,,,,
12.331891,927,1079.0,0.2576096001489994,0.3562686001489994,0.5535866001489994,1.4415176001489993,,,,
12.33297,927,1079.0,0.2576096001489994,0.3562686001489994,0.6522456001489993,1.4415176001489993,,,,
12.334049,927,1079.0,0.3562686001489994,0.3562686001489994,0.6522456001489993,1.6388356001489994,,,,
12.335128,927,1079.0,0.3562686001489994,0.4549276001489994,0.7509046001489994,1.8361536001489993,,,,
12.336207,927,1079.0,0.3562686001489994,0.5535866001489994,0.8495636001489993,1.9348126001489994,,,,
12.337286,927,1079.0,0.3562686001489994,0.4549276001489994,0.7509046001489994,1.8361536001489993,,,,
12.338365,927,1079.0,0.3562686001489994,0.4549276001489994,0.7509046001489994,1.7374946001489993,,,,
12.339444,927,1079.0,0.2576096001489994,0.4549276001489994,0.7509046001489994,1.6388356001489994,,,,
12.340523,927,1079.0,0.2576096001489994,0.3562686001489994,0.6522456001489993,1.6388356001489994,,,,
12.341602,927,1079.0,0.2576096001489994,0.4549276001489994,0.6522456001489993,1.6388356001489994,,,,
12.342681,927,1079.0,0.2576096001489994,0.3562686001489994,0.6522456001489993,1.5401766001489994,,,,
12.34376,927,1079.0,0.1589506001489994,0.3562686001489994,0.6522456001489993,1.4415176001489993,,,,
12.344839,927,1079.0,0.1589506001489994,0.2576096001489994,0.5535866001489994,1.4415176001489993,,,,
12.345918,927,1079.0,0.1589506001489994,0.2576096001489994,0.5535866001489994,1.4415176001489993,,,,
12.346997,927,1079.0,0.1589506001489994,0.3562686001489994,0.6522456001489993,1.5401766001489994,,,,
12.348076,927,1079.0,0.2576096001489994,0.3562686001489994,0.6522456001489993,1.6388356001489994,,,,
12.349155,927,1079.0,0.2576096001489994,0.4549276001489994,0.8495636001489993,1.8361536001489993,,,,
12.350234,927,1079.0,0.2576096001489994,0.4549276001489994,0.8495636001489993,1.9348126001489994,,,,
12.351313,927,1079.0,0.3562686001489994,0.4549276001489994,0.9482226001489994,2.0334716001489994,,,,
12.352392,927,1079.0,0.3562686001489994,0.5535866001489994,0.9482226001489994,2.0334716001489994,,,,
12.353471,927,1079.0,0.3562686001489994,0.5535866001489994,1.0468816001489993,2.1321306001489995,,,,
12.35455,927,1079.0,0.4549276001489994,0.5535866001489994,1.0468816001489993,2.329448600148999,,,,
12.355629,927,1079.0,0.4549276001489994,0.6522456001489993,1.1455406001489994,2.428107600148999,,,,
12.356708,927,1079.0,0.4549276001489994,0.6522456001489993,1.1455406001489994,2.428107600148999,,,,
12.357787,927,1079.0,0.3562686001489994,0.6522456001489993,1.0468816001489993,2.329448600148999,,,,
12.358866,927,1079.0,0.3562686001489994,0.5535866001489994,0.9482226001489994,2.1321306001489995,,,,
12.359945,927,1079.0,0.3562686001489994,0.5535866001489994,0.9482226001489994,2.1321306001489995,,,,
12.361024,927,1079.0,0.2576096001489994,0.5535866001489994,0.9482226001489994,2.0334716001489994,,,,
12.362103,927,1079.0,0.2576096001489994,0.4549276001489994,0.8495636001489993,2.0334716001489994,,,,
12.363182,927,1079.0,0.2576096001489994,0.4549276001489994,0.8495636001489993,1.8361536001489993,,,,
12.364261,927,1079.0,0.1589506001489994,0.3562686001489994,0.8495636001489993,1.7374946001489993,,,,
12.36534,927,1079.0,0.2576096001489994,0.3562686001489994,0.7509046001489994,1.7374946001489993,,,,
12.366419,927,1079.0,0.2576096001489994,0.4549276001489994,0.7509046001489994,1.7374946001489993,,,,
12.367498,927,1079.0,0.2576096001489994,0.4549276001489994,0.8495636001489993,1.9348126001489994,,,,
12.368577,927,1079.0,0.2576096001489994,0.4549276001489994,0.9482226001489994,2.1321306001489995,,,,
12.369656,927,1079.0,0.2576096001489994,0.5535866001489994,1.0468816001489993,2.2307896001489995,,,,
12.370735,927,1079.0,0.3562686001489994,0.5535866001489994,1.0468816001489993,2.2307896001489995,,,,
12.371814,927,1079.0,0.3562686001489994,0.5535866001489994,1.0468816001489993,2.2307896001489995,,,,
12.372893,927,1079.0,0.4549276001489994,0.5535866001489994,1.0468816001489993,2.329448600148999,,,,
12.373972,927,1079.0,0.4549276001489994,0.6522456001489993,1.1455406001489994,2.428107600148999,,,,
12.375051,927,1079.0,0.4549276001489994,0.6522456001489993,1.2441996001489994,2.5267666001489992,,,,
12.37613,927,1079.0,0.4549276001489994,0.6522456001489993,1.2441996001489994,2.428107600148999,,,,
12.377209,927,1079.0,0.4549276001489994,0.5535866001489994,1.1455406001489994,2.329448600148999,,,,
12.378288,927,1079.0,0.3562686001489994,0.5535866001489994,1.0468816001489993,2.1321306001489995,,,,
12.379367,927,1079.0,0.2576096001489994,0.5535866001489994,0.9482226001489994,2.0334716001489994,,,,
12.380446,927,1079.0,0.3562686001489994,0.4549276001489994,0.9482226001489994,2.0334716001489994,,,,
12.381525,927,1079.0,0.2576096001489994,0.4549276001489994,0.8495636001489993,1.8361536001489993,,,,
12.382604,927,1079.0,0.2576096001489994,0.3562686001489994,0.7509046001489994,1.7374946001489993,,,,
12.383683,927,1079.0,0.2576096001489994,0.3562686001489994,0.7509046001489994,1.6388356001489994,,,,
12.384762,927,1079.0,0.1589506001489994,0.3562686001489994,0.6522456001489993,1.5401766001489994,,,,
12.385841,927,1079.0,0.1589506001489994,0.3562686001489994,0.6522456001489993,1.5401766001489994,,,,
12.38692,927,1079.0,0.2576096001489994,0.3562686001489994,0.7509046001489994,1.6388356001489994,,,,
12.387999,927,1079.0,0.2576096001489994,0.3562686001489994,0.7509046001489994,1.7374946001489993,,,,
12.389078,927,1079.0,0.2576096001489994,0.4549276001489994,0.8495636001489993,1.7374946001489993,,,,
12.390157,927,1079.0,0.2576096001489994,0.4549276001489994,0.8495636001489993,1.9348126001489994,,,,
12.391236,927,1079.0,0.2576096001489994,0.4549276001489994,0.8495636001489993,1.9348126001489994,,,,
12.392315,927,1079.0,0.3562686001489994,0.4549276001489994,0.8495636001489993,1.9348126001489994,,,,
12.393394,927,1079.0,0.3562686001489994,0.5535866001489994,0.9482226001489994,2.0334716001489994,,,,
12.394473,927,1079.0,0.4549276001489994,0.5535866001489994,0.9482226001489994,2.1321306001489995,,,,
12.395552,927,1079.0,0.4549276001489994,0.5535866001489994,0.9482226001489994,2.0334716001489994,,,,
12.396631,927,1079.0,0.4549276001489994,0.4549276001489994,0.8495636001489993,1.8361536001489993,,,,
12.39771,927,1079.0,0.3562686001489994,0.4549276001489994,0.7509046001489994,1.7374946001489993,,,,
12.398789,927,1079.0,0.2576096001489994,0.3562686001489994,0.6522456001489993,1.6388356001489994,,,,
12.399868,927,1079.0,0.2576096001489994,0.3562686001489994,0.5535866001489994,1.4415176001489993,,,,
12.400947,927,1079.0,0.2576096001489994,0.2576096001489994,0.5535866001489994,1.3428586001489993,,,,
12.402026,927,1079.0,0.1589506001489994,0.2576096001489994,0.4549276001489994,1.1455406001489994,,,,
12.403105,927,1079.0,0.1589506001489994,0.2576096001489994,0.4549276001489994,1.1455406001489994,,,,
12.404184,927,1079.0,0.1589506001489994,0.1589506001489994,0.3562686001489994,0.9482226001489994,,,,
12.405263,927,1079.0,0.1589506001489994,0.1589506001489994,0.3562686001489994,1.0468816001489993,,,,
12.406342,927,1079.0,0.1589506001489994,0.1589506001489994,0.3562686001489994,1.0468816001489993,,,,
12.407421,927,1079.0,0.1589506001489994,0.1589506001489994,0.3562686001489994,1.0468816001489993,,,,
12.4085,927,1079.0,0.2576096001489994,0.2576096001489994,0.4549276001489994,1.1455406001489994,,,,
12.409579,927,1079.0,0.2576096001489994,0.2576096001489994,0.4549276001489994,1.2441996001489994,,,,
12.410658,927,1079.0,0.2576096001489994,0.2576096001489994,0.4549276001489994,1.2441996001489994,,,,
12.411737,927,1079.0,0.2576096001489994,0.3562686001489994,0.4549276001489994,1.2441996001489994,,,,
12.412816,927,1079.0,0.2576096001489994,0.3562686001489994,0.5535866001489994,1.3428586001489993,,,,
12.413895,927,1079.0,0.3562686001489994,0.3562686001489994,0.5535866001489994,1.4415176001489993,,,,
12.414974,927,1079.0,0.3562686001489994,0.3562686001489994,0.5535866001489994,1.3428586001489993,,,,
12.416053,927,1079.0,0.3562686001489994,0.3562686001489994,0.3562686001489994,1.1455406001489994,,,,
12.417132,927,1079.0,0.3562686001489994,0.2576096001489994,0.3562686001489994,1.0468816001489993,,,,
12.418211,927,1079.0,0.2576096001489994,0.2576096001489994,0.2576096001489994,0.9482226001489994,,,,
12.41929,927,1079.0,0.2576096001489994,0.1589506001489994,0.1589506001489994,0.7509046001489994,,,,
12.420369,927,1079.0,0.2576096001489994,0.060291600148999404,0.1589506001489994,0.7509046001489994,,,,
12.421448,927,1079.0,0.1589506001489994,0.060291600148999404,0.060291600148999404,0.5535866001489994,,,,
12.422527,927,1079.0,0.1589506001489994,0.060291600148999404,-0.03836739985100059,0.4549276001489994,,,,
12.423606,927,1079.0,0.060291600148999404,-0.03836739985100059,-0.1370263998510006,0.2576096001489994,,,,
12.424685,927,1079.0,0.060291600148999404,-0.03836739985100059,-0.03836739985100059,0.3562686001489994,,,,
12.425764,927,1079.0,0.1589506001489994,-0.03836739985100059,-0.03836739985100059,0.4549276001489994,,,,
12.426843,927,1079.0,0.060291600148999404,-0.03836739985100059,-0.03836739985100059,0.4549276001489994,,,,
12.427922,927,1079.0,0.1589506001489994,0.060291600148999404,-0.03836739985100059,0.4549276001489994,,,,
12.429001,927,1079.0,0.1589506001489994,0.060291600148999404,0.060291600148999404,0.5535866001489994,,,,
12.43008,927,1079.0,0.1589506001489994,0.060291600148999404,0.060291600148999404,0.5535866001489994,,,,
12.431159,927,1079.0,0.2576096001489994,0.060291600148999404,0.060291600148999404,0.5535866001489994,,,,
12.432238,927,1079.0,0.2576096001489994,0.060291600148999404,0.060291600148999404,0.6522456001489993,,,,
12.433317,927,1079.0,0.3562686001489994,0.1589506001489994,0.1589506001489994,0.7509046001489994,,,,
12.434396,927,1079.0,0.3562686001489994,0.1589506001489994,0.1589506001489994,0.7509046001489994,,,,
12.435475,927,1079.0,0.3562686001489994,0.060291600148999404,0.060291600148999404,0.6522456001489993,,,,
12.436554,927,1079.0,0.2576096001489994,0.060291600148999404,-0.03836739985100059,0.4549276001489994,,,,
12.437633,927,1079.0,0.2576096001489994,0.060291600148999404,-0.03836739985100059,0.3562686001489994,,,,
12.438712,927,1079.0,0.1589506001489994,-0.03836739985100059,-0.1370263998510006,0.2576096001489994,,,,
12.439791,927,1079.0,0.1589506001489994,-0.1370263998510006,-0.2356853998510006,0.2576096001489994,,,,
12.44087,927,1079.0,0.1589506001489994,-0.1370263998510006,-0.2356853998510006,0.060291600148999404,,,,
12.441949,927,1079.0,0.060291600148999404,-0.1370263998510006,-0.2356853998510006,-0.03836739985100059,,,,
12.443028,927,1079.0,0.060291600148999404,-0.1370263998510006,-0.43300339985100056,-0.1370263998510006,,,,
12.444107,927,1079.0,0.060291600148999404,-0.1370263998510006,-0.43300339985100056,-0.1370263998510006,,,,
12.445186,927,1079.0,0.060291600148999404,-0.1370263998510006,-0.33434439985100056,-0.03836739985100059,,,,
12.446265,927,1079.0,0.060291600148999404,-0.1370263998510006,-0.33434439985100056,0.060291600148999404,,,,
12.447344,927,1079.0,0.060291600148999404,-0.03836739985100059,-0.2356853998510006,0.1589506001489994,,,,
12.448423,927,1079.0,0.1589506001489994,-0.03836739985100059,-0.1370263998510006,0.1589506001489994,,,,
12.449502,927,1079.0,0.1589506001489994,-0.03836739985100059,-0.1370263998510006,0.2576096001489994,,,,
12.450581,927,1079.0,0.2576096001489994,0.060291600148999404,-0.1370263998510006,0.2576096001489994,,,,
12.45166,927,1079.0,0.2576096001489994,0.060291600148999404,-0.1370263998510006,0.3562686001489994,,,,
12.452739,927,1079.0,0.2576096001489994,0.060291600148999404,-0.03836739985100059,0.5535866001489994,,,,
12.453818,927,1079.0,0.3562686001489994,0.060291600148999404,-0.03836739985100059,0.5535866001489994,,,,
12.454897,927,1079.0,0.3562686001489994,0.060291600148999404,-0.03836739985100059,0.4549276001489994,,,,
12.455976,927,1079.0,0.2576096001489994,0.060291600148999404,-0.1370263998510006,0.3562686001489994,,,,
12.457055,927,1079.0,0.2576096001489994,-0.03836739985100059,-0.2356853998510006,0.1589506001489994,,,,
12.458134,927,1079.0,0.1589506001489994,-0.03836739985100059,-0.1370263998510006,0.1589506001489994,,,,
12.459213,927,1079.0,0.1589506001489994,-0.03836739985100059,-0.2356853998510006,0.060291600148999404,,,,
12.460292,927,1079.0,0.1589506001489994,-0.1370263998510006,-0.2356853998510006,0.060291600148999404,,,,
12.461371,927,1079.0,0.060291600148999404,-0.1370263998510006,-0.33434439985100056,-0.03836739985100059,,,,
12.46245,927,1079.0,0.060291600148999404,-0.1370263998510006,-0.33434439985100056,-0.1370263998510006,,,,
12.463529,927,1079.0,0.060291600148999404,-0.1370263998510006,-0.43300339985100056,-0.1370263998510006,,,,
12.464608,927,1079.0,0.060291600148999404,-0.1370263998510006,-0.33434439985100056,-0.03836739985100059,,,,
12.465687,927,1079.0,0.1589506001489994,-0.1370263998510006,-0.2356853998510006,0.060291600148999404,,,,
12.466766,927,1079.0,0.1589506001489994,-0.03836739985100059,-0.1370263998510006,0.2576096001489994,,,,
12.467845,927,1079.0,0.1589506001489994,-0.03836739985100059,-0.1370263998510006,0.2576096001489994,,,,
12.468924,927,1079.0,0.1589506001489994,-0.03836739985100059,-0.03836739985100059,0.3562686001489994,,,,
12.470003,927,1079.0,0.2576096001489994,-0.03836739985100059,-0.03836739985100059,0.4549276001489994,,,,
12.471082,927,1079.0,0.2576096001489994,0.060291600148999404,0.060291600148999404,0.5535866001489994,,,,
12.472161,927,1079.0,0.3562686001489994,0.1589506001489994,0.1589506001489994,0.7509046001489994,,,,
12.47324,927,1079.0,0.3562686001489994,0.1589506001489994,0.1589506001489994,0.8495636001489993,,,,
12.474319,927,1079.0,0.3562686001489994,0.1589506001489994,0.1589506001489994,0.7509046001489994,,,,
12.475398,927,1079.0,0.2576096001489994,0.1589506001489994,0.060291600148999404,0.7509046001489994,,,,
12.476477,927,1079.0,0.2576096001489994,0.060291600148999404,0.060291600148999404,0.5535866001489994,,,,
12.477556,927,1079.0,0.2576096001489994,0.060291600148999404,0.060291600148999404,0.5535866001489994,,,,
12.478635,927,1079.0,0.1589506001489994,0.060291600148999404,0.060291600148999404,0.4549276001489994,,,,
12.479714,927,1079.0,0.1589506001489994,0.060291600148999404,-0.03836739985100059,0.4549276001489994,,,,
12.480793,927,1079.0,0.060291600148999404,-0.03836739985100059,-0.03836739985100059,0.4549276001489994,,,,
12.481872,927,1079.0,0.060291600148999404,-0.03836739985100059,-0.03836739985100059,0.3562686001489994,,,,
12.482951,927,1079.0,0.060291600148999404,-0.03836739985100059,-0.03836739985100059,0.3562686001489994,,,,
12.48403,927,1079.0,0.060291600148999404,-0.03836739985100059,-0.03836739985100059,0.4549276001489994,,,,
12.485109,927,1079.0,0.1589506001489994,-0.03836739985100059,0.060291600148999404,0.5535866001489994,,,,
12.486188,927,1079.0,0.1589506001489994,0.060291600148999404,0.1589506001489994,0.7509046001489994,,,,
12.487267,927,1079.0,0.1589506001489994,0.1589506001489994,0.2576096001489994,0.8495636001489993,,,,
12.488346,927,1079.0,0.2576096001489994,0.1589506001489994,0.2576096001489994,0.9482226001489994,,,,
12.489425,927,1079.0,0.2576096001489994,0.1589506001489994,0.3562686001489994,1.0468816001489993,,,,
12.490504,927,1079.0,0.2576096001489994,0.2576096001489994,0.3562686001489994,1.1455406001489994,,,,
12.491583,927,1079.0,0.3562686001489994,0.3562686001489994,0.4549276001489994,1.3428586001489993,,,,
12.492662,927,1079.0,0.3562686001489994,0.3562686001489994,0.5535866001489994,1.4415176001489993,,,,
12.493741,927,1079.0,0.3562686001489994,0.3562686001489994,0.5535866001489994,1.3428586001489993,,,,
12.49482,927,1079.0,0.2576096001489994,0.3562686001489994,0.5535866001489994,1.3428586001489993,,,,
12.495899,927,1079.0,0.3562686001489994,0.3562686001489994,0.4549276001489994,1.2441996001489994,,,,
12.496978,927,1079.0,0.2576096001489994,0.2576096001489994,0.3562686001489994,1.1455406001489994,,,,
12.498057,927,1079.0,0.2576096001489994,0.2576096001489994,0.4549276001489994,1.1455406001489994,,,,
12.499136,927,1079.0,0.1589506001489994,0.2576096001489994,0.3562686001489994,1.1455406001489994,,,,
12.500215,927,1079.0,0.1589506001489994,0.1589506001489994,0.3562686001489994,1.1455406001489994,,,,
12.501294,927,1079.0,0.1589506001489994,0.1589506001489994,0.3562686001489994,1.0468816001489993,,,,
12.502373,927,1079.0,0.1589506001489994,0.1589506001489994,0.2576096001489994,1.0468816001489993,,,,
12.503452,927,1079.0,0.1589506001489994,0.1589506001489994,0.3562686001489994,1.1455406001489994,,,,
12.504531,927,1079.0,0.1589506001489994,0.2576096001489994,0.4549276001489994,1.2441996001489994,,,,
12.50561,927,1079.0,0.2576096001489994,0.2576096001489994,0.4549276001489994,1.3428586001489993,,,,
12.506689,927,1079.0,0.2576096001489994,0.3562686001489994,0.5535866001489994,1.5401766001489994,,,,
12.507768,927,1079.0,0.2576096001489994,0.3562686001489994,0.6522456001489993,1.5401766001489994,,,,
12.508847,927,1079.0,0.2576096001489994,0.4549276001489994,0.7509046001489994,1.6388356001489994,,,,
12.509926,927,1079.0,0.3562686001489994,0.4549276001489994,0.7509046001489994,1.7374946001489993,,,,
12.511005,927,1079.0,0.3562686001489994,0.4549276001489994,0.8495636001489993,2.0334716001489994,,,,
12.512084,927,1079.0,0.4549276001489994,0.5535866001489994,0.9482226001489994,2.1321306001489995,,,,
12.513163,927,1079.0,0.4549276001489994,0.5535866001489994,0.9482226001489994,2.1321306001489995,,,,
12.514242,927,1079.0,0.4549276001489994,0.5535866001489994,0.9482226001489994,2.0334716001489994,,,,
12.515321,927,1079.0,0.3562686001489994,0.4549276001489994,0.9482226001489994,1.9348126001489994,,,,
12.5164,927,1079.0,0.2576096001489994,0.4549276001489994,0.8495636001489993,1.8361536001489993,,,,
12.517479,927,1079.0,0.2576096001489994,0.4549276001489994,0.8495636001489993,1.7374946001489993,,,,
12.518558,927,1079.0,0.2576096001489994,0.4549276001489994,0.7509046001489994,1.7374946001489993,,,,
12.519637,927,1079.0,0.2576096001489994,0.4549276001489994,0.7509046001489994,1.6388356001489994,,,,
12.520716,927,1079.0,0.2576096001489994,0.3562686001489994,0.6522456001489993,1.6388356001489994,,,,
12.521795,927,1079.0,0.1589506001489994,0.3562686001489994,0.6522456001489993,1.5401766001489994,,,,
12.522874,927,1079.0,0.1589506001489994,0.3562686001489994,0.7509046001489994,1.6388356001489994,,,,
12.523953,927,1079.0,0.1589506001489994,0.3562686001489994,0.7509046001489994,1.7374946001489993,,,,
12.525032,927,1079.0,0.2576096001489994,0.4549276001489994,0.8495636001489993,1.8361536001489993,,,,
12.526111,927,1079.0,0.2576096001489994,0.4549276001489994,0.8495636001489993,2.0334716001489994,,,,
12.52719,927,1079.0,0.2576096001489994,0.5535866001489994,0.9482226001489994,2.0334716001489994,,,,
12.528269,927,1079.0,0.3562686001489994,0.4549276001489994,0.9482226001489994,2.2307896001489995,,,,
12.529348,927,1079.0,0.3562686001489994,0.5535866001489994,1.0468816001489993,2.2307896001489995,,,,
12.530427,927,1079.0,0.3562686001489994,0.6522456001489993,1.1455406001489994,2.428107600148999,,,,
12.531506,927,1079.0,0.4549276001489994,0.6522456001489993,1.1455406001489994,2.5267666001489992,,,,
12.532585,927,1079.0,0.4549276001489994,0.6522456001489993,1.1455406001489994,2.428107600148999,,,,
12.533664,927,1079.0,0.4549276001489994,0.5535866001489994,1.1455406001489994,2.329448600148999,,,,
12.534743,927,1079.0,0.3562686001489994,0.5535866001489994,1.0468816001489993,2.2307896001489995,,,,
12.535822,927,1079.0,0.3562686001489994,0.5535866001489994,1.0468816001489993,2.1321306001489995,,,,
12.536901,927,1079.0,0.2576096001489994,0.5535866001489994,0.9482226001489994,2.0334716001489994,,,,
12.53798,927,1079.0,0.2576096001489994,0.4549276001489994,0.9482226001489994,2.0334716001489994,,,,
12.539059,927,1079.0,0.2576096001489994,0.4549276001489994,0.8495636001489993,1.8361536001489993,,,,
12.540138,927,1079.0,0.2576096001489994,0.3562686001489994,0.8495636001489993,1.8361536001489993,,,,
12.541217,927,1079.0,0.1589506001489994,0.3562686001489994,0.7509046001489994,1.7374946001489993,,,,
12.542296,927,1079.0,0.1589506001489994,0.3562686001489994,0.7509046001489994,1.6388356001489994,,,,
12.543375,927,1079.0,0.1589506001489994,0.3562686001489994,0.8495636001489993,1.8361536001489993,,,,
12.544454,927,1079.0,0.2576096001489994,0.4549276001489994,0.9482226001489994,1.9348126001489994,,,,
12.545533,927,1079.0,0.2576096001489994,0.4549276001489994,0.9482226001489994,2.0334716001489994,,,,
12.546612,927,1079.0,0.3562686001489994,0.5535866001489994,0.9482226001489994,2.0334716001489994,,,,
12.547691,927,1079.0,0.3562686001489994,0.5535866001489994,0.9482226001489994,2.1321306001489995,,,,
12.54877,927,1079.0,0.3562686001489994,0.5535866001489994,0.9482226001489994,2.1321306001489995,,,,
12.549849,927,1079.0,0.3562686001489994,0.5535866001489994,1.0468816001489993,2.2307896001489995,,,,
12.550928,927,1079.0,0.4549276001489994,0.6522456001489993,1.1455406001489994,2.428107600148999,,,,
12.552007,927,1079.0,0.4549276001489994,0.6522456001489993,1.0468816001489993,2.329448600148999,,,,
12.553086,927,1079.0,0.4549276001489994,0.5535866001489994,1.0468816001489993,2.2307896001489995,,,,
12.554165,927,1079.0,0.3562686001489994,0.5535866001489994,0.9482226001489994,2.1321306001489995,,,,
12.555244,927,1079.0,0.3562686001489994,0.4549276001489994,0.8495636001489993,1.9348126001489994,,,,
12.556323,927,1079.0,0.3562686001489994,0.3562686001489994,0.8495636001489993,1.7374946001489993,,,,
12.557402,927,1079.0,0.2576096001489994,0.4549276001489994,0.7509046001489994,1.7374946001489993,,,,
12.558481,927,1079.0,0.2576096001489994,0.3562686001489994,0.7509046001489994,1.6388356001489994,,,,
12.55956,927,1079.0,0.2576096001489994,0.2576096001489994,0.6522456001489993,1.5401766001489994,,,,
12.560639,927,1079.0,0.1589506001489994,0.2576096001489994,0.5535866001489994,1.3428586001489993,,,,
12.561718,927,1079.0,0.1589506001489994,0.2576096001489994,0.5535866001489994,1.3428586001489993,,,,
12.562797,927,1079.0,0.1589506001489994,0.2576096001489994,0.5535866001489994,1.3428586001489993,,,,
12.563876,927,1079.0,0.2576096001489994,0.2576096001489994,0.5535866001489994,1.5401766001489994,,,,
12.564955,927,1079.0,0.2576096001489994,0.3562686001489994,0.7509046001489994,1.6388356001489994,,,,
12.566034,927,1079.0,0.2576096001489994,0.3562686001489994,0.7509046001489994,1.6388356001489994,,,,
12.567113,927,1079.0,0.3562686001489994,0.3562686001489994,0.6522456001489993,1.6388356001489994,,,,
12.568192,927,1079.0,0.2576096001489994,0.3562686001489994,0.7509046001489994,1.6388356001489994,,,,
12.569271,927,1079.0,0.3562686001489994,0.3562686001489994,0.7509046001489994,1.7374946001489993,,,,
12.57035,927,1079.0,0.3562686001489994,0.4549276001489994,0.8495636001489993,1.7374946001489993,,,,
12.571429,927,1079.0,0.4549276001489994,0.4549276001489994,0.7509046001489994,1.8361536001489993,,,,
12.572508,927,1079.0,0.3562686001489994,0.4549276001489994,0.7509046001489994,1.6388356001489994,,,,
12.573587,927,1079.0,0.3562686001489994,0.4549276001489994,0.6522456001489993,1.5401766001489994,,,,
12.574666,927,1079.0,0.2576096001489994,0.3562686001489994,0.5535866001489994,1.3428586001489993,,,,
12.575745,927,1079.0,0.2576096001489994,0.3562686001489994,0.4549276001489994,1.2441996001489994,,,,
12.576824,927,1079.0,0.2576096001489994,0.2576096001489994,0.4549276001489994,1.1455406001489994,,,,
12.577903,927,1079.0,0.1589506001489994,0.2576096001489994,0.3562686001489994,1.0468816001489993,,,,
12.578982,927,1079.0,0.1589506001489994,0.1589506001489994,0.2576096001489994,0.9482226001489994,,,,
12.580061,927,1079.0,0.1589506001489994,0.060291600148999404,0.2576096001489994,0.7509046001489994,,,,
12.58114,927,1079.0,0.1589506001489994,0.060291600148999404,0.1589506001489994,0.7509046001489994,,,,
12.582219,927,1079.0,0.060291600148999404,0.060291600148999404,0.1589506001489994,0.7509046001489994,,,,
12.583298,927,1079.0,0.1589506001489994,0.060291600148999404,0.1589506001489994,0.7509046001489994,,,,
12.584377,927,1079.0,0.1589506001489994,0.060291600148999404,0.2576096001489994,0.8495636001489993,,,,
12.585456,927,1079.0,0.2576096001489994,0.1589506001489994,0.2576096001489994,0.9482226001489994,,,,
12.586535,927,1079.0,0.2576096001489994,0.1589506001489994,0.2576096001489994,0.9482226001489994,,,,
12.587614,927,1079.0,0.2576096001489994,0.2576096001489994,0.2576096001489994,0.9482226001489994,,,,
12.588693,927,1079.0,0.2576096001489994,0.2576096001489994,0.2576096001489994,0.9482226001489994,,,,
12.589772,927,1079.0,0.2576096001489994,0.2576096001489994,0.3562686001489994,1.0468816001489993,,,,
12.590851,927,1079.0,0.3562686001489994,0.2576096001489994,0.3562686001489994,1.1455406001489994,,,,
12.59193,927,1079.0,0.3562686001489994,0.2576096001489994,0.3562686001489994,1.0468816001489993,,,,
12.593009,927,1079.0,0.2576096001489994,0.1589506001489994,0.2576096001489994,0.9482226001489994,,,,
12.594088,927,1079.0,0.2576096001489994,0.1589506001489994,0.1589506001489994,0.7509046001489994,,,,
12.595167,927,1079.0,0.1589506001489994,0.060291600148999404,0.060291600148999404,0.5535866001489994,,,,
12.596246,927,1079.0,0.1589506001489994,0.060291600148999404,0.060291600148999404,0.4549276001489994,,,,
12.597325,927,1079.0,0.1589506001489994,-0.03836739985100059,-0.03836739985100059,0.4549276001489994,,,,
12.598404,927,1079.0,0.1589506001489994,-0.03836739985100059,-0.1370263998510006,0.2576096001489994,,,,
12.599483,927,1079.0,0.060291600148999404,-0.03836739985100059,-0.1370263998510006,0.1589506001489994,,,,
12.600562,927,1079.0,0.060291600148999404,-0.03836739985100059,-0.2356853998510006,0.060291600148999404,,,,
12.601641,927,1079.0,0.060291600148999404,-0.1370263998510006,-0.2356853998510006,0.1589506001489994,,,,
12.60272,927,1079.0,0.060291600148999404,-0.03836739985100059,-0.1370263998510006,0.1589506001489994,,,,
12.603799,927,1079.0,0.1589506001489994,-0.03836739985100059,-0.1370263998510006,0.2576096001489994,,,,
12.604878,927,1079.0,0.1589506001489994,-0.03836739985100059,-0.03836739985100059,0.3562686001489994,,,,
12.605957,927,1079.0,0.1589506001489994,-0.03836739985100059,-0.03836739985100059,0.4549276001489994,,,,
12.607036,927,1079.0,0.1589506001489994,0.060291600148999404,-0.03836739985100059,0.4549276001489994,,,,
12.608115,927,1079.0,0.2576096001489994,0.060291600148999404,-0.03836739985100059,0.4549276001489994,,,,
12.609194,927,1079.0,0.2576096001489994,0.060291600148999404,0.060291600148999404,0.5535866001489994,,,,
12.610273,927,1079.0,0.2576096001489994,0.1589506001489994,0.060291600148999404,0.6522456001489993,,,,
12.611352,927,1079.0,0.2576096001489994,0.1589506001489994,0.060291600148999404,0.5535866001489994,,,,
12.612431,927,1079.0,0.2576096001489994,0.060291600148999404,0.060291600148999404,0.4549276001489994,,,,
12.61351,927,1079.0,0.2576096001489994,0.060291600148999404,-0.03836739985100059,0.3562686001489994,,,,
12.614589,927,1079.0,0.1589506001489994,-0.03836739985100059,-0.1370263998510006,0.1589506001489994,,,,
12.615668,927,1079.0,0.1589506001489994,-0.03836739985100059,-0.1370263998510006,0.060291600148999404,,,,
12.616747,927,1079.0,0.1589506001489994,-0.1370263998510006,-0.2356853998510006,0.060291600148999404,,,,
12.617826,927,1079.0,0.060291600148999404,-0.1370263998510006,-0.33434439985100056,-0.03836739985100059,,,,
12.618905,927,1079.0,0.060291600148999404,-0.2356853998510006,-0.33434439985100056,-0.1370263998510006,,,,
12.619984,927,1079.0,0.060291600148999404,-0.2356853998510006,-0.43300339985100056,-0.1370263998510006,,,,
12.621063,927,1079.0,0.060291600148999404,-0.2356853998510006,-0.33434439985100056,-0.1370263998510006,,,,
12.622142,927,1079.0,0.060291600148999404,-0.2356853998510006,-0.33434439985100056,-0.03836739985100059,,,,
12.623221,927,1079.0,0.1589506001489994,-0.1370263998510006,-0.33434439985100056,0.060291600148999404,,,,
12.6243,927,1079.0,0.1589506001489994,-0.1370263998510006,-0.2356853998510006,0.1589506001489994,,,,
12.625379,927,1079.0,0.1589506001489994,-0.03836739985100059,-0.1370263998510006,0.2576096001489994,,,,
12.626458,927,1079.0,0.1589506001489994,-0.03836739985100059,-0.1370263998510006,0.2576096001489994,,,,
12.627537,927,1079.0,0.2576096001489994,-0.03836739985100059,-0.1370263998510006,0.3562686001489994,,,,
12.628616,927,1079.0,0.2576096001489994,0.060291600148999404,-0.03836739985100059,0.4549276001489994,,,,
12.629695,927,1079.0,0.2576096001489994,0.1589506001489994,0.060291600148999404,0.5535866001489994,,,,
12.630774,927,1079.0,0.2576096001489994,0.1589506001489994,0.060291600148999404,0.6522456001489993,,,,
12.631853,927,1079.0,0.2576096001489994,0.1589506001489994,0.060291600148999404,0.4549276001489994,,,,
12.632932,927,1079.0,0.2576096001489994,0.060291600148999404,-0.03836739985100059,0.3562686001489994,,,,
12.634011,927,1079.0,0.1589506001489994,0.060291600148999404,-0.03836739985100059,0.2576096001489994,,,,
12.63509,927,1079.0,0.1589506001489994,0.060291600148999404,-0.1370263998510006,0.2576096001489994,,,,
12.636169,927,1079.0,0.1589506001489994,-0.03836739985100059,-0.1370263998510006,0.2576096001489994,,,,
12.637248,927,1079.0,0.1589506001489994,-0.03836739985100059,-0.2356853998510006,0.1589506001489994,,,,
12.638327,927,1079.0,0.060291600148999404,-0.1370263998510006,-0.2356853998510006,0.060291600148999404,,,,
12.639406,927,1079.0,0.060291600148999404,-0.1370263998510006,-0.2356853998510006,-0.03836739985100059,,,,
12.640485,927,1079.0,0.060291600148999404,-0.1370263998510006,-0.2356853998510006,0.060291600148999404,,,,
12.641564,927,1079.0,0.060291600148999404,-0.1370263998510006,-0.1370263998510006,0.1589506001489994,,,,
12.642643,927,1079.0,0.1589506001489994,-0.03836739985100059,-0.1370263998510006,0.2576096001489994,,,,
12.643722,927,1079.0,0.1589506001489994,-0.03836739985100059,-0.03836739985100059,0.4549276001489994,,,,
12.644801,927,1079.0,0.1589506001489994,-0.03836739985100059,0.060291600148999404,0.5535866001489994,,,,
12.64588,927,1079.0,0.2576096001489994,0.060291600148999404,0.060291600148999404,0.6522456001489993,,,,
12.646959,927,1079.0,0.2576096001489994,0.060291600148999404,0.1589506001489994,0.7509046001489994,,,,
12.648038,927,1079.0,0.2576096001489994,0.1589506001489994,0.2576096001489994,0.8495636001489993,,,,
12.649117,927,1079.0,0.3562686001489994,0.2576096001489994,0.3562686001489994,1.0468816001489993,,,,
12.650196,927,1079.0,0.3562686001489994,0.2576096001489994,0.3562686001489994,1.0468816001489993,,,,
12.651275,927,1079.0,0.3562686001489994,0.2576096001489994,0.2576096001489994,0.9482226001489994,,,,
12.652354,927,1079.0,0.2576096001489994,0.1589506001489994,0.2576096001489994,0.8495636001489993,,,,
12.653433,927,1079.0,0.2576096001489994,0.1589506001489994,0.2576096001489994,0.8495636001489993,,,,
12.654512,927,1079.0,0.2576096001489994,0.1589506001489994,0.1589506001489994,0.7509046001489994,,,,
12.655591,927,1079.0,0.2576096001489994,0.1589506001489994,0.1589506001489994,0.7509046001489994,,,,
12.65667,927,1079.0,0.1589506001489994,0.060291600148999404,0.1589506001489994,0.6522456001489993,,,,
12.657749,927,1079.0,0.1589506001489994,0.060291600148999404,0.1589506001489994,0.6522456001489993,,,,
12.658828,927,1079.0,0.060291600148999404,0.060291600148999404,0.1589506001489994,0.5535866001489994,,,,
12.659907,927,1079.0,0.060291600148999404,0.060291600148999404,0.1589506001489994,0.5535866001489994,,,,
12.660986,927,1079.0,0.1589506001489994,0.060291600148999404,0.1589506001489994,0.7509046001489994,,,,
12.662065,927,1079.0,0.1589506001489994,0.1589506001489994,0.2576096001489994,0.8495636001489993,,,,
12.663144,927,1079.0,0.1589506001489994,0.1589506001489994,0.3562686001489994,1.0468816001489993,,,,
12.664223,927,1079.0,0.2576096001489994,0.2576096001489994,0.4549276001489994,1.1455406001489994,,,,
12.665302,927,1079.0,0.2576096001489994,0.2576096001489994,0.4549276001489994,1.2441996001489994,,,,
12.666381,927,1079.0,0.2576096001489994,0.2576096001489994,0.5535866001489994,1.3428586001489993,,,,
12.66746,927,1079.0,0.2576096001489994,0.3562686001489994,0.5535866001489994,1.4415176001489993,,,,
12.668539,927,1079.0,0.3562686001489994,0.4549276001489994,0.7509046001489994,1.6388356001489994,,,,
12.669618,927,1079.0,0.3562686001489994,0.4549276001489994,0.7509046001489994,1.7374946001489993,,,,
12.670697,927,1079.0,0.3562686001489994,0.4549276001489994,0.7509046001489994,1.6388356001489994,,,,
12.671776,927,1079.0,0.3562686001489994,0.4549276001489994,0.6522456001489993,1.5401766001489994,,,,
12.672855,927,1079.0,0.3562686001489994,0.3562686001489994,0.6522456001489993,1.4415176001489993,,,,
12.673934,927,1079.0,0.2576096001489994,0.4549276001489994,0.6522456001489993,1.4415176001489993,,,,
12.675013,927,1079.0,0.2576096001489994,0.3562686001489994,0.5535866001489994,1.4415176001489993,,,,
12.676092,927,1079.0,0.2576096001489994,0.2576096001489994,0.5535866001489994,1.4415176001489993,,,,
12.677171,927,1079.0,0.1589506001489994,0.2576096001489994,0.5535866001489994,1.3428586001489993,,,,
12.67825,927,1079.0,0.1589506001489994,0.2576096001489994,0.4549276001489994,1.3428586001489993,,,,
12.679329,927,1079.0,0.1589506001489994,0.2576096001489994,0.5535866001489994,1.2441996001489994,,,,
12.680408,927,1079.0,0.1589506001489994,0.2576096001489994,0.5535866001489994,1.3428586001489993,,,,
12.681487,927,1079.0,0.2576096001489994,0.2576096001489994,0.6522456001489993,1.5401766001489994,,,,
12.682566,927,1079.0,0.2576096001489994,0.3562686001489994,0.7509046001489994,1.7374946001489993,,,,
12.683645,927,1079.0,0.3562686001489994,0.4549276001489994,0.7509046001489994,1.8361536001489993,,,,
12.684724,927,1079.0,0.2576096001489994,0.4549276001489994,0.8495636001489993,1.8361536001489993,,,,
12.685803,927,1079.0,0.3562686001489994,0.4549276001489994,0.8495636001489993,2.0334716001489994,,,,
12.686882,927,1079.0,0.3562686001489994,0.5535866001489994,0.9482226001489994,2.0334716001489994,,,,
12.687961,927,1079.0,0.4549276001489994,0.5535866001489994,1.0468816001489993,2.2307896001489995,,,,
12.68904,927,1079.0,0.4549276001489994,0.6522456001489993,1.0468816001489993,2.329448600148999,,,,
12.690119,927,1079.0,0.4549276001489994,0.6522456001489993,1.0468816001489993,2.329448600148999,,,,
12.691198,927,1079.0,0.3562686001489994,0.5535866001489994,0.9482226001489994,2.2307896001489995,,,,
12.692277,927,1079.0,0.3562686001489994,0.5535866001489994,0.9482226001489994,2.1321306001489995,,,,
12.693356,927,1079.0,0.3562686001489994,0.5535866001489994,0.8495636001489993,2.0334716001489994,,,,
12.694435,927,1079.0,0.2576096001489994,0.4549276001489994,0.8495636001489993,1.9348126001489994,,,,
12.695514,927,1079.0,0.2576096001489994,0.4549276001489994,0.8495636001489993,1.8361536001489993,,,,
12.696593,927,1079.0,0.2576096001489994,0.3562686001489994,0.8495636001489993,1.7374946001489993,,,,
12.697672,927,1079.0,0.1589506001489994,0.3562686001489994,0.7509046001489994,1.7374946001489993,,,,
12.698751,927,1079.0,0.1589506001489994,0.3562686001489994,0.7509046001489994,1.7374946001489993,,,,
12.69983,927,1079.0,0.1589506001489994,0.3562686001489994,0.8495636001489993,1.7374946001489993,,,,
12.700909,927,1079.0,0.2576096001489994,0.4549276001489994,0.8495636001489993,1.9348126001489994,,,,
12.701988,927,1079.0,0.2576096001489994,0.4549276001489994,0.8495636001489993,2.0334716001489994,,,,
12.703067,927,1079.0,0.2576096001489994,0.4549276001489994,0.9482226001489994,2.1321306001489995,,,,
12.704146,927,1079.0,0.3562686001489994,0.5535866001489994,1.0468816001489993,2.2307896001489995,,,,
12.705225,927,1079.0,0.3562686001489994,0.5535866001489994,1.0468816001489993,2.2307896001489995,,,,
12.706304,927,1079.0,0.3562686001489994,0.5535866001489994,1.0468816001489993,2.2307896001489995,,,,
12.707383,927,1079.0,0.3562686001489994,0.6522456001489993,1.1455406001489994,2.428107600148999,,,,
12.708462,927,1079.0,0.4549276001489994,0.6522456001489993,1.2441996001489994,2.5267666001489992,,,,
12.709541,927,1079.0,0.4549276001489994,0.6522456001489993,1.1455406001489994,2.428107600148999,,,,
12.71062,927,1079.0,0.4549276001489994,0.6522456001489993,1.0468816001489993,2.428107600148999,,,,
12.711699,927,1079.0,0.3562686001489994,0.5535866001489994,1.0468816001489993,2.2307896001489995,,,,
12.712778,927,1079.0,0.3562686001489994,0.5535866001489994,0.9482226001489994,2.1321306001489995,,,,
12.713857,927,1079.0,0.3562686001489994,0.5535866001489994,0.9482226001489994,1.9348126001489994,,,,
12.714936,927,1079.0,0.2576096001489994,0.4549276001489994,0.8495636001489993,1.9348126001489994,,,,
12.716015,927,1079.0,0.2576096001489994,0.4549276001489994,0.7509046001489994,1.8361536001489993,,,,
12.717094,927,1079.0,0.2576096001489994,0.4549276001489994,0.7509046001489994,1.7374946001489993,,,,
12.718173,927,1079.0,0.1589506001489994,0.3562686001489994,0.7509046001489994,1.6388356001489994,,,,
12.719252,927,1079.0,0.1589506001489994,0.3562686001489994,0.7509046001489994,1.6388356001489994,,,,
12.720331,927,1079.0,0.1589506001489994,0.4549276001489994,0.7509046001489994,1.7374946001489993,,,,
12.72141,927,1079.0,0.2576096001489994,0.4549276001489994,0.8495636001489993,1.8361536001489993,,,,
12.722489,927,1079.0,0.2576096001489994,0.4549276001489994,0.8495636001489993,1.9348126001489994,,,,
12.723568,927,1079.0,0.2576096001489994,0.4549276001489994,0.9482226001489994,2.0334716001489994,,,,
12.724647,927,1079.0,0.2576096001489994,0.4549276001489994,0.9482226001489994,2.0334716001489994,,,,
12.725726,927,1079.0,0.3562686001489994,0.5535866001489994,0.9482226001489994,2.0334716001489994,,,,
12.726805,927,1079.0,0.3562686001489994,0.5535866001489994,0.9482226001489994,2.1321306001489995,,,,
12.727884,927,1079.0,0.4549276001489994,0.5535866001489994,1.0468816001489993,2.2307896001489995,,,,
12.728963,927,1079.0,0.4549276001489994,0.5535866001489994,0.9482226001489994,2.1321306001489995,,,,
12.730042,927,1079.0,0.3562686001489994,0.5535866001489994,0.9482226001489994,2.0334716001489994,,,,
12.731121,927,1079.0,0.3562686001489994,0.4549276001489994,0.8495636001489993,1.8361536001489993,,,,
12.7322,927,1079.0,0.2576096001489994,0.4549276001489994,0.7509046001489994,1.7374946001489993,,,,
12.733279,927,1079.0,0.2576096001489994,0.3562686001489994,0.7509046001489994,1.5401766001489994,,,,
12.734358,927,1079.0,0.2576096001489994,0.3562686001489994,0.6522456001489993,1.4415176001489993,,,,
12.735437,927,1079.0,0.2576096001489994,0.2576096001489994,0.5535866001489994,1.3428586001489993,,,,
12.736516,927,1079.0,0.2576096001489994,0.2576096001489994,0.5535866001489994,1.2441996001489994,,,,
12.737595,927,1079.0,0.1589506001489994,0.1589506001489994,0.4549276001489994,1.1455406001489994,,,,
12.738674,927,1079.0,0.1589506001489994,0.1589506001489994,0.3562686001489994,1.1455406001489994,,,,
12.739753,927,1079.0,0.1589506001489994,0.2576096001489994,0.4549276001489994,1.2441996001489994,,,,
12.740832,927,1079.0,0.2576096001489994,0.2576096001489994,0.4549276001489994,1.2441996001489994,,,,
12.741911,927,1079.0,0.2576096001489994,0.2576096001489994,0.4549276001489994,1.3428586001489993,,,,
12.74299,927,1079.0,0.2576096001489994,0.3562686001489994,0.4549276001489994,1.3428586001489993,,,,
12.744069,927,1079.0,0.3562686001489994,0.2576096001489994,0.4549276001489994,1.3428586001489993,,,,
12.745148,927,1079.0,0.2576096001489994,0.3562686001489994,0.5535866001489994,1.4415176001489993,,,,
12.746227,927,1079.0,0.3562686001489994,0.3562686001489994,0.5535866001489994,1.4415176001489993,,,,
12.747306,927,1079.0,0.3562686001489994,0.3562686001489994,0.5535866001489994,1.5401766001489994,,,,
12.748385,927,1079.0,0.4549276001489994,0.4549276001489994,0.5535866001489994,1.4415176001489993,,,,
12.749464,927,1079.0,0.3562686001489994,0.3562686001489994,0.5535866001489994,1.3428586001489993,,,,
12.750543,927,1079.0,0.3562686001489994,0.3562686001489994,0.4549276001489994,1.1455406001489994,,,,
12.751622,927,1079.0,0.2576096001489994,0.2576096001489994,0.3562686001489994,1.0468816001489993,,,,
12.752701,927,1079.0,0.2576096001489994,0.2576096001489994,0.2576096001489994,0.9482226001489994,,,,
12.75378,927,1079.0,0.1589506001489994,0.1589506001489994,0.1589506001489994,0.8495636001489993,,,,
12.754859,927,1079.0,0.1589506001489994,0.1589506001489994,0.1589506001489994,0.7509046001489994,,,,
12.755938,927,1079.0,0.1589506001489994,0.060291600148999404,0.060291600148999404,0.5535866001489994,,,,
12.757017,927,1079.0,0.060291600148999404,-0.03836739985100059,-0.03836739985100059,0.4549276001489994,,,,
12.758096,927,1079.0,0.060291600148999404,-0.03836739985100059,-0.03836739985100059,0.4549276001489994,,,,
12.759175,927,1079.0,0.060291600148999404,-0.03836739985100059,-0.03836739985100059,0.5535866001489994,,,,
12.760254,927,1079.0,0.1589506001489994,0.060291600148999404,0.060291600148999404,0.5535866001489994,,,,
12.761333,927,1079.0,0.1589506001489994,0.060291600148999404,0.060291600148999404,0.6522456001489993,,,,
12.762412,927,1079.0,0.2576096001489994,0.060291600148999404,0.060291600148999404,0.6522456001489993,,,,
12.763491,927,1079.0,0.2576096001489994,0.1589506001489994,0.1589506001489994,0.6522456001489993,,,,
12.76457,927,1079.0,0.2576096001489994,0.060291600148999404,0.1589506001489994,0.6522456001489993,,,,
12.765649,927,1079.0,0.2576096001489994,0.1589506001489994,0.1589506001489994,0.7509046001489994,,,,
12.766728,927,1079.0,0.3562686001489994,0.1589506001489994,0.2576096001489994,0.8495636001489993,,,,
12.767807,927,1079.0,0.3562686001489994,0.1589506001489994,0.2576096001489994,0.8495636001489993,,,,
12.768886,927,1079.0,0.2576096001489994,0.1589506001489994,0.1589506001489994,0.7509046001489994,,,,
12.769965,927,1079.0,0.2576096001489994,0.1589506001489994,0.060291600148999404,0.5535866001489994,,,,
12.771044,927,1079.0,0.2576096001489994,0.060291600148999404,-0.03836739985100059,0.4549276001489994,,,,
12.772123,927,1079.0,0.1589506001489994,0.060291600148999404,-0.03836739985100059,0.3562686001489994,,,,
12.773202,927,1079.0,0.1589506001489994,-0.03836739985100059,-0.03836739985100059,0.2576096001489994,,,,
12.774281,927,1079.0,0.1589506001489994,-0.03836739985100059,-0.1370263998510006,0.2576096001489994,,,,
12.77536,927,1079.0,0.1589506001489994,-0.1370263998510006,-0.2356853998510006,0.1589506001489994,,,,
12.776439,927,1079.0,0.060291600148999404,-0.1370263998510006,-0.2356853998510006,-0.03836739985100059,,,,
12.777518,927,1079.0,0.060291600148999404,-0.2356853998510006,-0.33434439985100056,-0.03836739985100059,,,,
12.778597,927,1079.0,0.060291600148999404,-0.1370263998510006,-0.33434439985100056,-0.03836739985100059,,,,
12.779676,927,1079.0,0.060291600148999404,-0.1370263998510006,-0.2356853998510006,0.060291600148999404,,,,
12.780755,927,1079.0,0.1589506001489994,-0.1370263998510006,-0.1370263998510006,0.1589506001489994,,,,
12.781834,927,1079.0,0.1589506001489994,-0.03836739985100059,-0.1370263998510006,0.2576096001489994,,,,
12.782913,927,1079.0,0.1589506001489994,-0.03836739985100059,-0.1370263998510006,0.2576096001489994,,,,
12.783992,927,1079.0,0.1589506001489994,0.060291600148999404,-0.1370263998510006,0.2576096001489994,,,,
12.785071,927,1079.0,0.2576096001489994,0.060291600148999404,-0.03836739985100059,0.3562686001489994,,,,
12.78615,927,1079.0,0.2576096001489994,0.1589506001489994,0.060291600148999404,0.5535866001489994,,,,
12.787229,927,1079.0,0.3562686001489994,0.1589506001489994,0.060291600148999404,0.5535866001489994,,,,
12.788308,927,1079.0,0.2576096001489994,0.060291600148999404,-0.03836739985100059,0.5535866001489994,,,,
12.789387,927,1079.0,0.2576096001489994,-0.03836739985100059,-0.1370263998510006,0.3562686001489994,,,,
12.790466,927,1079.0,0.2576096001489994,-0.03836739985100059,-0.1370263998510006,0.2576096001489994,,,,
12.791545,927,1079.0,0.1589506001489994,-0.03836739985100059,-0.2356853998510006,0.1589506001489994,,,,
12.792624,927,1079.0,0.1589506001489994,-0.03836739985100059,-0.2356853998510006,0.060291600148999404,,,,
12.793703,927,1079.0,0.1589506001489994,-0.1370263998510006,-0.2356853998510006,0.060291600148999404,,,,
12.794782,927,1079.0,0.060291600148999404,-0.1370263998510006,-0.33434439985100056,-0.03836739985100059,,,,
12.795861,927,1079.0,-0.03836739985100059,-0.1370263998510006,-0.33434439985100056,-0.1370263998510006,,,,
12.79694,927,1079.0,-0.03836739985100059,-0.2356853998510006,-0.33434439985100056,-0.1370263998510006,,,,
12.798019,927,1079.0,-0.03836739985100059,-0.1370263998510006,-0.33434439985100056,-0.1370263998510006,,,,
12.799098,927,1079.0,0.060291600148999404,-0.1370263998510006,-0.2356853998510006,0.060291600148999404,,,,
12.800177,927,1079.0,0.060291600148999404,-0.03836739985100059,-0.2356853998510006,0.1589506001489994,,,,
12.801256,927,1079.0,0.1589506001489994,-0.03836739985100059,-0.1370263998510006,0.2576096001489994,,,,
12.802335,927,1079.0,0.1589506001489994,-0.03836739985100059,-0.03836739985100059,0.3562686001489994,,,,
12.803414,927,1079.0,0.2576096001489994,-0.03836739985100059,-0.1370263998510006,0.4549276001489994,,,,
12.804493,927,1079.0,0.2576096001489994,0.060291600148999404,-0.03836739985100059,0.4549276001489994,,,,
12.805572,927,1079.0,0.3562686001489994,0.060291600148999404,0.060291600148999404,0.6522456001489993,,,,
12.806651,927,1079.0,0.3562686001489994,0.1589506001489994,0.060291600148999404,0.6522456001489993,,,,
12.80773,927,1079.0,0.3562686001489994,0.1589506001489994,0.060291600148999404,0.6522456001489993,,,,
12.808809,927,1079.0,0.2576096001489994,0.060291600148999404,0.060291600148999404,0.6522456001489993,,,,
12.809888,927,1079.0,0.2576096001489994,0.060291600148999404,-0.03836739985100059,0.5535866001489994,,,,
12.810967,927,1079.0,0.2576096001489994,0.060291600148999404,-0.03836739985100059,0.4549276001489994,,,,
12.812046,927,1079.0,0.2576096001489994,0.060291600148999404,-0.03836739985100059,0.3562686001489994,,,,
12.813125,927,1079.0,0.1589506001489994,-0.03836739985100059,-0.03836739985100059,0.3562686001489994,,,,
12.814204,927,1079.0,0.060291600148999404,-0.03836739985100059,-0.1370263998510006,0.2576096001489994,,,,
12.815283,927,1079.0,0.060291600148999404,-0.03836739985100059,-0.1370263998510006,0.2576096001489994,,,,
12.816362,927,1079.0,0.060291600148999404,-0.1370263998510006,-0.1370263998510006,0.1589506001489994,,,,
12.817441,927,1079.0,0.060291600148999404,-0.03836739985100059,-0.1370263998510006,0.2576096001489994,,,,
12.81852,927,1079.0,0.1589506001489994,-0.03836739985100059,-0.03836739985100059,0.4549276001489994,,,,
12.819599,927,1079.0,0.1589506001489994,0.060291600148999404,0.060291600148999404,0.5535866001489994,,,,
12.820678,927,1079.0,0.1589506001489994,0.060291600148999404,0.1589506001489994,0.6522456001489993,,,,
12.821757,927,1079.0,0.1589506001489994,0.1589506001489994,0.2576096001489994,0.8495636001489993,,,,
12.822836,927,1079.0,0.2576096001489994,0.1589506001489994,0.2576096001489994,0.9482226001489994,,,,
12.823915,927,1079.0,0.2576096001489994,0.1589506001489994,0.2576096001489994,0.9482226001489994,,,,
12.824994,927,1079.0,0.2576096001489994,0.2576096001489994,0.3562686001489994,1.1455406001489994,,,,
12.826073,927,1079.0,0.3562686001489994,0.2576096001489994,0.4549276001489994,1.2441996001489994,,,,
12.827152,927,1079.0,0.3562686001489994,0.2576096001489994,0.4549276001489994,1.2441996001489994,,,,
12.828231,927,1079.0,0.3562686001489994,0.2576096001489994,0.4549276001489994,1.2441996001489994,,,,
12.82931,927,1079.0,0.2576096001489994,0.2576096001489994,0.4549276001489994,1.1455406001489994,,,,
12.830389,927,1079.0,0.2576096001489994,0.1589506001489994,0.3562686001489994,1.1455406001489994,,,,
12.831468,927,1079.0,0.2576096001489994,0.1589506001489994,0.2576096001489994,1.0468816001489993,,,,
12.832547,927,1079.0,0.1589506001489994,0.2576096001489994,0.2576096001489994,0.9482226001489994,,,,
12.833626,927,1079.0,0.1589506001489994,0.1589506001489994,0.2576096001489994,0.8495636001489993,,,,
12.834705,927,1079.0,0.1589506001489994,0.1589506001489994,0.2576096001489994,0.9482226001489994,,,,
12.835784,927,1079.0,0.1589506001489994,0.060291600148999404,0.2576096001489994,0.8495636001489993,,,,
12.836863,927,1079.0,0.060291600148999404,0.060291600148999404,0.2576096001489994,0.9482226001489994,,,,
12.837942,927,1079.0,0.1589506001489994,0.1589506001489994,0.3562686001489994,1.0468816001489993,,,,
12.839021,927,1079.0,0.1589506001489994,0.2576096001489994,0.4549276001489994,1.1455406001489994,,,,
12.8401,927,1079.0,0.2576096001489994,0.2576096001489994,0.5535866001489994,1.3428586001489993,,,,
12.841179,927,1079.0,0.2576096001489994,0.3562686001489994,0.6522456001489993,1.4415176001489993,,,,
12.842258,927,1079.0,0.2576096001489994,0.3562686001489994,0.6522456001489993,1.5401766001489994,,,,
12.843337,927,1079.0,0.3562686001489994,0.3562686001489994,0.6522456001489993,1.6388356001489994,,,,
12.844416,927,1079.0,0.3562686001489994,0.4549276001489994,0.8495636001489993,1.8361536001489993,,,,
12.845495,927,1079.0,0.3562686001489994,0.5535866001489994,0.8495636001489993,1.9348126001489994,,,,
12.846574,927,1079.0,0.4549276001489994,0.5535866001489994,0.8495636001489993,1.9348126001489994,,,,
12.847653,927,1079.0,0.4549276001489994,0.5535866001489994,0.7509046001489994,1.8361536001489993,,,,
12.848732,927,1079.0,0.3562686001489994,0.4549276001489994,0.7509046001489994,1.8361536001489993,,,,
12.849811,927,1079.0,0.3562686001489994,0.4549276001489994,0.7509046001489994,1.6388356001489994,,,,
12.85089,927,1079.0,0.2576096001489994,0.4549276001489994,0.7509046001489994,1.6388356001489994,,,,
12.851969,927,1079.0,0.2576096001489994,0.3562686001489994,0.6522456001489993,1.6388356001489994,,,,
12.853048,927,1079.0,0.2576096001489994,0.3562686001489994,0.6522456001489993,1.5401766001489994,,,,
12.854127,927,1079.0,0.1589506001489994,0.3562686001489994,0.6522456001489993,1.5401766001489994,,,,
12.855206,927,1079.0,0.1589506001489994,0.2576096001489994,0.5535866001489994,1.4415176001489993,,,,
12.856285,927,1079.0,0.1589506001489994,0.2576096001489994,0.6522456001489993,1.5401766001489994,,,,
12.857364,927,1079.0,0.1589506001489994,0.3562686001489994,0.6522456001489993,1.6388356001489994,,,,
12.858443,927,1079.0,0.2576096001489994,0.3562686001489994,0.7509046001489994,1.8361536001489993,,,,
12.859522,927,1079.0,0.2576096001489994,0.4549276001489994,0.8495636001489993,1.9348126001489994,,,,
12.860601,927,1079.0,0.2576096001489994,0.4549276001489994,0.8495636001489993,2.0334716001489994,,,,
12.86168,927,1079.0,0.3562686001489994,0.4549276001489994,0.9482226001489994,2.1321306001489995,,,,
12.862759,927,1079.0,0.3562686001489994,0.5535866001489994,1.0468816001489993,2.1321306001489995,,,,
12.863838,927,1079.0,0.4549276001489994,0.5535866001489994,1.0468816001489993,2.329448600148999,,,,
12.864917,927,1079.0,0.3562686001489994,0.6522456001489993,1.1455406001489994,2.428107600148999,,,,
12.865996,927,1079.0,0.4549276001489994,0.6522456001489993,1.1455406001489994,2.428107600148999,,,,
12.867075,927,1079.0,0.4549276001489994,0.6522456001489993,1.0468816001489993,2.329448600148999,,,,
12.868154,927,1079.0,0.3562686001489994,0.6522456001489993,1.0468816001489993,2.2307896001489995,,,,
12.869233,927,1079.0,0.3562686001489994,0.5535866001489994,0.9482226001489994,2.1321306001489995,,,,
12.870312,927,1079.0,0.3562686001489994,0.4549276001489994,0.9482226001489994,2.1321306001489995,,,,
12.871391,927,1079.0,0.3562686001489994,0.4549276001489994,0.9482226001489994,2.0334716001489994,,,,
12.87247,927,1079.0,0.2576096001489994,0.4549276001489994,0.8495636001489993,1.9348126001489994,,,,
12.873549,927,1079.0,0.2576096001489994,0.4549276001489994,0.8495636001489993,1.8361536001489993,,,,
12.874628,927,1079.0,0.1589506001489994,0.3562686001489994,0.7509046001489994,1.7374946001489993,,,,
12.875707,927,1079.0,0.1589506001489994,0.3562686001489994,0.7509046001489994,1.7374946001489993,,,,
12.876786,927,1079.0,0.2576096001489994,0.3562686001489994,0.8495636001489993,1.8361536001489993,,,,
12.877865,927,1079.0,0.2576096001489994,0.4549276001489994,0.9482226001489994,1.9348126001489994,,,,
12.878944,927,1079.0,0.2576096001489994,0.4549276001489994,0.9482226001489994,2.1321306001489995,,,,
12.880023,927,1079.0,0.2576096001489994,0.5535866001489994,1.0468816001489993,2.1321306001489995,,,,
12.881102,927,1079.0,0.3562686001489994,0.5535866001489994,1.0468816001489993,2.2307896001489995,,,,
12.882181,927,1079.0,0.3562686001489994,0.5535866001489994,0.9482226001489994,2.2307896001489995,,,,
12.88326,927,1079.0,0.3562686001489994,0.6522456001489993,1.0468816001489993,2.329448600148999,,,,
12.884339,927,1079.0,0.4549276001489994,0.6522456001489993,1.1455406001489994,2.428107600148999,,,,
12.885418,927,1079.0,0.4549276001489994,0.6522456001489993,1.1455406001489994,2.428107600148999,,,,
12.886497,927,1079.0,0.3562686001489994,0.6522456001489993,1.0468816001489993,2.2307896001489995,,,,
12.887576,927,1079.0,0.3562686001489994,0.6522456001489993,1.0468816001489993,2.1321306001489995,,,,
12.888655,927,1079.0,0.3562686001489994,0.5535866001489994,0.9482226001489994,2.0334716001489994,,,,
12.889734,927,1079.0,0.3562686001489994,0.4549276001489994,0.8495636001489993,1.9348126001489994,,,,
12.890813,927,1079.0,0.2576096001489994,0.4549276001489994,0.8495636001489993,1.8361536001489993,,,,
12.891892,927,1079.0,0.2576096001489994,0.4549276001489994,0.8495636001489993,1.7374946001489993,,,,
12.892971,927,1079.0,0.1589506001489994,0.3562686001489994,0.6522456001489993,1.6388356001489994,,,,
12.89405,927,1079.0,0.1589506001489994,0.3562686001489994,0.6522456001489993,1.5401766001489994,,,,
12.895129,927,1079.0,0.1589506001489994,0.2576096001489994,0.5535866001489994,1.4415176001489993,,,,
12.896208,927,1079.0,0.1589506001489994,0.3562686001489994,0.6522456001489993,1.5401766001489994,,,,
12.897287,927,1079.0,0.1589506001489994,0.4549276001489994,0.6522456001489993,1.5401766001489994,,,,
12.898366,927,1079.0,0.2576096001489994,0.4549276001489994,0.7509046001489994,1.6388356001489994,,,,
12.899445,927,1079.0,0.3562686001489994,0.4549276001489994,0.7509046001489994,1.7374946001489993,,,,
12.900524,927,1079.0,0.3562686001489994,0.4549276001489994,0.8495636001489993,1.7374946001489993,,,,
12.901603,927,1079.0,0.2576096001489994,0.4549276001489994,0.7509046001489994,1.8361536001489993,,,,
12.902682,927,1079.0,0.3562686001489994,0.4549276001489994,0.8495636001489993,1.7374946001489993,,,,
12.903761,927,1079.0,0.4549276001489994,0.4549276001489994,0.8495636001489993,1.9348126001489994,,,,
12.90484,927,1079.0,0.4549276001489994,0.5535866001489994,0.8495636001489993,2.0334716001489994,,,,
12.905919,927,1079.0,0.3562686001489994,0.5535866001489994,0.8495636001489993,1.8361536001489993,,,,
12.906998,927,1079.0,0.3562686001489994,0.4549276001489994,0.7509046001489994,1.7374946001489993,,,,
12.908077,927,1079.0,0.2576096001489994,0.3562686001489994,0.6522456001489993,1.5401766001489994,,,,
12.909156,927,1079.0,0.2576096001489994,0.2576096001489994,0.5535866001489994,1.4415176001489993,,,,
12.910235,927,1079.0,0.2576096001489994,0.3562686001489994,0.4549276001489994,1.2441996001489994,,,,
12.911314,927,1079.0,0.1589506001489994,0.2576096001489994,0.4549276001489994,1.1455406001489994,,,,
12.912393,927,1079.0,0.1589506001489994,0.1589506001489994,0.3562686001489994,1.1455406001489994,,,,
12.913472,927,1079.0,0.1589506001489994,0.1589506001489994,0.2576096001489994,0.9482226001489994,,,,
12.914551,927,1079.0,0.060291600148999404,0.1589506001489994,0.2576096001489994,0.8495636001489993,,,,
12.91563,927,1079.0,0.060291600148999404,0.1589506001489994,0.2576096001489994,0.8495636001489993,,,,
12.916709,927,1079.0,0.1589506001489994,0.1589506001489994,0.2576096001489994,0.9482226001489994,,,,
12.917788,927,1079.0,0.2576096001489994,0.1589506001489994,0.3562686001489994,0.9482226001489994,,,,
12.918867,927,1079.0,0.1589506001489994,0.1589506001489994,0.3562686001489994,1.0468816001489993,,,,
12.919946,927,1079.0,0.2576096001489994,0.2576096001489994,0.3562686001489994,1.0468816001489993,,,,
12.921025,927,1079.0,0.2576096001489994,0.1589506001489994,0.4549276001489994,1.1455406001489994,,,,
12.922104,927,1079.0,0.2576096001489994,0.2576096001489994,0.4549276001489994,1.0468816001489993,,,,
12.923183,927,1079.0,0.3562686001489994,0.2576096001489994,0.4549276001489994,1.2441996001489994,,,,
12.924262,927,1079.0,0.3562686001489994,0.2576096001489994,0.5535866001489994,1.2441996001489994,,,,
12.925341,927,1079.0,0.3562686001489994,0.2576096001489994,0.4549276001489994,1.1455406001489994,,,,
12.92642,927,1079.0,0.2576096001489994,0.2576096001489994,0.3562686001489994,1.0468816001489993,,,,
12.927499,927,1079.0,0.2576096001489994,0.1589506001489994,0.2576096001489994,0.9482226001489994,,,,
12.928578,927,1079.0,0.2576096001489994,0.1589506001489994,0.1589506001489994,0.7509046001489994,,,,
12.929657,927,1079.0,0.1589506001489994,0.1589506001489994,0.060291600148999404,0.6522456001489993,,,,
12.930736,927,1079.0,0.2576096001489994,0.060291600148999404,0.060291600148999404,0.5535866001489994,,,,
12.931815,927,1079.0,0.1589506001489994,0.060291600148999404,-0.03836739985100059,0.3562686001489994,,,,
12.932894,927,1079.0,0.1589506001489994,-0.03836739985100059,-0.1370263998510006,0.3562686001489994,,,,
12.933973,927,1079.0,0.060291600148999404,-0.1370263998510006,-0.1370263998510006,0.2576096001489994,,,,
12.935052,927,1079.0,0.060291600148999404,-0.1370263998510006,-0.1370263998510006,0.2576096001489994,,,,
12.936131,927,1079.0,0.1589506001489994,-0.03836739985100059,-0.1370263998510006,0.2576096001489994,,,,
12.93721,927,1079.0,0.1589506001489994,-0.03836739985100059,-0.03836739985100059,0.3562686001489994,,,,
12.938289,927,1079.0,0.1589506001489994,0.060291600148999404,-0.03836739985100059,0.4549276001489994,,,,
12.939368,927,1079.0,0.1589506001489994,0.060291600148999404,-0.03836739985100059,0.4549276001489994,,,,
12.940447,927,1079.0,0.2576096001489994,0.060291600148999404,-0.03836739985100059,0.5535866001489994,,,,
12.941526,927,1079.0,0.2576096001489994,0.060291600148999404,0.060291600148999404,0.5535866001489994,,,,
12.942605,927,1079.0,0.2576096001489994,0.1589506001489994,0.060291600148999404,0.6522456001489993,,,,
12.943684,927,1079.0,0.2576096001489994,0.2576096001489994,0.1589506001489994,0.6522456001489993,,,,
12.944763,927,1079.0,0.2576096001489994,0.1589506001489994,0.060291600148999404,0.6522456001489993,,,,
12.945842,927,1079.0,0.2576096001489994,0.060291600148999404,0.060291600148999404,0.5535866001489994,,,,
12.946921,927,1079.0,0.1589506001489994,0.060291600148999404,-0.03836739985100059,0.3562686001489994,,,,
12.948,927,1079.0,0.2576096001489994,-0.03836739985100059,-0.1370263998510006,0.3562686001489994,,,,
12.949079,927,1079.0,0.1589506001489994,-0.03836739985100059,-0.1370263998510006,0.1589506001489994,,,,
12.950158,927,1079.0,0.1589506001489994,-0.03836739985100059,-0.2356853998510006,0.060291600148999404,,,,
12.951237,927,1079.0,0.060291600148999404,-0.03836739985100059,-0.2356853998510006,-0.03836739985100059,,,,
12.952316,927,1079.0,0.060291600148999404,-0.1370263998510006,-0.33434439985100056,-0.1370263998510006,,,,
12.953395,927,1079.0,0.060291600148999404,-0.2356853998510006,-0.33434439985100056,-0.1370263998510006,,,,
12.954474,927,1079.0,-0.03836739985100059,-0.2356853998510006,-0.43300339985100056,-0.1370263998510006,,,,
12.955553,927,1079.0,0.060291600148999404,-0.1370263998510006,-0.2356853998510006,-0.03836739985100059,,,,
12.956632,927,1079.0,0.060291600148999404,-0.1370263998510006,-0.2356853998510006,0.060291600148999404,,,,
12.957711,927,1079.0,0.1589506001489994,-0.03836739985100059,-0.2356853998510006,0.1589506001489994,,,,
12.95879,927,1079.0,0.1589506001489994,-0.03836739985100059,-0.1370263998510006,0.1589506001489994,,,,
12.959869,927,1079.0,0.1589506001489994,0.060291600148999404,-0.1370263998510006,0.2576096001489994,,,,
12.960948,927,1079.0,0.1589506001489994,0.060291600148999404,-0.1370263998510006,0.3562686001489994,,,,
12.962027,927,1079.0,0.2576096001489994,0.060291600148999404,-0.03836739985100059,0.4549276001489994,,,,
12.963106,927,1079.0,0.2576096001489994,0.060291600148999404,0.060291600148999404,0.5535866001489994,,,,
12.964185,927,1079.0,0.2576096001489994,0.1589506001489994,0.060291600148999404,0.5535866001489994,,,,
12.965264,927,1079.0,0.2576096001489994,0.060291600148999404,-0.03836739985100059,0.4549276001489994,,,,
12.966343,927,1079.0,0.2576096001489994,0.060291600148999404,-0.1370263998510006,0.3562686001489994,,,,
12.967422,927,1079.0,0.1589506001489994,-0.03836739985100059,-0.1370263998510006,0.2576096001489994,,,,
12.968501,927,1079.0,0.1589506001489994,-0.03836739985100059,-0.2356853998510006,0.2576096001489994,,,,
12.96958,927,1079.0,0.1589506001489994,-0.1370263998510006,-0.2356853998510006,0.1589506001489994,,,,
12.970659,927,1079.0,0.1589506001489994,-0.03836739985100059,-0.2356853998510006,0.060291600148999404,,,,
12.971738,927,1079.0,0.060291600148999404,-0.1370263998510006,-0.33434439985100056,-0.03836739985100059,,,,
12.972817,927,1079.0,0.060291600148999404,-0.1370263998510006,-0.33434439985100056,-0.1370263998510006,,,,
12.973896,927,1079.0,0.060291600148999404,-0.2356853998510006,-0.33434439985100056,-0.03836739985100059,,,,
12.974975,927,1079.0,0.060291600148999404,-0.1370263998510006,-0.2356853998510006,0.060291600148999404,,,,
12.976054,927,1079.0,0.1589506001489994,-0.1370263998510006,-0.2356853998510006,0.2576096001489994,,,,
12.977133,927,1079.0,0.1589506001489994,-0.03836739985100059,-0.1370263998510006,0.2576096001489994,,,,
12.978212,927,1079.0,0.1589506001489994,-0.03836739985100059,-0.03836739985100059,0.4549276001489994,,,,
12.979291,927,1079.0,0.1589506001489994,0.060291600148999404,-0.03836739985100059,0.4549276001489994,,,,
12.98037,927,1079.0,0.2576096001489994,0.060291600148999404,0.060291600148999404,0.6522456001489993,,,,
12.981449,927,1079.0,0.2576096001489994,0.060291600148999404,0.1589506001489994,0.7509046001489994,,,,
12.982528,927,1079.0,0.3562686001489994,0.1589506001489994,0.1589506001489994,0.8495636001489993,,,,
12.983607,927,1079.0,0.3562686001489994,0.1589506001489994,0.2576096001489994,0.9482226001489994,,,,
12.984686,927,1079.0,0.2576096001489994,0.2576096001489994,0.2576096001489994,0.8495636001489993,,,,
12.985765,927,1079.0,0.2576096001489994,0.1589506001489994,0.1589506001489994,0.7509046001489994,,,,
12.986844,927,1079.0,0.2576096001489994,0.1589506001489994,0.1589506001489994,0.6522456001489993,,,,
12.987923,927,1079.0,0.1589506001489994,0.060291600148999404,0.060291600148999404,0.6522456001489993,,,,
12.989002,927,1079.0,0.1589506001489994,0.060291600148999404,0.060291600148999404,0.6522456001489993,,,,
12.990081,927,1079.0,0.1589506001489994,0.060291600148999404,0.060291600148999404,0.5535866001489994,,,,
12.99116,927,1079.0,0.1589506001489994,0.060291600148999404,0.060291600148999404,0.4549276001489994,,,,
12.992239,927,1079.0,0.060291600148999404,0.060291600148999404,-0.03836739985100059,0.4549276001489994,,,,
12.993318,927,1079.0,0.060291600148999404,-0.03836739985100059,-0.03836739985100059,0.4549276001489994,,,,
12.994397,927,1079.0,0.060291600148999404,0.060291600148999404,0.060291600148999404,0.5535866001489994,,,,
12.995476,927,1079.0,0.1589506001489994,0.060291600148999404,0.1589506001489994,0.7509046001489994,,,,
12.996555,927,1079.0,0.1589506001489994,0.060291600148999404,0.2576096001489994,0.8495636001489993,,,,
12.997634,927,1079.0,0.1589506001489994,0.1589506001489994,0.2576096001489994,0.9482226001489994,,,,
12.998713,927,1079.0,0.2576096001489994,0.1589506001489994,0.3562686001489994,1.1455406001489994,,,,
12.999792,927,1079.0,0.2576096001489994,0.2576096001489994,0.3562686001489994,1.1455406001489994,,,,
13.000871,927,1079.0,0.2576096001489994,0.2576096001489994,0.4549276001489994,1.2441996001489994,,,,
13.00195,927,1079.0,0.3562686001489994,0.3562686001489994,0.5535866001489994,1.4415176001489993,,,,
13.003029,927,1079.0,0.3562686001489994,0.3562686001489994,0.6522456001489993,1.5401766001489994,,,,
13.004108,927,1079.0,0.3562686001489994,0.3562686001489994,0.6522456001489993,1.5401766001489994,,,,
13.005187,927,1079.0,0.2576096001489994,0.3562686001489994,0.5535866001489994,1.4415176001489993,,,,
13.006266,927,1079.0,0.2576096001489994,0.2576096001489994,0.4549276001489994,1.3428586001489993,,,,
13.007345,927,1079.0,0.2576096001489994,0.2576096001489994,0.4549276001489994,1.2441996001489994,,,,
13.008424,927,1079.0,0.2576096001489994,0.2576096001489994,0.4549276001489994,1.2441996001489994,,,,
13.009503,927,1079.0,0.1589506001489994,0.2576096001489994,0.4549276001489994,1.2441996001489994,,,,
13.010582,927,1079.0,0.1589506001489994,0.1589506001489994,0.3562686001489994,1.1455406001489994,,,,
13.011661,927,1079.0,0.060291600148999404,0.1589506001489994,0.3562686001489994,1.1455406001489994,,,,
13.01274,927,1079.0,0.060291600148999404,0.1589506001489994,0.4549276001489994,1.1455406001489994,,,,
13.013819,927,1079.0,0.1589506001489994,0.1589506001489994,0.4549276001489994,1.1455406001489994,,,,
13.014898,927,1079.0,0.1589506001489994,0.2576096001489994,0.5535866001489994,1.3428586001489993,,,,
13.015977,927,1079.0,0.2576096001489994,0.3562686001489994,0.6522456001489993,1.4415176001489993,,,,
13.017056,927,1079.0,0.2576096001489994,0.3562686001489994,0.7509046001489994,1.6388356001489994,,,,
13.018135,927,1079.0,0.2576096001489994,0.4549276001489994,0.7509046001489994,1.7374946001489993,,,,
13.019214,927,1079.0,0.2576096001489994,0.4549276001489994,0.7509046001489994,1.7374946001489993,,,,
13.020293,927,1079.0,0.3562686001489994,0.4549276001489994,0.8495636001489993,1.8361536001489993,,,,
13.021372,927,1079.0,0.3562686001489994,0.5535866001489994,0.9482226001489994,2.1321306001489995,,,,
13.022451,927,1079.0,0.4549276001489994,0.5535866001489994,1.0468816001489993,2.2307896001489995,,,,
13.02353,927,1079.0,0.4549276001489994,0.5535866001489994,1.0468816001489993,2.1321306001489995,,,,
13.024609,927,1079.0,0.3562686001489994,0.5535866001489994,0.9482226001489994,2.1321306001489995,,,,
13.025688,927,1079.0,0.2576096001489994,0.5535866001489994,0.8495636001489993,1.9348126001489994,,,,
13.026767,927,1079.0,0.2576096001489994,0.4549276001489994,0.8495636001489993,1.9348126001489994,,,,
13.027846,927,1079.0,0.2576096001489994,0.4549276001489994,0.7509046001489994,1.8361536001489993,,,,
13.028925,927,1079.0,0.2576096001489994,0.4549276001489994,0.7509046001489994,1.7374946001489993,,,,
13.030004,927,1079.0,0.2576096001489994,0.3562686001489994,0.7509046001489994,1.7374946001489993,,,,
13.031083,927,1079.0,0.1589506001489994,0.3562686001489994,0.7509046001489994,1.6388356001489994,,,,
13.032162,927,1079.0,0.1589506001489994,0.3562686001489994,0.6522456001489993,1.6388356001489994,,,,
13.033241,927,1079.0,0.1589506001489994,0.3562686001489994,0.7509046001489994,1.7374946001489993,,,,
13.03432,927,1079.0,0.2576096001489994,0.4549276001489994,0.7509046001489994,1.7374946001489993,,,,
13.035399,927,1079.0,0.2576096001489994,0.4549276001489994,0.8495636001489993,1.9348126001489994,,,,
13.036478,927,1079.0,0.2576096001489994,0.4549276001489994,0.9482226001489994,2.1321306001489995,,,,
13.037557,927,1079.0,0.2576096001489994,0.5535866001489994,1.0468816001489993,2.1321306001489995,,,,
13.038636,927,1079.0,0.3562686001489994,0.6522456001489993,1.0468816001489993,2.1321306001489995,,,,
13.039715,927,1079.0,0.3562686001489994,0.6522456001489993,1.0468816001489993,2.2307896001489995,,,,
13.040794,927,1079.0,0.3562686001489994,0.6522456001489993,1.1455406001489994,2.428107600148999,,,,
13.041873,927,1079.0,0.4549276001489994,0.6522456001489993,1.1455406001489994,2.5267666001489992,,,,
13.042952,927,1079.0,0.4549276001489994,0.6522456001489993,1.1455406001489994,2.428107600148999,,,,
13.044031,927,1079.0,0.4549276001489994,0.5535866001489994,1.1455406001489994,2.329448600148999,,,,
13.04511,927,1079.0,0.4549276001489994,0.5535866001489994,1.0468816001489993,2.2307896001489995,,,,
13.046189,927,1079.0,0.3562686001489994,0.5535866001489994,0.9482226001489994,2.1321306001489995,,,,
13.047268,927,1079.0,0.3562686001489994,0.4549276001489994,0.9482226001489994,2.0334716001489994,,,,
13.048347,927,1079.0,0.2576096001489994,0.4549276001489994,0.8495636001489993,2.0334716001489994,,,,
13.049426,927,1079.0,0.2576096001489994,0.4549276001489994,0.8495636001489993,1.8361536001489993,,,,
13.050505,927,1079.0,0.1589506001489994,0.4549276001489994,0.7509046001489994,1.7374946001489993,,,,
13.051584,927,1079.0,0.1589506001489994,0.3562686001489994,0.7509046001489994,1.7374946001489993,,,,
13.052663,927,1079.0,0.1589506001489994,0.3562686001489994,0.7509046001489994,1.7374946001489993,,,,
13.053742,927,1079.0,0.2576096001489994,0.3562686001489994,0.7509046001489994,1.8361536001489993,,,,
13.054821,927,1079.0,0.2576096001489994,0.3562686001489994,0.8495636001489993,1.9348126001489994,,,,
13.0559,927,1079.0,0.2576096001489994,0.4549276001489994,0.8495636001489993,2.0334716001489994,,,,
13.056979,927,1079.0,0.3562686001489994,0.4549276001489994,0.8495636001489993,2.0334716001489994,,,,
13.058058,927,1079.0,0.2576096001489994,0.5535866001489994,0.9482226001489994,2.1321306001489995,,,,
13.059137,927,1079.0,0.3562686001489994,0.4549276001489994,1.0468816001489993,2.1321306001489995,,,,
13.060216,927,1079.0,0.3562686001489994,0.5535866001489994,1.0468816001489993,2.329448600148999,,,,
13.061295,927,1079.0,0.4549276001489994,0.6522456001489993,1.1455406001489994,2.329448600148999,,,,
13.062374,927,1079.0,0.4549276001489994,0.5535866001489994,1.0468816001489993,2.2307896001489995,,,,
13.063453,927,1079.0,0.3562686001489994,0.5535866001489994,0.9482226001489994,2.1321306001489995,,,,
13.064532,927,1079.0,0.3562686001489994,0.5535866001489994,0.8495636001489993,1.9348126001489994,,,,
13.065611,927,1079.0,0.3562686001489994,0.4549276001489994,0.7509046001489994,1.8361536001489993,,,,
13.06669,927,1079.0,0.2576096001489994,0.4549276001489994,0.7509046001489994,1.7374946001489993,,,,
13.067769,927,1079.0,0.2576096001489994,0.3562686001489994,0.6522456001489993,1.6388356001489994,,,,
13.068848,927,1079.0,0.1589506001489994,0.3562686001489994,0.6522456001489993,1.4415176001489993,,,,
13.069927,927,1079.0,0.1589506001489994,0.2576096001489994,0.5535866001489994,1.4415176001489993,,,,
13.071006,927,1079.0,0.1589506001489994,0.2576096001489994,0.5535866001489994,1.2441996001489994,,,,
13.072085,927,1079.0,0.1589506001489994,0.2576096001489994,0.4549276001489994,1.2441996001489994,,,,
13.073164,927,1079.0,0.1589506001489994,0.2576096001489994,0.5535866001489994,1.3428586001489993,,,,
13.074243,927,1079.0,0.1589506001489994,0.3562686001489994,0.5535866001489994,1.4415176001489993,,,,
13.075322,927,1079.0,0.2576096001489994,0.3562686001489994,0.6522456001489993,1.4415176001489993,,,,
13.076401,927,1079.0,0.2576096001489994,0.3562686001489994,0.5535866001489994,1.5401766001489994,,,,
13.07748,927,1079.0,0.2576096001489994,0.3562686001489994,0.5535866001489994,1.5401766001489994,,,,
13.078559,927,1079.0,0.2576096001489994,0.3562686001489994,0.5535866001489994,1.5401766001489994,,,,
13.079638,927,1079.0,0.3562686001489994,0.3562686001489994,0.7509046001489994,1.6388356001489994,,,,
13.080717,927,1079.0,0.4549276001489994,0.4549276001489994,0.7509046001489994,1.7374946001489993,,,,
13.081796,927,1079.0,0.4549276001489994,0.4549276001489994,0.7509046001489994,1.7374946001489993,,,,
13.082875,927,1079.0,0.3562686001489994,0.3562686001489994,0.6522456001489993,1.5401766001489994,,,,
13.083954,927,1079.0,0.3562686001489994,0.3562686001489994,0.6522456001489993,1.3428586001489993,,,,
13.085033,927,1079.0,0.2576096001489994,0.2576096001489994,0.4549276001489994,1.2441996001489994,,,,
13.086112,927,1079.0,0.2576096001489994,0.2576096001489994,0.3562686001489994,1.1455406001489994,,,,
13.087191,927,1079.0,0.1589506001489994,0.1589506001489994,0.3562686001489994,1.0468816001489993,,,,
13.08827,927,1079.0,0.1589506001489994,0.1589506001489994,0.2576096001489994,0.8495636001489993,,,,
13.089349,927,1079.0,0.1589506001489994,0.060291600148999404,0.1589506001489994,0.7509046001489994,,,,
13.090428,927,1079.0,0.060291600148999404,0.060291600148999404,0.060291600148999404,0.6522456001489993,,,,
13.091507,927,1079.0,0.060291600148999404,0.060291600148999404,0.1589506001489994,0.5535866001489994,,,,
13.092586,927,1079.0,0.060291600148999404,0.060291600148999404,0.1589506001489994,0.6522456001489993,,,,
13.093665,927,1079.0,0.1589506001489994,0.060291600148999404,0.1589506001489994,0.7509046001489994,,,,
13.094744,927,1079.0,0.1589506001489994,0.1589506001489994,0.1589506001489994,0.8495636001489993,,,,
13.095823,927,1079.0,0.1589506001489994,0.1589506001489994,0.2576096001489994,0.8495636001489993,,,,
13.096902,927,1079.0,0.2576096001489994,0.1589506001489994,0.1589506001489994,0.8495636001489993,,,,
13.097981,927,1079.0,0.2576096001489994,0.1589506001489994,0.2576096001489994,0.9482226001489994,,,,
13.09906,927,1079.0,0.2576096001489994,0.2576096001489994,0.2576096001489994,0.9482226001489994,,,,
13.100139,927,1079.0,0.2576096001489994,0.2576096001489994,0.3562686001489994,1.0468816001489993,,,,
13.101218,927,1079.0,0.3562686001489994,0.2576096001489994,0.3562686001489994,1.0468816001489993,,,,
13.102297,927,1079.0,0.3562686001489994,0.2576096001489994,0.2576096001489994,0.9482226001489994,,,,
13.103376,927,1079.0,0.2576096001489994,0.1589506001489994,0.1589506001489994,0.7509046001489994,,,,
13.104455,927,1079.0,0.2576096001489994,0.060291600148999404,0.060291600148999404,0.5535866001489994,,,,
13.105534,927,1079.0,0.1589506001489994,0.060291600148999404,-0.03836739985100059,0.5535866001489994,,,,
13.106613,927,1079.0,0.1589506001489994,0.060291600148999404,-0.03836739985100059,0.4549276001489994,,,,
13.107692,927,1079.0,0.1589506001489994,-0.03836739985100059,-0.1370263998510006,0.3562686001489994,,,,
13.108771,927,1079.0,0.060291600148999404,-0.03836739985100059,-0.1370263998510006,0.1589506001489994,,,,
13.10985,927,1079.0,0.060291600148999404,-0.1370263998510006,-0.2356853998510006,0.060291600148999404,,,,
13.110929,927,1079.0,0.060291600148999404,-0.1370263998510006,-0.2356853998510006,0.060291600148999404,,,,
13.112008,927,1079.0,0.060291600148999404,-0.1370263998510006,-0.2356853998510006,0.060291600148999404,,,,
13.113087,927,1079.0,0.060291600148999404,-0.03836739985100059,-0.1370263998510006,0.1589506001489994,,,,
13.114166,927,1079.0,0.060291600148999404,-0.03836739985100059,-0.03836739985100059,0.2576096001489994,,,,
13.115245,927,1079.0,0.1589506001489994,-0.03836739985100059,-0.03836739985100059,0.3562686001489994,,,,
13.116324,927,1079.0,0.1589506001489994,0.060291600148999404,-0.03836739985100059,0.3562686001489994,,,,
13.117403,927,1079.0,0.1589506001489994,0.060291600148999404,-0.03836739985100059,0.4549276001489994,,,,
13.118482,927,1079.0,0.1589506001489994,0.060291600148999404,-0.03836739985100059,0.4549276001489994,,,,
13.119561,927,1079.0,0.2576096001489994,0.1589506001489994,0.060291600148999404,0.5535866001489994,,,,
13.12064,927,1079.0,0.2576096001489994,0.1589506001489994,0.1589506001489994,0.6522456001489993,,,,
13.121719,927,1079.0,0.2576096001489994,0.1589506001489994,0.060291600148999404,0.4549276001489994,,,,
13.122798,927,1079.0,0.2576096001489994,0.060291600148999404,-0.03836739985100059,0.4549276001489994,,,,
13.123877,927,1079.0,0.1589506001489994,0.060291600148999404,-0.1370263998510006,0.2576096001489994,,,,
13.124956,927,1079.0,0.1589506001489994,-0.03836739985100059,-0.1370263998510006,0.1589506001489994,,,,
13.126035,927,1079.0,0.1589506001489994,-0.03836739985100059,-0.2356853998510006,0.060291600148999404,,,,
13.127114,927,1079.0,0.1589506001489994,-0.1370263998510006,-0.2356853998510006,0.060291600148999404,,,,
13.128193,927,1079.0,0.060291600148999404,-0.1370263998510006,-0.33434439985100056,-0.03836739985100059,,,,
13.129272,927,1079.0,0.060291600148999404,-0.1370263998510006,-0.33434439985100056,-0.1370263998510006,,,,
13.130351,927,1079.0,-0.03836739985100059,-0.2356853998510006,-0.43300339985100056,-0.1370263998510006,,,,
13.13143,927,1079.0,-0.03836739985100059,-0.1370263998510006,-0.33434439985100056,-0.1370263998510006,,,,
13.132509,927,1079.0,0.060291600148999404,-0.1370263998510006,-0.2356853998510006,-0.03836739985100059,,,,
13.133588,927,1079.0,0.060291600148999404,-0.1370263998510006,-0.1370263998510006,0.1589506001489994,,,,
13.134667,927,1079.0,0.1589506001489994,-0.03836739985100059,-0.1370263998510006,0.2576096001489994,,,,
13.135746,927,1079.0,0.1589506001489994,-0.03836739985100059,-0.1370263998510006,0.3562686001489994,,,,
13.136825,927,1079.0,0.1589506001489994,-0.03836739985100059,-0.03836739985100059,0.3562686001489994,,,,
13.137904,927,1079.0,0.2576096001489994,0.060291600148999404,-0.03836739985100059,0.3562686001489994,,,,
13.138983,927,1079.0,0.2576096001489994,0.060291600148999404,0.060291600148999404,0.5535866001489994,,,,
13.140062,927,1079.0,0.2576096001489994,0.1589506001489994,0.060291600148999404,0.6522456001489993,,,,
13.141141,927,1079.0,0.3562686001489994,0.060291600148999404,0.060291600148999404,0.6522456001489993,,,,
13.14222,927,1079.0,0.2576096001489994,0.060291600148999404,0.060291600148999404,0.4549276001489994,,,,
13.143299,927,1079.0,0.2576096001489994,0.060291600148999404,-0.03836739985100059,0.3562686001489994,,,,
13.144378,927,1079.0,0.2576096001489994,-0.03836739985100059,-0.1370263998510006,0.3562686001489994,,,,
13.145457,927,1079.0,0.1589506001489994,-0.03836739985100059,-0.1370263998510006,0.2576096001489994,,,,
13.146536,927,1079.0,0.1589506001489994,-0.03836739985100059,-0.1370263998510006,0.2576096001489994,,,,
13.147615,927,1079.0,0.060291600148999404,-0.03836739985100059,-0.2356853998510006,0.1589506001489994,,,,
13.148694,927,1079.0,0.060291600148999404,-0.1370263998510006,-0.2356853998510006,0.1589506001489994,,,,
13.149773,927,1079.0,0.060291600148999404,-0.1370263998510006,-0.2356853998510006,0.060291600148999404,,,,
13.150852,927,1079.0,0.060291600148999404,-0.1370263998510006,-0.2356853998510006,0.1589506001489994,,,,
13.151931,927,1079.0,0.1589506001489994,-0.1370263998510006,-0.1370263998510006,0.2576096001489994,,,,
13.15301,927,1079.0,0.1589506001489994,-0.03836739985100059,-0.03836739985100059,0.4549276001489994,,,,
13.154089,927,1079.0,0.1589506001489994,0.060291600148999404,0.060291600148999404,0.5535866001489994,,,,
13.155168,927,1079.0,0.2576096001489994,0.1589506001489994,0.060291600148999404,0.6522456001489993,,,,
13.156247,927,1079.0,0.2576096001489994,0.060291600148999404,0.1589506001489994,0.7509046001489994,,,,
13.157326,927,1079.0,0.2576096001489994,0.1589506001489994,0.2576096001489994,0.8495636001489993,,,,
13.158405,927,1079.0,0.2576096001489994,0.1589506001489994,0.2576096001489994,1.0468816001489993,,,,
13.159484,927,1079.0,0.3562686001489994,0.2576096001489994,0.3562686001489994,1.0468816001489993,,,,
13.160563,927,1079.0,0.3562686001489994,0.2576096001489994,0.3562686001489994,1.0468816001489993,,,,
13.161642,927,1079.0,0.2576096001489994,0.2576096001489994,0.3562686001489994,1.0468816001489993,,,,
13.162721,927,1079.0,0.2576096001489994,0.2576096001489994,0.2576096001489994,0.9482226001489994,,,,
13.1638,927,1079.0,0.2576096001489994,0.1589506001489994,0.2576096001489994,0.9482226001489994,,,,
13.164879,927,1079.0,0.2576096001489994,0.1589506001489994,0.2576096001489994,0.8495636001489993,,,,
13.165958,927,1079.0,0.2576096001489994,0.1589506001489994,0.2576096001489994,0.8495636001489993,,,,
13.167037,927,1079.0,0.1589506001489994,0.1589506001489994,0.1589506001489994,0.7509046001489994,,,,
13.168116,927,1079.0,0.1589506001489994,0.060291600148999404,0.1589506001489994,0.7509046001489994,,,,
13.169195,927,1079.0,0.1589506001489994,0.060291600148999404,0.1589506001489994,0.7509046001489994,,,,
13.170274,927,1079.0,0.1589506001489994,0.060291600148999404,0.1589506001489994,0.8495636001489993,,,,
13.171353,927,1079.0,0.1589506001489994,0.060291600148999404,0.2576096001489994,0.9482226001489994,,,,
13.172432,927,1079.0,0.1589506001489994,0.1589506001489994,0.3562686001489994,1.0468816001489993,,,,
13.173511,927,1079.0,0.2576096001489994,0.2576096001489994,0.3562686001489994,1.1455406001489994,,,,
13.17459,927,1079.0,0.2576096001489994,0.2576096001489994,0.4549276001489994,1.2441996001489994,,,,
13.175669,927,1079.0,0.2576096001489994,0.3562686001489994,0.5535866001489994,1.3428586001489993,,,,
13.176748,927,1079.0,0.3562686001489994,0.3562686001489994,0.6522456001489993,1.4415176001489993,,,,
13.177827,927,1079.0,0.3562686001489994,0.3562686001489994,0.7509046001489994,1.6388356001489994,,,,
13.178906,927,1079.0,0.4549276001489994,0.4549276001489994,0.7509046001489994,1.8361536001489993,,,,
13.179985,927,1079.0,0.4549276001489994,0.4549276001489994,0.8495636001489993,1.8361536001489993,,,,
13.181064,927,1079.0,0.3562686001489994,0.4549276001489994,0.7509046001489994,1.7374946001489993,,,,
13.182143,927,1079.0,0.3562686001489994,0.4549276001489994,0.7509046001489994,1.6388356001489994,,,,
13.183222,927,1079.0,0.2576096001489994,0.3562686001489994,0.6522456001489993,1.6388356001489994,,,,
13.184301,927,1079.0,0.2576096001489994,0.3562686001489994,0.6522456001489993,1.5401766001489994,,,,
13.18538,927,1079.0,0.2576096001489994,0.3562686001489994,0.6522456001489993,1.5401766001489994,,,,
13.186459,927,1079.0,0.2576096001489994,0.2576096001489994,0.5535866001489994,1.5401766001489994,,,,
13.187538,927,1079.0,0.1589506001489994,0.2576096001489994,0.5535866001489994,1.3428586001489993,,,,
13.188617,927,1079.0,0.060291600148999404,0.2576096001489994,0.4549276001489994,1.3428586001489993,,,,
13.189696,927,1079.0,0.1589506001489994,0.2576096001489994,0.5535866001489994,1.3428586001489993,,,,
13.190775,927,1079.0,0.1589506001489994,0.2576096001489994,0.6522456001489993,1.5401766001489994,,,,
13.191854,927,1079.0,0.2576096001489994,0.3562686001489994,0.7509046001489994,1.6388356001489994,,,,
13.192933,927,1079.0,0.2576096001489994,0.4549276001489994,0.6522456001489993,1.7374946001489993,,,,
13.194012,927,1079.0,0.2576096001489994,0.4549276001489994,0.7509046001489994,1.8361536001489993,,,,
13.195091,927,1079.0,0.3562686001489994,0.4549276001489994,0.8495636001489993,2.0334716001489994,,,,
13.19617,927,1079.0,0.3562686001489994,0.4549276001489994,0.8495636001489993,2.0334716001489994,,,,
13.197249,927,1079.0,0.3562686001489994,0.5535866001489994,1.0468816001489993,2.2307896001489995,,,,
13.198328,927,1079.0,0.4549276001489994,0.6522456001489993,1.0468816001489993,2.329448600148999,,,,
13.199407,927,1079.0,0.4549276001489994,0.6522456001489993,1.1455406001489994,2.329448600148999,,,,
13.200486,927,1079.0,0.4549276001489994,0.5535866001489994,1.0468816001489993,2.2307896001489995,,,,
13.201565,927,1079.0,0.3562686001489994,0.5535866001489994,1.0468816001489993,2.1321306001489995,,,,
13.202644,927,1079.0,0.3562686001489994,0.5535866001489994,0.9482226001489994,2.0334716001489994,,,,
13.203723,927,1079.0,0.3562686001489994,0.5535866001489994,0.9482226001489994,1.9348126001489994,,,,
13.204802,927,1079.0,0.3562686001489994,0.4549276001489994,0.8495636001489993,2.0334716001489994,,,,
13.205881,927,1079.0,0.2576096001489994,0.4549276001489994,0.8495636001489993,1.8361536001489993,,,,
13.20696,927,1079.0,0.2576096001489994,0.4549276001489994,0.8495636001489993,1.8361536001489993,,,,
13.208039,927,1079.0,0.2576096001489994,0.3562686001489994,0.7509046001489994,1.7374946001489993,,,,
13.209118,927,1079.0,0.1589506001489994,0.3562686001489994,0.7509046001489994,1.7374946001489993,,,,
13.210197,927,1079.0,0.2576096001489994,0.3562686001489994,0.8495636001489993,1.8361536001489993,,,,
13.211276,927,1079.0,0.2576096001489994,0.4549276001489994,0.8495636001489993,1.9348126001489994,,,,
13.212355,927,1079.0,0.2576096001489994,0.4549276001489994,0.9482226001489994,2.0334716001489994,,,,
13.213434,927,1079.0,0.3562686001489994,0.4549276001489994,0.9482226001489994,2.1321306001489995,,,,
13.214513,927,1079.0,0.3562686001489994,0.5535866001489994,1.0468816001489993,2.2307896001489995,,,,
13.215592,927,1079.0,0.3562686001489994,0.5535866001489994,1.0468816001489993,2.2307896001489995,,,,
13.216671,927,1079.0,0.3562686001489994,0.5535866001489994,1.0468816001489993,2.2307896001489995,,,,
13.21775,927,1079.0,0.4549276001489994,0.6522456001489993,1.1455406001489994,2.428107600148999,,,,
13.218829,927,1079.0,0.4549276001489994,0.6522456001489993,1.1455406001489994,2.428107600148999,,,,
13.219908,927,1079.0,0.4549276001489994,0.6522456001489993,1.0468816001489993,2.329448600148999,,,,
13.220987,927,1079.0,0.3562686001489994,0.6522456001489993,1.0468816001489993,2.2307896001489995,,,,
13.222066,927,1079.0,0.3562686001489994,0.5535866001489994,0.9482226001489994,2.1321306001489995,,,,
13.223145,927,1079.0,0.3562686001489994,0.4549276001489994,0.8495636001489993,1.9348126001489994,,,,
13.224224,927,1079.0,0.2576096001489994,0.5535866001489994,0.8495636001489993,1.9348126001489994,,,,
13.225303,927,1079.0,0.2576096001489994,0.4549276001489994,0.8495636001489993,1.8361536001489993,,,,
13.226382,927,1079.0,0.2576096001489994,0.3562686001489994,0.7509046001489994,1.7374946001489993,,,,
13.227461,927,1079.0,0.1589506001489994,0.3562686001489994,0.7509046001489994,1.6388356001489994,,,,
13.22854,927,1079.0,0.1589506001489994,0.3562686001489994,0.6522456001489993,1.5401766001489994,,,,
13.229619,927,1079.0,0.1589506001489994,0.3562686001489994,0.7509046001489994,1.5401766001489994,,,,
13.230698,927,1079.0,0.2576096001489994,0.3562686001489994,0.7509046001489994,1.6388356001489994,,,,
13.231777,927,1079.0,0.2576096001489994,0.3562686001489994,0.8495636001489993,1.7374946001489993,,,,
13.232856,927,1079.0,0.2576096001489994,0.3562686001489994,0.8495636001489993,1.8361536001489993,,,,
13.233935,927,1079.0,0.2576096001489994,0.4549276001489994,0.8495636001489993,1.8361536001489993,,,,
13.235014,927,1079.0,0.3562686001489994,0.4549276001489994,0.7509046001489994,1.9348126001489994,,,,
13.236093,927,1079.0,0.3562686001489994,0.5535866001489994,0.8495636001489993,1.9348126001489994,,,,
13.237172,927,1079.0,0.4549276001489994,0.5535866001489994,0.9482226001489994,2.1321306001489995,,,,
13.238251,927,1079.0,0.4549276001489994,0.5535866001489994,0.9482226001489994,2.1321306001489995,,,,
13.23933,927,1079.0,0.3562686001489994,0.5535866001489994,0.9482226001489994,2.0334716001489994,,,,
13.240409,927,1079.0,0.3562686001489994,0.4549276001489994,0.8495636001489993,1.8361536001489993,,,,
13.241488,927,1079.0,0.2576096001489994,0.4549276001489994,0.7509046001489994,1.6388356001489994,,,,
13.242567,927,1079.0,0.2576096001489994,0.3562686001489994,0.6522456001489993,1.5401766001489994,,,,
13.243646,927,1079.0,0.2576096001489994,0.3562686001489994,0.5535866001489994,1.4415176001489993,,,,
13.244725,927,1079.0,0.2576096001489994,0.2576096001489994,0.5535866001489994,1.3428586001489993,,,,
13.245804,927,1079.0,0.1589506001489994,0.2576096001489994,0.4549276001489994,1.2441996001489994,,,,
13.246883,927,1079.0,0.1589506001489994,0.2576096001489994,0.3562686001489994,1.1455406001489994,,,,
13.247962,927,1079.0,0.1589506001489994,0.1589506001489994,0.3562686001489994,1.0468816001489993,,,,
13.249041,927,1079.0,0.060291600148999404,0.1589506001489994,0.3562686001489994,1.0468816001489993,,,,
13.25012,927,1079.0,0.1589506001489994,0.1589506001489994,0.3562686001489994,1.1455406001489994,,,,
13.251199,927,1079.0,0.1589506001489994,0.2576096001489994,0.3562686001489994,1.1455406001489994,,,,
13.252278,927,1079.0,0.1589506001489994,0.2576096001489994,0.4549276001489994,1.2441996001489994,,,,
13.253357,927,1079.0,0.2576096001489994,0.2576096001489994,0.4549276001489994,1.2441996001489994,,,,
13.254436,927,1079.0,0.2576096001489994,0.2576096001489994,0.5535866001489994,1.3428586001489993,,,,
13.255515,927,1079.0,0.2576096001489994,0.2576096001489994,0.4549276001489994,1.3428586001489993,,,,
13.256594,927,1079.0,0.3562686001489994,0.3562686001489994,0.5535866001489994,1.3428586001489993,,,,
13.257673,927,1079.0,0.3562686001489994,0.3562686001489994,0.5535866001489994,1.4415176001489993,,,,
13.258752,927,1079.0,0.3562686001489994,0.3562686001489994,0.5535866001489994,1.3428586001489993,,,,
13.259831,927,1079.0,0.3562686001489994,0.2576096001489994,0.4549276001489994,1.2441996001489994,,,,
13.26091,927,1079.0,0.2576096001489994,0.2576096001489994,0.3562686001489994,1.0468816001489993,,,,
13.261989,927,1079.0,0.2576096001489994,0.1589506001489994,0.2576096001489994,0.9482226001489994,,,,
13.263068,927,1079.0,0.1589506001489994,0.1589506001489994,0.1589506001489994,0.8495636001489993,,,,
13.264147,927,1079.0,0.1589506001489994,0.1589506001489994,0.1589506001489994,0.6522456001489993,,,,
13.265226,927,1079.0,0.1589506001489994,0.060291600148999404,0.060291600148999404,0.5535866001489994,,,,
13.266305,927,1079.0,0.1589506001489994,0.060291600148999404,0.060291600148999404,0.4549276001489994,,,,
13.267384,927,1079.0,0.060291600148999404,-0.03836739985100059,-0.03836739985100059,0.3562686001489994,,,,
13.268463,927,1079.0,0.060291600148999404,-0.03836739985100059,-0.03836739985100059,0.3562686001489994,,,,
13.269542,927,1079.0,0.1589506001489994,-0.03836739985100059,-0.03836739985100059,0.4549276001489994,,,,
13.270621,927,1079.0,0.1589506001489994,0.060291600148999404,0.060291600148999404,0.4549276001489994,,,,
13.2717,927,1079.0,0.2576096001489994,0.060291600148999404,0.060291600148999404,0.5535866001489994,,,,
13.272779,927,1079.0,0.2576096001489994,0.060291600148999404,0.060291600148999404,0.6522456001489993,,,,
13.273858,927,1079.0,0.2576096001489994,0.060291600148999404,0.1589506001489994,0.6522456001489993,,,,
13.274937,927,1079.0,0.2576096001489994,0.060291600148999404,0.1589506001489994,0.6522456001489993,,,,
13.276016,927,1079.0,0.2576096001489994,0.1589506001489994,0.1589506001489994,0.8495636001489993,,,,
13.277095,927,1079.0,0.3562686001489994,0.1589506001489994,0.1589506001489994,0.8495636001489993,,,,
13.278174,927,1079.0,0.3562686001489994,0.1589506001489994,0.1589506001489994,0.7509046001489994,,,,
13.279253,927,1079.0,0.2576096001489994,0.1589506001489994,0.060291600148999404,0.6522456001489993,,,,
13.280332,927,1079.0,0.2576096001489994,0.1589506001489994,0.060291600148999404,0.4549276001489994,,,,
13.281411,927,1079.0,0.1589506001489994,0.060291600148999404,-0.03836739985100059,0.3562686001489994,,,,
13.28249,927,1079.0,0.1589506001489994,0.060291600148999404,-0.1370263998510006,0.2576096001489994,,,,
13.283569,927,1079.0,0.1589506001489994,-0.03836739985100059,-0.1370263998510006,0.2576096001489994,,,,
13.284648,927,1079.0,0.060291600148999404,-0.1370263998510006,-0.2356853998510006,0.060291600148999404,,,,
13.285727,927,1079.0,0.060291600148999404,-0.1370263998510006,-0.33434439985100056,0.060291600148999404,,,,
13.286806,927,1079.0,0.060291600148999404,-0.1370263998510006,-0.33434439985100056,-0.03836739985100059,,,,
13.287885,927,1079.0,0.060291600148999404,-0.1370263998510006,-0.33434439985100056,-0.03836739985100059,,,,
13.288964,927,1079.0,0.060291600148999404,-0.1370263998510006,-0.33434439985100056,-0.03836739985100059,,,,
13.290043,927,1079.0,0.060291600148999404,-0.1370263998510006,-0.2356853998510006,0.060291600148999404,,,,
13.291122,927,1079.0,0.060291600148999404,-0.03836739985100059,-0.1370263998510006,0.1589506001489994,,,,
13.292201,927,1079.0,0.1589506001489994,-0.03836739985100059,-0.1370263998510006,0.2576096001489994,,,,
13.29328,927,1079.0,0.1589506001489994,0.060291600148999404,-0.1370263998510006,0.2576096001489994,,,,
13.294359,927,1079.0,0.1589506001489994,0.060291600148999404,-0.1370263998510006,0.3562686001489994,,,,
13.295438,927,1079.0,0.2576096001489994,0.060291600148999404,-0.03836739985100059,0.4549276001489994,,,,
13.296517,927,1079.0,0.2576096001489994,0.1589506001489994,0.060291600148999404,0.5535866001489994,,,,
13.297596,927,1079.0,0.2576096001489994,0.1589506001489994,0.060291600148999404,0.5535866001489994,,,,
13.298675,927,1079.0,0.2576096001489994,0.060291600148999404,-0.03836739985100059,0.4549276001489994,,,,
13.299754,927,1079.0,0.2576096001489994,0.060291600148999404,-0.1370263998510006,0.3562686001489994,,,,
13.300833,927,1079.0,0.1589506001489994,0.060291600148999404,-0.1370263998510006,0.2576096001489994,,,,
13.301912,927,1079.0,0.1589506001489994,-0.03836739985100059,-0.2356853998510006,0.1589506001489994,,,,
13.302991,927,1079.0,0.1589506001489994,-0.03836739985100059,-0.2356853998510006,0.1589506001489994,,,,
13.30407,927,1079.0,0.060291600148999404,-0.03836739985100059,-0.2356853998510006,0.060291600148999404,,,,
13.305149,927,1079.0,0.060291600148999404,-0.1370263998510006,-0.33434439985100056,-0.03836739985100059,,,,
13.306228,927,1079.0,0.060291600148999404,-0.1370263998510006,-0.33434439985100056,-0.1370263998510006,,,,
13.307307,927,1079.0,0.060291600148999404,-0.1370263998510006,-0.33434439985100056,-0.03836739985100059,,,,
13.308386,927,1079.0,0.060291600148999404,-0.1370263998510006,-0.33434439985100056,0.060291600148999404,,,,
13.309465,927,1079.0,0.060291600148999404,-0.1370263998510006,-0.1370263998510006,0.1589506001489994,,,,
13.310544,927,1079.0,0.1589506001489994,-0.03836739985100059,-0.1370263998510006,0.2576096001489994,,,,
13.311623,927,1079.0,0.1589506001489994,-0.03836739985100059,-0.03836739985100059,0.2576096001489994,,,,
13.312702,927,1079.0,0.1589506001489994,0.060291600148999404,-0.03836739985100059,0.3562686001489994,,,,
13.313781,927,1079.0,0.1589506001489994,0.060291600148999404,-0.03836739985100059,0.4549276001489994,,,,
13.31486,927,1079.0,0.2576096001489994,0.1589506001489994,0.060291600148999404,0.6522456001489993,,,,
13.315939,927,1079.0,0.3562686001489994,0.1589506001489994,0.1589506001489994,0.8495636001489993,,,,
13.317018,927,1079.0,0.3562686001489994,0.1589506001489994,0.1589506001489994,0.7509046001489994,,,,
13.318097,927,1079.0,0.2576096001489994,0.1589506001489994,0.060291600148999404,0.6522456001489993,,,,
13.319176,927,1079.0,0.2576096001489994,0.060291600148999404,0.060291600148999404,0.6522456001489993,,,,
13.320255,927,1079.0,0.2576096001489994,0.060291600148999404,0.060291600148999404,0.5535866001489994,,,,
13.321334,927,1079.0,0.1589506001489994,0.060291600148999404,-0.03836739985100059,0.4549276001489994,,,,
13.322413,927,1079.0,0.1589506001489994,-0.03836739985100059,-0.03836739985100059,0.3562686001489994,,,,
13.323492,927,1079.0,0.1589506001489994,-0.03836739985100059,-0.03836739985100059,0.4549276001489994,,,,
13.324571,927,1079.0,0.1589506001489994,-0.03836739985100059,-0.03836739985100059,0.3562686001489994,,,,
13.32565,927,1079.0,0.1589506001489994,-0.03836739985100059,-0.1370263998510006,0.2576096001489994,,,,
13.326729,927,1079.0,0.1589506001489994,-0.03836739985100059,-0.1370263998510006,0.2576096001489994,,,,
13.327808,927,1079.0,0.1589506001489994,-0.03836739985100059,-0.03836739985100059,0.4549276001489994,,,,
13.328887,927,1079.0,0.1589506001489994,0.060291600148999404,0.060291600148999404,0.5535866001489994,,,,
13.329966,927,1079.0,0.2576096001489994,0.060291600148999404,0.1589506001489994,0.7509046001489994,,,,
13.331045,927,1079.0,0.2576096001489994,0.060291600148999404,0.2576096001489994,0.8495636001489993,,,,
13.332124,927,1079.0,0.2576096001489994,0.1589506001489994,0.2576096001489994,0.9482226001489994,,,,
13.333203,927,1079.0,0.2576096001489994,0.1589506001489994,0.2576096001489994,1.0468816001489993,,,,
13.334282,927,1079.0,0.2576096001489994,0.2576096001489994,0.3562686001489994,1.1455406001489994,,,,
13.335361,927,1079.0,0.3562686001489994,0.3562686001489994,0.4549276001489994,1.3428586001489993,,,,
13.33644,927,1079.0,0.3562686001489994,0.4549276001489994,0.5535866001489994,1.3428586001489993,,,,
13.337519,927,1079.0,0.3562686001489994,0.3562686001489994,0.5535866001489994,1.3428586001489993,,,,
13.338598,927,1079.0,0.3562686001489994,0.3562686001489994,0.4549276001489994,1.2441996001489994,,,,
13.339677,927,1079.0,0.3562686001489994,0.2576096001489994,0.4549276001489994,1.2441996001489994,,,,
13.340756,927,1079.0,0.2576096001489994,0.2576096001489994,0.3562686001489994,1.1455406001489994,,,,
13.341835,927,1079.0,0.2576096001489994,0.1589506001489994,0.3562686001489994,1.1455406001489994,,,,
13.342914,927,1079.0,0.1589506001489994,0.2576096001489994,0.3562686001489994,1.1455406001489994,,,,
13.343993,927,1079.0,0.1589506001489994,0.1589506001489994,0.2576096001489994,1.0468816001489993,,,,
13.345072,927,1079.0,0.1589506001489994,0.1589506001489994,0.2576096001489994,0.9482226001489994,,,,
13.346151,927,1079.0,0.1589506001489994,0.1589506001489994,0.2576096001489994,0.9482226001489994,,,,
13.34723,927,1079.0,0.1589506001489994,0.1589506001489994,0.3562686001489994,1.0468816001489993,,,,
13.348309,927,1079.0,0.1589506001489994,0.2576096001489994,0.3562686001489994,1.2441996001489994,,,,
13.349388,927,1079.0,0.2576096001489994,0.2576096001489994,0.4549276001489994,1.3428586001489993,,,,
13.350467,927,1079.0,0.2576096001489994,0.3562686001489994,0.6522456001489993,1.5401766001489994,,,,
13.351546,927,1079.0,0.2576096001489994,0.3562686001489994,0.6522456001489993,1.6388356001489994,,,,
13.352625,927,1079.0,0.3562686001489994,0.3562686001489994,0.7509046001489994,1.7374946001489993,,,,
13.353704,927,1079.0,0.2576096001489994,0.4549276001489994,0.7509046001489994,1.7374946001489993,,,,
13.354783,927,1079.0,0.3562686001489994,0.4549276001489994,0.8495636001489993,1.9348126001489994,,,,
13.355862,927,1079.0,0.4549276001489994,0.5535866001489994,0.9482226001489994,2.0334716001489994,,,,
13.356941,927,1079.0,0.3562686001489994,0.5535866001489994,0.8495636001489993,2.0334716001489994,,,,
13.35802,927,1079.0,0.3562686001489994,0.5535866001489994,0.9482226001489994,1.9348126001489994,,,,
13.359099,927,1079.0,0.3562686001489994,0.4549276001489994,0.8495636001489993,1.8361536001489993,,,,
13.360178,927,1079.0,0.3562686001489994,0.4549276001489994,0.7509046001489994,1.8361536001489993,,,,
13.361257,927,1079.0,0.2576096001489994,0.4549276001489994,0.7509046001489994,1.7374946001489993,,,,
13.362336,927,1079.0,0.2576096001489994,0.3562686001489994,0.7509046001489994,1.6388356001489994,,,,
13.363415,927,1079.0,0.2576096001489994,0.3562686001489994,0.6522456001489993,1.6388356001489994,,,,
13.364494,927,1079.0,0.2576096001489994,0.3562686001489994,0.6522456001489993,1.5401766001489994,,,,
13.365573,927,1079.0,0.1589506001489994,0.3562686001489994,0.6522456001489993,1.5401766001489994,,,,
13.366652,927,1079.0,0.1589506001489994,0.3562686001489994,0.6522456001489993,1.6388356001489994,,,,
13.367731,927,1079.0,0.2576096001489994,0.3562686001489994,0.7509046001489994,1.7374946001489993,,,,
13.36881,927,1079.0,0.2576096001489994,0.4549276001489994,0.8495636001489993,1.8361536001489993,,,,
13.369889,927,1079.0,0.2576096001489994,0.4549276001489994,0.8495636001489993,1.9348126001489994,,,,
13.370968,927,1079.0,0.3562686001489994,0.4549276001489994,0.8495636001489993,2.1321306001489995,,,,
13.372047,927,1079.0,0.3562686001489994,0.4549276001489994,0.9482226001489994,2.2307896001489995,,,,
13.373126,927,1079.0,0.3562686001489994,0.5535866001489994,1.0468816001489993,2.2307896001489995,,,,
13.374205,927,1079.0,0.3562686001489994,0.6522456001489993,1.1455406001489994,2.329448600148999,,,,
13.375284,927,1079.0,0.4549276001489994,0.6522456001489993,1.1455406001489994,2.428107600148999,,,,
13.376363,927,1079.0,0.4549276001489994,0.6522456001489993,1.1455406001489994,2.428107600148999,,,,
13.377442,927,1079.0,0.3562686001489994,0.5535866001489994,1.0468816001489993,2.329448600148999,,,,
13.378521,927,1079.0,0.3562686001489994,0.5535866001489994,1.0468816001489993,2.2307896001489995,,,,
13.3796,927,1079.0,0.3562686001489994,0.5535866001489994,1.0468816001489993,2.1321306001489995,,,,
13.380679,927,1079.0,0.3562686001489994,0.4549276001489994,0.9482226001489994,2.1321306001489995,,,,
13.381758,927,1079.0,0.2576096001489994,0.4549276001489994,0.9482226001489994,2.0334716001489994,,,,
13.382837,927,1079.0,0.2576096001489994,0.4549276001489994,0.8495636001489993,1.8361536001489993,,,,
13.383916,927,1079.0,0.2576096001489994,0.3562686001489994,0.8495636001489993,1.8361536001489993,,,,
13.384995,927,1079.0,0.1589506001489994,0.3562686001489994,0.7509046001489994,1.7374946001489993,,,,
13.386074,927,1079.0,0.1589506001489994,0.3562686001489994,0.7509046001489994,1.7374946001489993,,,,
13.387153,927,1079.0,0.1589506001489994,0.4549276001489994,0.8495636001489993,1.7374946001489993,,,,
13.388232,927,1079.0,0.2576096001489994,0.4549276001489994,0.8495636001489993,1.9348126001489994,,,,
13.389311,927,1079.0,0.2576096001489994,0.4549276001489994,0.9482226001489994,2.0334716001489994,,,,
13.39039,927,1079.0,0.3562686001489994,0.4549276001489994,0.9482226001489994,2.1321306001489995,,,,
13.391469,927,1079.0,0.3562686001489994,0.5535866001489994,1.0468816001489993,2.1321306001489995,,,,
13.392548,927,1079.0,0.3562686001489994,0.5535866001489994,1.0468816001489993,2.1321306001489995,,,,
13.393627,927,1079.0,0.4549276001489994,0.5535866001489994,1.0468816001489993,2.329448600148999,,,,
13.394706,927,1079.0,0.4549276001489994,0.6522456001489993,1.1455406001489994,2.428107600148999,,,,
13.395785,927,1079.0,0.4549276001489994,0.5535866001489994,1.1455406001489994,2.329448600148999,,,,
13.396864,927,1079.0,0.4549276001489994,0.6522456001489993,1.0468816001489993,2.2307896001489995,,,,
13.397943,927,1079.0,0.3562686001489994,0.5535866001489994,0.9482226001489994,2.1321306001489995,,,,
13.399022,927,1079.0,0.3562686001489994,0.4549276001489994,0.8495636001489993,2.0334716001489994,,,,
13.400101,927,1079.0,0.2576096001489994,0.4549276001489994,0.8495636001489993,1.8361536001489993,,,,
13.40118,927,1079.0,0.2576096001489994,0.4549276001489994,0.7509046001489994,1.7374946001489993,,,,
13.402259,927,1079.0,0.2576096001489994,0.3562686001489994,0.6522456001489993,1.6388356001489994,,,,
13.403338,927,1079.0,0.1589506001489994,0.3562686001489994,0.6522456001489993,1.5401766001489994,,,,
13.404417,927,1079.0,0.1589506001489994,0.2576096001489994,0.5535866001489994,1.3428586001489993,,,,
13.405496,927,1079.0,0.1589506001489994,0.2576096001489994,0.5535866001489994,1.4415176001489993,,,,
13.406575,927,1079.0,0.1589506001489994,0.2576096001489994,0.5535866001489994,1.4415176001489993,,,,
13.407654,927,1079.0,0.2576096001489994,0.3562686001489994,0.5535866001489994,1.5401766001489994,,,,
13.408733,927,1079.0,0.2576096001489994,0.3562686001489994,0.7509046001489994,1.6388356001489994,,,,
13.409812,927,1079.0,0.2576096001489994,0.3562686001489994,0.6522456001489993,1.6388356001489994,,,,
13.410891,927,1079.0,0.2576096001489994,0.4549276001489994,0.7509046001489994,1.6388356001489994,,,,
13.41197,927,1079.0,0.3562686001489994,0.4549276001489994,0.7509046001489994,1.6388356001489994,,,,
13.413049,927,1079.0,0.3562686001489994,0.4549276001489994,0.7509046001489994,1.7374946001489993,,,,
13.414128,927,1079.0,0.4549276001489994,0.4549276001489994,0.8495636001489993,1.9348126001489994,,,,
13.415207,927,1079.0,0.3562686001489994,0.5535866001489994,0.7509046001489994,1.8361536001489993,,,,
13.416286,927,1079.0,0.3562686001489994,0.4549276001489994,0.7509046001489994,1.6388356001489994,,,,
13.417365,927,1079.0,0.2576096001489994,0.3562686001489994,0.6522456001489993,1.5401766001489994,,,,
13.418444,927,1079.0,0.2576096001489994,0.3562686001489994,0.5535866001489994,1.4415176001489993,,,,
13.419523,927,1079.0,0.2576096001489994,0.2576096001489994,0.4549276001489994,1.2441996001489994,,,,
13.420602,927,1079.0,0.2576096001489994,0.2576096001489994,0.4549276001489994,1.2441996001489994,,,,
13.421681,927,1079.0,0.1589506001489994,0.2576096001489994,0.3562686001489994,1.0468816001489993,,,,
13.42276,927,1079.0,0.1589506001489994,0.1589506001489994,0.2576096001489994,0.9482226001489994,,,,
13.423839,927,1079.0,0.060291600148999404,0.1589506001489994,0.2576096001489994,0.7509046001489994,,,,
13.424918,927,1079.0,0.1589506001489994,0.060291600148999404,0.1589506001489994,0.7509046001489994,,,,
13.425997,927,1079.0,0.060291600148999404,0.1589506001489994,0.2576096001489994,0.8495636001489993,,,,
13.427076,927,1079.0,0.1589506001489994,0.1589506001489994,0.2576096001489994,0.8495636001489993,,,,
13.428155,927,1079.0,0.1589506001489994,0.1589506001489994,0.2576096001489994,0.9482226001489994,,,,
13.429234,927,1079.0,0.2576096001489994,0.1589506001489994,0.2576096001489994,0.9482226001489994,,,,
13.430313,927,1079.0,0.2576096001489994,0.2576096001489994,0.3562686001489994,0.9482226001489994,,,,
13.431392,927,1079.0,0.2576096001489994,0.2576096001489994,0.3562686001489994,0.9482226001489994,,,,
13.432471,927,1079.0,0.2576096001489994,0.2576096001489994,0.3562686001489994,1.0468816001489993,,,,
13.43355,927,1079.0,0.3562686001489994,0.2576096001489994,0.3562686001489994,1.1455406001489994,,,,
13.434629,927,1079.0,0.3562686001489994,0.2576096001489994,0.4549276001489994,1.1455406001489994,,,,
13.435708,927,1079.0,0.2576096001489994,0.2576096001489994,0.3562686001489994,1.0468816001489993,,,,
13.436787,927,1079.0,0.2576096001489994,0.1589506001489994,0.2576096001489994,0.8495636001489993,,,,
13.437866,927,1079.0,0.2576096001489994,0.1589506001489994,0.1589506001489994,0.7509046001489994,,,,
13.438945,927,1079.0,0.1589506001489994,0.1589506001489994,0.060291600148999404,0.5535866001489994,,,,
13.440024,927,1079.0,0.1589506001489994,0.060291600148999404,0.060291600148999404,0.4549276001489994,,,,
13.441103,927,1079.0,0.1589506001489994,0.060291600148999404,-0.03836739985100059,0.3562686001489994,,,,
13.442182,927,1079.0,0.060291600148999404,-0.03836739985100059,-0.1370263998510006,0.2576096001489994,,,,
13.443261,927,1079.0,0.060291600148999404,-0.03836739985100059,-0.1370263998510006,0.1589506001489994,,,,
13.44434,927,1079.0,0.060291600148999404,-0.1370263998510006,-0.2356853998510006,0.060291600148999404,,,,
13.445419,927,1079.0,0.060291600148999404,-0.1370263998510006,-0.1370263998510006,0.1589506001489994,,,,
13.446498,927,1079.0,0.060291600148999404,-0.03836739985100059,-0.1370263998510006,0.2576096001489994,,,,
13.447577,927,1079.0,0.1589506001489994,-0.03836739985100059,-0.03836739985100059,0.3562686001489994,,,,
13.448656,927,1079.0,0.1589506001489994,-0.03836739985100059,-0.03836739985100059,0.3562686001489994,,,,
13.449735,927,1079.0,0.1589506001489994,0.060291600148999404,-0.03836739985100059,0.4549276001489994,,,,
13.450814,927,1079.0,0.2576096001489994,0.060291600148999404,0.060291600148999404,0.4549276001489994,,,,
13.451893,927,1079.0,0.2576096001489994,0.060291600148999404,-0.03836739985100059,0.5535866001489994,,,,
13.452972,927,1079.0,0.2576096001489994,0.060291600148999404,0.060291600148999404,0.6522456001489993,,,,
13.454051,927,1079.0,0.2576096001489994,0.1589506001489994,0.1589506001489994,0.6522456001489993,,,,
13.45513,927,1079.0,0.2576096001489994,0.060291600148999404,0.060291600148999404,0.5535866001489994,,,,
13.456209,927,1079.0,0.2576096001489994,0.060291600148999404,-0.03836739985100059,0.4549276001489994,,,,
13.457288,927,1079.0,0.1589506001489994,0.060291600148999404,-0.03836739985100059,0.3562686001489994,,,,
13.458367,927,1079.0,0.1589506001489994,-0.03836739985100059,-0.1370263998510006,0.2576096001489994,,,,
13.459446,927,1079.0,0.1589506001489994,-0.03836739985100059,-0.2356853998510006,0.1589506001489994,,,,
13.460525,927,1079.0,0.060291600148999404,-0.03836739985100059,-0.2356853998510006,0.060291600148999404,,,,
13.461604,927,1079.0,0.060291600148999404,-0.1370263998510006,-0.33434439985100056,-0.03836739985100059,,,,
13.462683,927,1079.0,0.060291600148999404,-0.1370263998510006,-0.33434439985100056,-0.03836739985100059,,,,
13.463762,927,1079.0,0.060291600148999404,-0.2356853998510006,-0.43300339985100056,-0.1370263998510006,,,,
13.464841,927,1079.0,0.060291600148999404,-0.1370263998510006,-0.43300339985100056,-0.1370263998510006,,,,
13.46592,927,1079.0,0.060291600148999404,-0.1370263998510006,-0.33434439985100056,-0.03836739985100059,,,,
13.466999,927,1079.0,0.060291600148999404,-0.1370263998510006,-0.2356853998510006,0.060291600148999404,,,,
13.468078,927,1079.0,0.1589506001489994,-0.1370263998510006,-0.2356853998510006,0.1589506001489994,,,,
13.469157,927,1079.0,0.1589506001489994,-0.03836739985100059,-0.1370263998510006,0.2576096001489994,,,,
13.470236,927,1079.0,0.1589506001489994,-0.03836739985100059,-0.1370263998510006,0.3562686001489994,,,,
13.471315,927,1079.0,0.2576096001489994,-0.03836739985100059,-0.1370263998510006,0.4549276001489994,,,,
13.472394,927,1079.0,0.2576096001489994,0.060291600148999404,-0.03836739985100059,0.5535866001489994,,,,
13.473473,927,1079.0,0.3562686001489994,0.060291600148999404,0.060291600148999404,0.6522456001489993,,,,
13.474552,927,1079.0,0.2576096001489994,0.060291600148999404,-0.03836739985100059,0.5535866001489994,,,,
13.475631,927,1079.0,0.2576096001489994,0.060291600148999404,-0.03836739985100059,0.4549276001489994,,,,
13.47671,927,1079.0,0.2576096001489994,0.060291600148999404,-0.1370263998510006,0.3562686001489994,,,,
13.477789,927,1079.0,0.1589506001489994,-0.03836739985100059,-0.1370263998510006,0.2576096001489994,,,,
13.478868,927,1079.0,0.1589506001489994,-0.03836739985100059,-0.2356853998510006,0.2576096001489994,,,,
13.479947,927,1079.0,0.1589506001489994,-0.03836739985100059,-0.2356853998510006,0.1589506001489994,,,,
13.481026,927,1079.0,0.060291600148999404,-0.03836739985100059,-0.2356853998510006,0.060291600148999404,,,,
13.482105,927,1079.0,0.060291600148999404,-0.1370263998510006,-0.33434439985100056,0.060291600148999404,,,,
13.483184,927,1079.0,0.060291600148999404,-0.1370263998510006,-0.33434439985100056,0.060291600148999404,,,,
13.484263,927,1079.0,0.060291600148999404,-0.1370263998510006,-0.2356853998510006,0.060291600148999404,,,,
13.485342,927,1079.0,0.060291600148999404,-0.03836739985100059,-0.1370263998510006,0.1589506001489994,,,,
13.486421,927,1079.0,0.1589506001489994,-0.03836739985100059,-0.1370263998510006,0.2576096001489994,,,,
13.4875,927,1079.0,0.1589506001489994,-0.03836739985100059,-0.03836739985100059,0.4549276001489994,,,,
13.488579,927,1079.0,0.2576096001489994,0.060291600148999404,0.060291600148999404,0.5535866001489994,,,,
13.489658,927,1079.0,0.2576096001489994,0.060291600148999404,0.060291600148999404,0.6522456001489993,,,,
13.490737,927,1079.0,0.2576096001489994,0.1589506001489994,0.060291600148999404,0.6522456001489993,,,,
13.491816,927,1079.0,0.2576096001489994,0.1589506001489994,0.1589506001489994,0.8495636001489993,,,,
13.492895,927,1079.0,0.3562686001489994,0.2576096001489994,0.2576096001489994,1.0468816001489993,,,,
13.493974,927,1079.0,0.3562686001489994,0.1589506001489994,0.2576096001489994,0.9482226001489994,,,,
13.495053,927,1079.0,0.2576096001489994,0.2576096001489994,0.2576096001489994,0.8495636001489993,,,,
13.496132,927,1079.0,0.2576096001489994,0.1589506001489994,0.1589506001489994,0.8495636001489993,,,,
13.497211,927,1079.0,0.2576096001489994,0.060291600148999404,0.1589506001489994,0.7509046001489994,,,,
13.49829,927,1079.0,0.1589506001489994,0.060291600148999404,0.1589506001489994,0.7509046001489994,,,,
13.499369,927,1079.0,0.1589506001489994,0.060291600148999404,0.1589506001489994,0.6522456001489993,,,,
13.500448,927,1079.0,0.1589506001489994,0.060291600148999404,0.060291600148999404,0.6522456001489993,,,,
13.501527,927,1079.0,0.1589506001489994,0.060291600148999404,0.060291600148999404,0.6522456001489993,,,,
13.502606,927,1079.0,0.060291600148999404,-0.03836739985100059,0.060291600148999404,0.5535866001489994,,,,
13.503685,927,1079.0,0.060291600148999404,-0.03836739985100059,0.060291600148999404,0.6522456001489993,,,,
13.504764,927,1079.0,0.1589506001489994,0.060291600148999404,0.1589506001489994,0.7509046001489994,,,,
13.505843,927,1079.0,0.1589506001489994,0.1589506001489994,0.2576096001489994,0.8495636001489993,,,,
13.506922,927,1079.0,0.2576096001489994,0.1589506001489994,0.2576096001489994,1.0468816001489993,,,,
13.508001,927,1079.0,0.2576096001489994,0.2576096001489994,0.4549276001489994,1.1455406001489994,,,,
13.50908,927,1079.0,0.2576096001489994,0.2576096001489994,0.3562686001489994,1.2441996001489994,,,,
13.510159,927,1079.0,0.2576096001489994,0.3562686001489994,0.4549276001489994,1.2441996001489994,,,,
13.511238,927,1079.0,0.2576096001489994,0.3562686001489994,0.5535866001489994,1.4415176001489993,,,,
13.512317,927,1079.0,0.3562686001489994,0.3562686001489994,0.7509046001489994,1.6388356001489994,,,,
13.513396,927,1079.0,0.3562686001489994,0.4549276001489994,0.6522456001489993,1.6388356001489994,,,,
13.514475,927,1079.0,0.3562686001489994,0.4549276001489994,0.6522456001489993,1.5401766001489994,,,,
13.515554,927,1079.0,0.3562686001489994,0.3562686001489994,0.6522456001489993,1.5401766001489994,,,,
13.516633,927,1079.0,0.2576096001489994,0.3562686001489994,0.5535866001489994,1.4415176001489993,,,,
13.517712,927,1079.0,0.2576096001489994,0.2576096001489994,0.5535866001489994,1.4415176001489993,,,,
13.518791,927,1079.0,0.1589506001489994,0.2576096001489994,0.5535866001489994,1.4415176001489993,,,,
13.51987,927,1079.0,0.1589506001489994,0.2576096001489994,0.4549276001489994,1.3428586001489993,,,,
13.520949,927,1079.0,0.1589506001489994,0.2576096001489994,0.4549276001489994,1.3428586001489993,,,,
13.522028,927,1079.0,0.1589506001489994,0.2576096001489994,0.4549276001489994,1.1455406001489994,,,,
13.523107,927,1079.0,0.1589506001489994,0.1589506001489994,0.4549276001489994,1.2441996001489994,,,,
13.524186,927,1079.0,0.1589506001489994,0.2576096001489994,0.5535866001489994,1.4415176001489993,,,,
13.525265,927,1079.0,0.1589506001489994,0.2576096001489994,0.6522456001489993,1.5401766001489994,,,,
13.526344,927,1079.0,0.2576096001489994,0.3562686001489994,0.7509046001489994,1.6388356001489994,,,,
13.527423,927,1079.0,0.2576096001489994,0.4549276001489994,0.7509046001489994,1.7374946001489993,,,,
13.528502,927,1079.0,0.2576096001489994,0.4549276001489994,0.8495636001489993,1.9348126001489994,,,,
13.529581,927,1079.0,0.3562686001489994,0.4549276001489994,0.8495636001489993,1.9348126001489994,,,,
13.53066,927,1079.0,0.2576096001489994,0.5535866001489994,0.9482226001489994,2.0334716001489994,,,,
13.531739,927,1079.0,0.4549276001489994,0.5535866001489994,1.0468816001489993,2.2307896001489995,,,,
13.532818,927,1079.0,0.4549276001489994,0.6522456001489993,1.0468816001489993,2.329448600148999,,,,
13.533897,927,1079.0,0.3562686001489994,0.5535866001489994,1.0468816001489993,2.2307896001489995,,,,
13.534976,927,1079.0,0.3562686001489994,0.5535866001489994,0.9482226001489994,2.1321306001489995,,,,
13.536055,927,1079.0,0.3562686001489994,0.4549276001489994,0.8495636001489993,2.0334716001489994,,,,
13.537134,927,1079.0,0.2576096001489994,0.4549276001489994,0.8495636001489993,1.9348126001489994,,,,
13.538213,927,1079.0,0.2576096001489994,0.4549276001489994,0.8495636001489993,1.9348126001489994,,,,
13.539292,927,1079.0,0.2576096001489994,0.4549276001489994,0.7509046001489994,1.8361536001489993,,,,
13.540371,927,1079.0,0.1589506001489994,0.3562686001489994,0.7509046001489994,1.7374946001489993,,,,
13.54145,927,1079.0,0.1589506001489994,0.3562686001489994,0.7509046001489994,1.7374946001489993,,,,
13.542529,927,1079.0,0.1589506001489994,0.3562686001489994,0.6522456001489993,1.6388356001489994,,,,
13.543608,927,1079.0,0.1589506001489994,0.3562686001489994,0.7509046001489994,1.7374946001489993,,,,
13.544687,927,1079.0,0.1589506001489994,0.3562686001489994,0.8495636001489993,1.9348126001489994,,,,
13.545766,927,1079.0,0.2576096001489994,0.4549276001489994,0.8495636001489993,2.0334716001489994,,,,
13.546845,927,1079.0,0.2576096001489994,0.4549276001489994,0.9482226001489994,2.1321306001489995,,,,
13.547924,927,1079.0,0.3562686001489994,0.4549276001489994,0.9482226001489994,2.2307896001489995,,,,
13.549003,927,1079.0,0.3562686001489994,0.5535866001489994,1.0468816001489993,2.2307896001489995,,,,
13.550082,927,1079.0,0.3562686001489994,0.5535866001489994,1.0468816001489993,2.2307896001489995,,,,
13.551161,927,1079.0,0.3562686001489994,0.6522456001489993,1.1455406001489994,2.428107600148999,,,,
13.55224,927,1079.0,0.4549276001489994,0.6522456001489993,1.1455406001489994,2.5267666001489992,,,,
13.553319,927,1079.0,0.4549276001489994,0.6522456001489993,1.1455406001489994,2.428107600148999,,,,
13.554398,927,1079.0,0.3562686001489994,0.6522456001489993,1.0468816001489993,2.329448600148999,,,,
13.555477,927,1079.0,0.3562686001489994,0.5535866001489994,1.0468816001489993,2.1321306001489995,,,,
13.556556,927,1079.0,0.3562686001489994,0.5535866001489994,0.9482226001489994,2.0334716001489994,,,,
13.557635,927,1079.0,0.3562686001489994,0.4549276001489994,0.8495636001489993,2.0334716001489994,,,,
13.558714,927,1079.0,0.2576096001489994,0.4549276001489994,0.8495636001489993,1.8361536001489993,,,,
13.559793,927,1079.0,0.2576096001489994,0.3562686001489994,0.7509046001489994,1.8361536001489993,,,,
13.560872,927,1079.0,0.1589506001489994,0.3562686001489994,0.7509046001489994,1.7374946001489993,,,,
13.561951,927,1079.0,0.1589506001489994,0.3562686001489994,0.7509046001489994,1.6388356001489994,,,,
13.56303,927,1079.0,0.1589506001489994,0.3562686001489994,0.7509046001489994,1.6388356001489994,,,,
13.564109,927,1079.0,0.2576096001489994,0.3562686001489994,0.7509046001489994,1.7374946001489993,,,,
13.565188,927,1079.0,0.2576096001489994,0.3562686001489994,0.8495636001489993,1.8361536001489993,,,,
13.566267,927,1079.0,0.2576096001489994,0.4549276001489994,0.9482226001489994,1.9348126001489994,,,,
13.567346,927,1079.0,0.2576096001489994,0.4549276001489994,0.9482226001489994,2.0334716001489994,,,,
13.568425,927,1079.0,0.3562686001489994,0.4549276001489994,0.9482226001489994,2.0334716001489994,,,,
13.569504,927,1079.0,0.3562686001489994,0.4549276001489994,0.9482226001489994,2.0334716001489994,,,,
13.570583,927,1079.0,0.4549276001489994,0.5535866001489994,1.0468816001489993,2.2307896001489995,,,,
13.571662,927,1079.0,0.4549276001489994,0.6522456001489993,1.0468816001489993,2.2307896001489995,,,,
13.572741,927,1079.0,0.3562686001489994,0.5535866001489994,1.0468816001489993,2.1321306001489995,,,,
13.57382,927,1079.0,0.3562686001489994,0.5535866001489994,0.9482226001489994,2.0334716001489994,,,,
13.574899,927,1079.0,0.2576096001489994,0.4549276001489994,0.8495636001489993,1.8361536001489993,,,,
13.575978,927,1079.0,0.2576096001489994,0.3562686001489994,0.7509046001489994,1.6388356001489994,,,,
13.577057,927,1079.0,0.2576096001489994,0.3562686001489994,0.6522456001489993,1.5401766001489994,,,,
13.578136,927,1079.0,0.2576096001489994,0.2576096001489994,0.6522456001489993,1.4415176001489993,,,,
13.579215,927,1079.0,0.2576096001489994,0.2576096001489994,0.5535866001489994,1.3428586001489993,,,,
13.580294,927,1079.0,0.1589506001489994,0.2576096001489994,0.5535866001489994,1.2441996001489994,,,,
13.581373,927,1079.0,0.1589506001489994,0.1589506001489994,0.4549276001489994,1.1455406001489994,,,,
13.582452,927,1079.0,0.1589506001489994,0.2576096001489994,0.4549276001489994,1.2441996001489994,,,,
13.583531,927,1079.0,0.1589506001489994,0.2576096001489994,0.4549276001489994,1.2441996001489994,,,,
13.58461,927,1079.0,0.1589506001489994,0.2576096001489994,0.5535866001489994,1.3428586001489993,,,,
13.585689,927,1079.0,0.2576096001489994,0.2576096001489994,0.5535866001489994,1.3428586001489993,,,,
13.586768,927,1079.0,0.2576096001489994,0.2576096001489994,0.5535866001489994,1.4415176001489993,,,,
13.587847,927,1079.0,0.2576096001489994,0.3562686001489994,0.5535866001489994,1.4415176001489993,,,,
13.588926,927,1079.0,0.2576096001489994,0.3562686001489994,0.5535866001489994,1.4415176001489993,,,,
13.590005,927,1079.0,0.3562686001489994,0.3562686001489994,0.6522456001489993,1.6388356001489994,,,,
13.591084,927,1079.0,0.3562686001489994,0.4549276001489994,0.6522456001489993,1.6388356001489994,,,,
13.592163,927,1079.0,0.3562686001489994,0.3562686001489994,0.5535866001489994,1.5401766001489994,,,,
13.593242,927,1079.0,0.3562686001489994,0.3562686001489994,0.5535866001489994,1.3428586001489993,,,,
13.594321,927,1079.0,0.2576096001489994,0.2576096001489994,0.4549276001489994,1.2441996001489994,,,,
13.5954,927,1079.0,0.2576096001489994,0.2576096001489994,0.3562686001489994,1.0468816001489993,,,,
13.596479,927,1079.0,0.1589506001489994,0.1589506001489994,0.2576096001489994,0.9482226001489994,,,,
13.597558,927,1079.0,0.2576096001489994,0.1589506001489994,0.2576096001489994,0.8495636001489993,,,,
13.598637,927,1079.0,0.1589506001489994,0.060291600148999404,0.1589506001489994,0.7509046001489994,,,,
13.599716,927,1079.0,0.060291600148999404,0.060291600148999404,0.1589506001489994,0.6522456001489993,,,,
13.600795,927,1079.0,0.060291600148999404,0.060291600148999404,0.060291600148999404,0.4549276001489994,,,,
13.601874,927,1079.0,0.060291600148999404,0.060291600148999404,0.060291600148999404,0.5535866001489994,,,,
13.602953,927,1079.0,0.060291600148999404,0.060291600148999404,0.060291600148999404,0.6522456001489993,,,,
13.604032,927,1079.0,0.1589506001489994,0.060291600148999404,0.060291600148999404,0.6522456001489993,,,,
13.605111,927,1079.0,0.1589506001489994,0.1589506001489994,0.1589506001489994,0.7509046001489994,,,,
13.60619,927,1079.0,0.2576096001489994,0.1589506001489994,0.060291600148999404,0.7509046001489994,,,,
13.607269,927,1079.0,0.2576096001489994,0.1589506001489994,0.1589506001489994,0.7509046001489994,,,,
13.608348,927,1079.0,0.2576096001489994,0.1589506001489994,0.1589506001489994,0.7509046001489994,,,,
13.609427,927,1079.0,0.2576096001489994,0.1589506001489994,0.2576096001489994,0.9482226001489994,,,,
13.610506,927,1079.0,0.2576096001489994,0.2576096001489994,0.2576096001489994,0.9482226001489994,,,,
13.611585,927,1079.0,0.3562686001489994,0.2576096001489994,0.2576096001489994,0.8495636001489993,,,,
13.612664,927,1079.0,0.2576096001489994,0.1589506001489994,0.1589506001489994,0.7509046001489994,,,,
13.613743,927,1079.0,0.2576096001489994,0.060291600148999404,0.1589506001489994,0.6522456001489993,,,,
13.614822,927,1079.0,0.1589506001489994,0.060291600148999404,0.060291600148999404,0.4549276001489994,,,,
13.615901,927,1079.0,0.1589506001489994,-0.03836739985100059,-0.03836739985100059,0.4549276001489994,,,,
13.61698,927,1079.0,0.1589506001489994,-0.03836739985100059,-0.03836739985100059,0.2576096001489994,,,,
13.618059,927,1079.0,0.060291600148999404,-0.03836739985100059,-0.1370263998510006,0.1589506001489994,,,,
13.619138,927,1079.0,0.060291600148999404,-0.1370263998510006,-0.2356853998510006,0.1589506001489994,,,,
13.620217,927,1079.0,-0.03836739985100059,-0.1370263998510006,-0.2356853998510006,-0.03836739985100059,,,,
13.621296,927,1079.0,-0.03836739985100059,-0.1370263998510006,-0.2356853998510006,0.060291600148999404,,,,
13.622375,927,1079.0,0.060291600148999404,-0.1370263998510006,-0.2356853998510006,0.060291600148999404,,,,
13.623454,927,1079.0,0.060291600148999404,-0.1370263998510006,-0.2356853998510006,0.1589506001489994,,,,
13.624533,927,1079.0,0.1589506001489994,-0.03836739985100059,-0.1370263998510006,0.2576096001489994,,,,
13.625612,927,1079.0,0.1589506001489994,0.060291600148999404,-0.1370263998510006,0.2576096001489994,,,,
13.626691,927,1079.0,0.1589506001489994,0.060291600148999404,-0.03836739985100059,0.3562686001489994,,,,
13.62777,927,1079.0,0.1589506001489994,0.060291600148999404,-0.03836739985100059,0.3562686001489994,,,,
13.628849,927,1079.0,0.2576096001489994,0.060291600148999404,-0.03836739985100059,0.4549276001489994,,,,
13.629928,927,1079.0,0.2576096001489994,0.060291600148999404,0.060291600148999404,0.5535866001489994,,,,
13.631007,927,1079.0,0.3562686001489994,0.060291600148999404,0.060291600148999404,0.6522456001489993,,,,
13.632086,927,1079.0,0.2576096001489994,0.060291600148999404,-0.03836739985100059,0.4549276001489994,,,,
13.633165,927,1079.0,0.2576096001489994,0.060291600148999404,-0.1370263998510006,0.3562686001489994,,,,
13.634244,927,1079.0,0.1589506001489994,-0.03836739985100059,-0.1370263998510006,0.2576096001489994,,,,
13.635323,927,1079.0,0.1589506001489994,-0.03836739985100059,-0.2356853998510006,0.1589506001489994,,,,
13.636402,927,1079.0,0.1589506001489994,-0.1370263998510006,-0.2356853998510006,0.1589506001489994,,,,
13.637481,927,1079.0,0.060291600148999404,-0.1370263998510006,-0.2356853998510006,0.060291600148999404,,,,
13.63856,927,1079.0,0.060291600148999404,-0.1370263998510006,-0.33434439985100056,-0.03836739985100059,,,,
13.639639,927,1079.0,0.060291600148999404,-0.2356853998510006,-0.43300339985100056,-0.1370263998510006,,,,
13.640718,927,1079.0,0.060291600148999404,-0.2356853998510006,-0.43300339985100056,-0.1370263998510006,,,,
13.641797,927,1079.0,0.060291600148999404,-0.1370263998510006,-0.33434439985100056,-0.03836739985100059,,,,
13.642876,927,1079.0,0.1589506001489994,-0.1370263998510006,-0.2356853998510006,0.060291600148999404,,,,
13.643955,927,1079.0,0.060291600148999404,-0.03836739985100059,-0.1370263998510006,0.1589506001489994,,,,
13.645034,927,1079.0,0.1589506001489994,-0.03836739985100059,-0.1370263998510006,0.2576096001489994,,,,
13.646113,927,1079.0,0.1589506001489994,-0.03836739985100059,-0.03836739985100059,0.3562686001489994,,,,
13.647192,927,1079.0,0.2576096001489994,0.060291600148999404,-0.03836739985100059,0.4549276001489994,,,,
13.648271,927,1079.0,0.2576096001489994,0.060291600148999404,-0.03836739985100059,0.5535866001489994,,,,
13.64935,927,1079.0,0.3562686001489994,0.060291600148999404,0.060291600148999404,0.6522456001489993,,,,
13.650429,927,1079.0,0.3562686001489994,0.1589506001489994,0.1589506001489994,0.7509046001489994,,,,
13.651508,927,1079.0,0.2576096001489994,0.1589506001489994,0.060291600148999404,0.6522456001489993,,,,
13.652587,927,1079.0,0.2576096001489994,0.060291600148999404,0.060291600148999404,0.5535866001489994,,,,
13.653666,927,1079.0,0.1589506001489994,0.060291600148999404,-0.03836739985100059,0.4549276001489994,,,,
13.654745,927,1079.0,0.1589506001489994,0.060291600148999404,0.060291600148999404,0.4549276001489994,,,,
13.655824,927,1079.0,0.1589506001489994,0.060291600148999404,-0.1370263998510006,0.4549276001489994,,,,
13.656903,927,1079.0,0.1589506001489994,-0.03836739985100059,-0.1370263998510006,0.3562686001489994,,,,
13.657982,927,1079.0,0.060291600148999404,-0.03836739985100059,-0.1370263998510006,0.2576096001489994,,,,
13.659061,927,1079.0,0.060291600148999404,-0.03836739985100059,-0.1370263998510006,0.2576096001489994,,,,
13.66014,927,1079.0,0.060291600148999404,-0.03836739985100059,-0.1370263998510006,0.1589506001489994,,,,
13.661219,927,1079.0,0.060291600148999404,-0.03836739985100059,-0.1370263998510006,0.2576096001489994,,,,
13.662298,927,1079.0,0.1589506001489994,-0.03836739985100059,-0.03836739985100059,0.4549276001489994,,,,
13.663377,927,1079.0,0.1589506001489994,-0.03836739985100059,0.060291600148999404,0.5535866001489994,,,,
13.664456,927,1079.0,0.1589506001489994,0.060291600148999404,0.060291600148999404,0.7509046001489994,,,,
13.665535,927,1079.0,0.1589506001489994,0.060291600148999404,0.1589506001489994,0.7509046001489994,,,,
13.666614,927,1079.0,0.2576096001489994,0.1589506001489994,0.1589506001489994,0.8495636001489993,,,,
13.667693,927,1079.0,0.2576096001489994,0.1589506001489994,0.2576096001489994,0.9482226001489994,,,,
13.668772,927,1079.0,0.2576096001489994,0.2576096001489994,0.4549276001489994,1.1455406001489994,,,,
13.669851,927,1079.0,0.3562686001489994,0.2576096001489994,0.4549276001489994,1.2441996001489994,,,,
13.67093,927,1079.0,0.3562686001489994,0.2576096001489994,0.4549276001489994,1.2441996001489994,,,,
13.672009,927,1079.0,0.2576096001489994,0.2576096001489994,0.3562686001489994,1.1455406001489994,,,,
13.673088,927,1079.0,0.2576096001489994,0.2576096001489994,0.3562686001489994,1.0468816001489993,,,,
13.674167,927,1079.0,0.2576096001489994,0.2576096001489994,0.2576096001489994,0.9482226001489994,,,,
13.675246,927,1079.0,0.1589506001489994,0.1589506001489994,0.2576096001489994,0.9482226001489994,,,,
13.676325,927,1079.0,0.1589506001489994,0.1589506001489994,0.2576096001489994,0.9482226001489994,,,,
13.677404,927,1079.0,0.1589506001489994,0.1589506001489994,0.2576096001489994,0.8495636001489993,,,,
13.678483,927,1079.0,0.1589506001489994,0.1589506001489994,0.2576096001489994,0.8495636001489993,,,,
13.679562,927,1079.0,0.1589506001489994,0.060291600148999404,0.2576096001489994,0.8495636001489993,,,,
13.680641,927,1079.0,0.1589506001489994,0.1589506001489994,0.2576096001489994,0.9482226001489994,,,,
13.68172,927,1079.0,0.1589506001489994,0.1589506001489994,0.3562686001489994,1.0468816001489993,,,,
13.682799,927,1079.0,0.1589506001489994,0.1589506001489994,0.4549276001489994,1.2441996001489994,,,,
13.683878,927,1079.0,0.2576096001489994,0.2576096001489994,0.4549276001489994,1.3428586001489993,,,,
13.684957,927,1079.0,0.2576096001489994,0.2576096001489994,0.5535866001489994,1.4415176001489993,,,,
13.686036,927,1079.0,0.2576096001489994,0.3562686001489994,0.6522456001489993,1.5401766001489994,,,,
13.687115,927,1079.0,0.3562686001489994,0.3562686001489994,0.6522456001489993,1.6388356001489994,,,,
13.688194,927,1079.0,0.3562686001489994,0.4549276001489994,0.8495636001489993,1.7374946001489993,,,,
13.689273,927,1079.0,0.4549276001489994,0.4549276001489994,0.8495636001489993,1.8361536001489993,,,,
13.690352,927,1079.0,0.4549276001489994,0.4549276001489994,0.7509046001489994,1.9348126001489994,,,,
13.691431,927,1079.0,0.3562686001489994,0.4549276001489994,0.7509046001489994,1.7374946001489993,,,,
13.69251,927,1079.0,0.3562686001489994,0.3562686001489994,0.7509046001489994,1.7374946001489993,,,,
13.693589,927,1079.0,0.2576096001489994,0.3562686001489994,0.6522456001489993,1.6388356001489994,,,,
13.694668,927,1079.0,0.2576096001489994,0.3562686001489994,0.6522456001489993,1.5401766001489994,,,,
13.695747,927,1079.0,0.2576096001489994,0.3562686001489994,0.6522456001489993,1.5401766001489994,,,,
13.696826,927,1079.0,0.2576096001489994,0.2576096001489994,0.6522456001489993,1.4415176001489993,,,,
13.697905,927,1079.0,0.1589506001489994,0.3562686001489994,0.6522456001489993,1.4415176001489993,,,,
13.698984,927,1079.0,0.1589506001489994,0.2576096001489994,0.5535866001489994,1.4415176001489993,,,,
13.700063,927,1079.0,0.1589506001489994,0.2576096001489994,0.6522456001489993,1.5401766001489994,,,,
13.701142,927,1079.0,0.1589506001489994,0.3562686001489994,0.6522456001489993,1.5401766001489994,,,,
13.702221,927,1079.0,0.2576096001489994,0.3562686001489994,0.7509046001489994,1.7374946001489993,,,,
13.7033,927,1079.0,0.2576096001489994,0.4549276001489994,0.8495636001489993,1.8361536001489993,,,,
13.704379,927,1079.0,0.2576096001489994,0.4549276001489994,0.8495636001489993,2.0334716001489994,,,,
13.705458,927,1079.0,0.2576096001489994,0.5535866001489994,0.9482226001489994,2.0334716001489994,,,,
13.706537,927,1079.0,0.3562686001489994,0.4549276001489994,0.9482226001489994,2.1321306001489995,,,,
13.707616,927,1079.0,0.3562686001489994,0.5535866001489994,1.0468816001489993,2.329448600148999,,,,
13.708695,927,1079.0,0.4549276001489994,0.6522456001489993,1.1455406001489994,2.329448600148999,,,,
13.709774,927,1079.0,0.4549276001489994,0.5535866001489994,1.0468816001489993,2.329448600148999,,,,
13.710853,927,1079.0,0.3562686001489994,0.5535866001489994,1.0468816001489993,2.2307896001489995,,,,
13.711932,927,1079.0,0.3562686001489994,0.5535866001489994,0.9482226001489994,2.1321306001489995,,,,
13.713011,927,1079.0,0.3562686001489994,0.5535866001489994,0.9482226001489994,2.0334716001489994,,,,
13.71409,927,1079.0,0.2576096001489994,0.4549276001489994,0.8495636001489993,2.0334716001489994,,,,
13.715169,927,1079.0,0.2576096001489994,0.4549276001489994,0.8495636001489993,1.9348126001489994,,,,
13.716248,927,1079.0,0.2576096001489994,0.4549276001489994,0.8495636001489993,1.7374946001489993,,,,
13.717327,927,1079.0,0.1589506001489994,0.4549276001489994,0.7509046001489994,1.7374946001489993,,,,
13.718406,927,1079.0,0.1589506001489994,0.3562686001489994,0.6522456001489993,1.6388356001489994,,,,
13.719485,927,1079.0,0.1589506001489994,0.3562686001489994,0.7509046001489994,1.7374946001489993,,,,
13.720564,927,1079.0,0.1589506001489994,0.3562686001489994,0.7509046001489994,1.8361536001489993,,,,
13.721643,927,1079.0,0.2576096001489994,0.4549276001489994,0.8495636001489993,1.9348126001489994,,,,
13.722722,927,1079.0,0.2576096001489994,0.4549276001489994,0.8495636001489993,2.0334716001489994,,,,
13.723801,927,1079.0,0.2576096001489994,0.5535866001489994,0.9482226001489994,2.1321306001489995,,,,
13.72488,927,1079.0,0.3562686001489994,0.5535866001489994,0.9482226001489994,2.1321306001489995,,,,
13.725959,927,1079.0,0.3562686001489994,0.5535866001489994,0.9482226001489994,2.2307896001489995,,,,
13.727038,927,1079.0,0.3562686001489994,0.5535866001489994,1.0468816001489993,2.329448600148999,,,,
13.728117,927,1079.0,0.4549276001489994,0.6522456001489993,1.1455406001489994,2.428107600148999,,,,
13.729196,927,1079.0,0.3562686001489994,0.6522456001489993,1.1455406001489994,2.329448600148999,,,,
13.730275,927,1079.0,0.4549276001489994,0.5535866001489994,1.0468816001489993,2.2307896001489995,,,,
13.731354,927,1079.0,0.4549276001489994,0.5535866001489994,0.9482226001489994,2.1321306001489995,,,,
13.732433,927,1079.0,0.3562686001489994,0.4549276001489994,0.9482226001489994,2.0334716001489994,,,,
13.733512,927,1079.0,0.2576096001489994,0.4549276001489994,0.8495636001489993,1.9348126001489994,,,,
13.734591,927,1079.0,0.2576096001489994,0.4549276001489994,0.8495636001489993,1.8361536001489993,,,,
13.73567,927,1079.0,0.2576096001489994,0.4549276001489994,0.7509046001489994,1.6388356001489994,,,,
13.736749,927,1079.0,0.2576096001489994,0.3562686001489994,0.6522456001489993,1.6388356001489994,,,,
13.737828,927,1079.0,0.1589506001489994,0.2576096001489994,0.5535866001489994,1.4415176001489993,,,,
13.738907,927,1079.0,0.1589506001489994,0.2576096001489994,0.5535866001489994,1.5401766001489994,,,,
13.739986,927,1079.0,0.1589506001489994,0.2576096001489994,0.6522456001489993,1.5401766001489994,,,,
13.741065,927,1079.0,0.2576096001489994,0.3562686001489994,0.7509046001489994,1.6388356001489994,,,,
13.742144,927,1079.0,0.2576096001489994,0.3562686001489994,0.7509046001489994,1.7374946001489993,,,,
13.743223,927,1079.0,0.2576096001489994,0.4549276001489994,0.7509046001489994,1.7374946001489993,,,,
13.744302,927,1079.0,0.3562686001489994,0.4549276001489994,0.7509046001489994,1.8361536001489993,,,,
13.745381,927,1079.0,0.2576096001489994,0.4549276001489994,0.7509046001489994,1.8361536001489993,,,,
13.74646,927,1079.0,0.3562686001489994,0.4549276001489994,0.8495636001489993,1.9348126001489994,,,,
13.747539,927,1079.0,0.3562686001489994,0.5535866001489994,0.9482226001489994,2.0334716001489994,,,,
13.748618,927,1079.0,0.4549276001489994,0.5535866001489994,0.8495636001489993,2.0334716001489994,,,,
13.749697,927,1079.0,0.4549276001489994,0.4549276001489994,0.7509046001489994,1.8361536001489993,,,,
13.750776,927,1079.0,0.3562686001489994,0.3562686001489994,0.7509046001489994,1.6388356001489994,,,,
13.751855,927,1079.0,0.3562686001489994,0.3562686001489994,0.6522456001489993,1.5401766001489994,,,,
13.752934,927,1079.0,0.2576096001489994,0.2576096001489994,0.5535866001489994,1.4415176001489993,,,,
13.754013,927,1079.0,0.1589506001489994,0.2576096001489994,0.5535866001489994,1.3428586001489993,,,,
13.755092,927,1079.0,0.1589506001489994,0.2576096001489994,0.4549276001489994,1.1455406001489994,,,,
13.756171,927,1079.0,0.1589506001489994,0.1589506001489994,0.4549276001489994,1.0468816001489993,,,,
13.75725,927,1079.0,0.1589506001489994,0.1589506001489994,0.2576096001489994,0.9482226001489994,,,,
13.758329,927,1079.0,0.060291600148999404,0.060291600148999404,0.2576096001489994,0.8495636001489993,,,,
13.759408,927,1079.0,0.1589506001489994,0.1589506001489994,0.2576096001489994,0.9482226001489994,,,,
13.760487,927,1079.0,0.1589506001489994,0.1589506001489994,0.3562686001489994,0.9482226001489994,,,,
13.761566,927,1079.0,0.1589506001489994,0.1589506001489994,0.3562686001489994,1.1455406001489994,,,,
13.762645,927,1079.0,0.1589506001489994,0.2576096001489994,0.4549276001489994,1.1455406001489994,,,,
13.763724,927,1079.0,0.2576096001489994,0.2576096001489994,0.3562686001489994,1.1455406001489994,,,,
13.764803,927,1079.0,0.2576096001489994,0.2576096001489994,0.4549276001489994,1.1455406001489994,,,,
13.765882,927,1079.0,0.2576096001489994,0.2576096001489994,0.4549276001489994,1.1455406001489994,,,,
13.766961,927,1079.0,0.3562686001489994,0.2576096001489994,0.5535866001489994,1.3428586001489993,,,,
13.76804,927,1079.0,0.3562686001489994,0.3562686001489994,0.5535866001489994,1.3428586001489993,,,,
13.769119,927,1079.0,0.3562686001489994,0.2576096001489994,0.4549276001489994,1.1455406001489994,,,,
13.770198,927,1079.0,0.2576096001489994,0.1589506001489994,0.3562686001489994,1.0468816001489993,,,,
13.771277,927,1079.0,0.2576096001489994,0.1589506001489994,0.2576096001489994,0.9482226001489994,,,,
13.772356,927,1079.0,0.2576096001489994,0.1589506001489994,0.1589506001489994,0.8495636001489993,,,,
13.773435,927,1079.0,0.1589506001489994,0.1589506001489994,0.060291600148999404,0.6522456001489993,,,,
13.774514,927,1079.0,0.1589506001489994,0.060291600148999404,0.060291600148999404,0.5535866001489994,,,,
13.775593,927,1079.0,0.1589506001489994,-0.03836739985100059,-0.03836739985100059,0.4549276001489994,,,,
13.776672,927,1079.0,0.060291600148999404,-0.03836739985100059,-0.1370263998510006,0.2576096001489994,,,,
13.777751,927,1079.0,0.060291600148999404,-0.03836739985100059,-0.1370263998510006,0.2576096001489994,,,,
13.77883,927,1079.0,0.060291600148999404,-0.03836739985100059,-0.03836739985100059,0.2576096001489994,,,,
13.779909,927,1079.0,0.060291600148999404,-0.03836739985100059,-0.03836739985100059,0.3562686001489994,,,,
13.780988,927,1079.0,0.1589506001489994,-0.03836739985100059,-0.03836739985100059,0.5535866001489994,,,,
13.782067,927,1079.0,0.1589506001489994,0.060291600148999404,-0.03836739985100059,0.5535866001489994,,,,
13.783146,927,1079.0,0.1589506001489994,0.060291600148999404,0.060291600148999404,0.5535866001489994,,,,
13.784225,927,1079.0,0.2576096001489994,0.060291600148999404,0.060291600148999404,0.6522456001489993,,,,
13.785304,927,1079.0,0.1589506001489994,0.060291600148999404,0.060291600148999404,0.6522456001489993,,,,
13.786383,927,1079.0,0.2576096001489994,0.1589506001489994,0.1589506001489994,0.7509046001489994,,,,
13.787462,927,1079.0,0.3562686001489994,0.1589506001489994,0.1589506001489994,0.7509046001489994,,,,
13.788541,927,1079.0,0.2576096001489994,0.1589506001489994,0.060291600148999404,0.6522456001489993,,,,
13.78962,927,1079.0,0.2576096001489994,0.060291600148999404,0.060291600148999404,0.5535866001489994,,,,
13.790699,927,1079.0,0.1589506001489994,0.060291600148999404,-0.03836739985100059,0.3562686001489994,,,,
13.791778,927,1079.0,0.1589506001489994,0.060291600148999404,-0.1370263998510006,0.3562686001489994,,,,
13.792857,927,1079.0,0.1589506001489994,-0.03836739985100059,-0.1370263998510006,0.1589506001489994,,,,
13.793936,927,1079.0,0.1589506001489994,-0.03836739985100059,-0.2356853998510006,0.1589506001489994,,,,
13.795015,927,1079.0,0.060291600148999404,-0.03836739985100059,-0.2356853998510006,-0.03836739985100059,,,,
13.796094,927,1079.0,0.060291600148999404,-0.1370263998510006,-0.33434439985100056,-0.03836739985100059,,,,
13.797173,927,1079.0,-0.03836739985100059,-0.2356853998510006,-0.33434439985100056,-0.1370263998510006,,,,
13.798252,927,1079.0,-0.03836739985100059,-0.1370263998510006,-0.33434439985100056,-0.1370263998510006,,,,
13.799331,927,1079.0,0.060291600148999404,-0.1370263998510006,-0.33434439985100056,-0.03836739985100059,,,,
13.80041,927,1079.0,0.060291600148999404,-0.1370263998510006,-0.2356853998510006,0.060291600148999404,,,,
13.801489,927,1079.0,0.1589506001489994,-0.03836739985100059,-0.1370263998510006,0.1589506001489994,,,,
13.802568,927,1079.0,0.1589506001489994,-0.03836739985100059,-0.1370263998510006,0.2576096001489994,,,,
13.803647,927,1079.0,0.2576096001489994,-0.03836739985100059,-0.03836739985100059,0.3562686001489994,,,,
13.804726,927,1079.0,0.1589506001489994,0.060291600148999404,-0.03836739985100059,0.3562686001489994,,,,
13.805805,927,1079.0,0.2576096001489994,0.060291600148999404,0.060291600148999404,0.5535866001489994,,,,
13.806884,927,1079.0,0.2576096001489994,0.1589506001489994,0.060291600148999404,0.5535866001489994,,,,
13.807963,927,1079.0,0.2576096001489994,0.1589506001489994,0.060291600148999404,0.5535866001489994,,,,
13.809042,927,1079.0,0.2576096001489994,0.060291600148999404,-0.03836739985100059,0.4549276001489994,,,,
13.810121,927,1079.0,0.1589506001489994,0.060291600148999404,-0.03836739985100059,0.3562686001489994,,,,
13.8112,927,1079.0,0.1589506001489994,0.060291600148999404,-0.1370263998510006,0.2576096001489994,,,,
13.812279,927,1079.0,0.1589506001489994,-0.03836739985100059,-0.1370263998510006,0.1589506001489994,,,,
13.813358,927,1079.0,0.060291600148999404,-0.03836739985100059,-0.2356853998510006,0.1589506001489994,,,,
13.814437,927,1079.0,0.060291600148999404,-0.03836739985100059,-0.2356853998510006,0.060291600148999404,,,,
13.815516,927,1079.0,0.060291600148999404,-0.1370263998510006,-0.2356853998510006,-0.03836739985100059,,,,
13.816595,927,1079.0,0.060291600148999404,-0.1370263998510006,-0.33434439985100056,-0.03836739985100059,,,,
13.817674,927,1079.0,-0.03836739985100059,-0.1370263998510006,-0.2356853998510006,-0.03836739985100059,,,,
13.818753,927,1079.0,0.060291600148999404,-0.1370263998510006,-0.2356853998510006,0.1589506001489994,,,,
13.819832,927,1079.0,0.060291600148999404,-0.03836739985100059,-0.1370263998510006,0.2576096001489994,,,,
13.820911,927,1079.0,0.1589506001489994,-0.03836739985100059,-0.1370263998510006,0.3562686001489994,,,,
13.82199,927,1079.0,0.1589506001489994,-0.03836739985100059,-0.03836739985100059,0.4549276001489994,,,,
13.823069,927,1079.0,0.1589506001489994,0.060291600148999404,-0.03836739985100059,0.5535866001489994,,,,
13.824148,927,1079.0,0.1589506001489994,0.060291600148999404,0.060291600148999404,0.5535866001489994,,,,
13.825227,927,1079.0,0.2576096001489994,0.1589506001489994,0.1589506001489994,0.7509046001489994,,,,
13.826306,927,1079.0,0.3562686001489994,0.1589506001489994,0.2576096001489994,0.9482226001489994,,,,
13.827385,927,1079.0,0.3562686001489994,0.2576096001489994,0.2576096001489994,0.8495636001489993,,,,
13.828464,927,1079.0,0.3562686001489994,0.1589506001489994,0.1589506001489994,0.7509046001489994,,,,
13.829543,927,1079.0,0.2576096001489994,0.1589506001489994,0.1589506001489994,0.7509046001489994,,,,
13.830622,927,1079.0,0.2576096001489994,0.1589506001489994,0.060291600148999404,0.6522456001489993,,,,
13.831701,927,1079.0,0.1589506001489994,0.060291600148999404,0.060291600148999404,0.5535866001489994,,,,
13.83278,927,1079.0,0.1589506001489994,0.060291600148999404,0.060291600148999404,0.5535866001489994,,,,
13.833859,927,1079.0,0.1589506001489994,0.060291600148999404,0.060291600148999404,0.5535866001489994,,,,
13.834938,927,1079.0,0.060291600148999404,0.060291600148999404,0.060291600148999404,0.4549276001489994,,,,
13.836017,927,1079.0,0.060291600148999404,-0.03836739985100059,-0.03836739985100059,0.4549276001489994,,,,
13.837096,927,1079.0,0.060291600148999404,-0.03836739985100059,0.060291600148999404,0.4549276001489994,,,,
13.838175,927,1079.0,0.1589506001489994,-0.03836739985100059,0.060291600148999404,0.6522456001489993,,,,
13.839254,927,1079.0,0.1589506001489994,0.060291600148999404,0.1589506001489994,0.7509046001489994,,,,
13.840333,927,1079.0,0.1589506001489994,0.1589506001489994,0.2576096001489994,0.8495636001489993,,,,
13.841412,927,1079.0,0.2576096001489994,0.1589506001489994,0.2576096001489994,1.0468816001489993,,,,
13.842491,927,1079.0,0.1589506001489994,0.1589506001489994,0.3562686001489994,1.0468816001489993,,,,
13.84357,927,1079.0,0.2576096001489994,0.2576096001489994,0.3562686001489994,1.1455406001489994,,,,
13.844649,927,1079.0,0.2576096001489994,0.2576096001489994,0.4549276001489994,1.3428586001489993,,,,
13.845728,927,1079.0,0.3562686001489994,0.3562686001489994,0.5535866001489994,1.4415176001489993,,,,
13.846807,927,1079.0,0.3562686001489994,0.2576096001489994,0.5535866001489994,1.4415176001489993,,,,
13.847886,927,1079.0,0.2576096001489994,0.3562686001489994,0.5535866001489994,1.3428586001489993,,,,
13.848965,927,1079.0,0.2576096001489994,0.2576096001489994,0.4549276001489994,1.3428586001489993,,,,
13.850044,927,1079.0,0.2576096001489994,0.2576096001489994,0.4549276001489994,1.2441996001489994,,,,
13.851123,927,1079.0,0.2576096001489994,0.2576096001489994,0.4549276001489994,1.2441996001489994,,,,
13.852202,927,1079.0,0.1589506001489994,0.2576096001489994,0.4549276001489994,1.2441996001489994,,,,
13.853281,927,1079.0,0.2576096001489994,0.2576096001489994,0.4549276001489994,1.1455406001489994,,,,
13.85436,927,1079.0,0.1589506001489994,0.1589506001489994,0.4549276001489994,1.1455406001489994,,,,
13.855439,927,1079.0,0.1589506001489994,0.1589506001489994,0.3562686001489994,1.0468816001489993,,,,
13.856518,927,1079.0,0.1589506001489994,0.1589506001489994,0.3562686001489994,1.0468816001489993,,,,
13.857597,927,1079.0,0.1589506001489994,0.2576096001489994,0.4549276001489994,1.1455406001489994,,,,
13.858676,927,1079.0,0.1589506001489994,0.2576096001489994,0.5535866001489994,1.3428586001489993,,,,
13.859755,927,1079.0,0.1589506001489994,0.2576096001489994,0.6522456001489993,1.4415176001489993,,,,
13.860834,927,1079.0,0.2576096001489994,0.3562686001489994,0.6522456001489993,1.6388356001489994,,,,
13.861913,927,1079.0,0.2576096001489994,0.3562686001489994,0.7509046001489994,1.7374946001489993,,,,
13.862992,927,1079.0,0.2576096001489994,0.4549276001489994,0.7509046001489994,1.7374946001489993,,,,
13.864071,927,1079.0,0.3562686001489994,0.4549276001489994,0.8495636001489993,1.9348126001489994,,,,
13.86515,927,1079.0,0.4549276001489994,0.5535866001489994,0.9482226001489994,2.1321306001489995,,,,
13.866229,927,1079.0,0.3562686001489994,0.6522456001489993,0.9482226001489994,2.1321306001489995,,,,
13.867308,927,1079.0,0.3562686001489994,0.5535866001489994,0.9482226001489994,2.1321306001489995,,,,
13.868387,927,1079.0,0.3562686001489994,0.5535866001489994,0.8495636001489993,2.0334716001489994,,,,
13.869466,927,1079.0,0.3562686001489994,0.5535866001489994,0.8495636001489993,1.8361536001489993,,,,
13.870545,927,1079.0,0.3562686001489994,0.4549276001489994,0.8495636001489993,1.8361536001489993,,,,
13.871624,927,1079.0,0.2576096001489994,0.4549276001489994,0.7509046001489994,1.7374946001489993,,,,
13.872703,927,1079.0,0.2576096001489994,0.3562686001489994,0.7509046001489994,1.7374946001489993,,,,
13.873782,927,1079.0,0.2576096001489994,0.3562686001489994,0.7509046001489994,1.6388356001489994,,,,
13.874861,927,1079.0,0.1589506001489994,0.3562686001489994,0.6522456001489993,1.5401766001489994,,,,
13.87594,927,1079.0,0.1589506001489994,0.3562686001489994,0.6522456001489993,1.5401766001489994,,,,
13.877019,927,1079.0,0.1589506001489994,0.3562686001489994,0.7509046001489994,1.6388356001489994,,,,
13.878098,927,1079.0,0.2576096001489994,0.4549276001489994,0.8495636001489993,1.7374946001489993,,,,
13.879177,927,1079.0,0.2576096001489994,0.4549276001489994,0.8495636001489993,1.9348126001489994,,,,
13.880256,927,1079.0,0.2576096001489994,0.4549276001489994,0.9482226001489994,2.0334716001489994,,,,
13.881335,927,1079.0,0.3562686001489994,0.4549276001489994,0.9482226001489994,2.1321306001489995,,,,
13.882414,927,1079.0,0.3562686001489994,0.5535866001489994,0.9482226001489994,2.1321306001489995,,,,
13.883493,927,1079.0,0.3562686001489994,0.5535866001489994,1.0468816001489993,2.2307896001489995,,,,
13.884572,927,1079.0,0.4549276001489994,0.6522456001489993,1.1455406001489994,2.428107600148999,,,,
13.885651,927,1079.0,0.4549276001489994,0.6522456001489993,1.1455406001489994,2.428107600148999,,,,
13.88673,927,1079.0,0.4549276001489994,0.6522456001489993,1.1455406001489994,2.329448600148999,,,,
13.887809,927,1079.0,0.3562686001489994,0.5535866001489994,1.0468816001489993,2.329448600148999,,,,
13.888888,927,1079.0,0.3562686001489994,0.5535866001489994,1.0468816001489993,2.1321306001489995,,,,
13.889967,927,1079.0,0.3562686001489994,0.5535866001489994,0.9482226001489994,2.0334716001489994,,,,
13.891046,927,1079.0,0.2576096001489994,0.4549276001489994,0.8495636001489993,1.9348126001489994,,,,
13.892125,927,1079.0,0.2576096001489994,0.5535866001489994,0.8495636001489993,1.9348126001489994,,,,
13.893204,927,1079.0,0.2576096001489994,0.4549276001489994,0.7509046001489994,1.7374946001489993,,,,
13.894283,927,1079.0,0.1589506001489994,0.3562686001489994,0.7509046001489994,1.7374946001489993,,,,
13.895362,927,1079.0,0.1589506001489994,0.3562686001489994,0.7509046001489994,1.6388356001489994,,,,
13.896441,927,1079.0,0.2576096001489994,0.3562686001489994,0.7509046001489994,1.7374946001489993,,,,
13.89752,927,1079.0,0.2576096001489994,0.4549276001489994,0.8495636001489993,1.8361536001489993,,,,
13.898599,927,1079.0,0.2576096001489994,0.4549276001489994,0.8495636001489993,1.9348126001489994,,,,
13.899678,927,1079.0,0.2576096001489994,0.4549276001489994,0.9482226001489994,1.9348126001489994,,,,
13.900757,927,1079.0,0.3562686001489994,0.4549276001489994,0.9482226001489994,2.0334716001489994,,,,
13.901836,927,1079.0,0.3562686001489994,0.5535866001489994,0.9482226001489994,2.1321306001489995,,,,
13.902915,927,1079.0,0.3562686001489994,0.5535866001489994,0.9482226001489994,2.1321306001489995,,,,
13.903994,927,1079.0,0.4549276001489994,0.5535866001489994,1.0468816001489993,2.2307896001489995,,,,
13.905073,927,1079.0,0.3562686001489994,0.6522456001489993,1.0468816001489993,2.329448600148999,,,,
13.906152,927,1079.0,0.4549276001489994,0.6522456001489993,1.0468816001489993,2.1321306001489995,,,,
13.907231,927,1079.0,0.3562686001489994,0.5535866001489994,0.9482226001489994,2.0334716001489994,,,,
13.90831,927,1079.0,0.3562686001489994,0.4549276001489994,0.8495636001489993,1.9348126001489994,,,,
13.909389,927,1079.0,0.3562686001489994,0.4549276001489994,0.7509046001489994,1.8361536001489993,,,,
13.910468,927,1079.0,0.2576096001489994,0.4549276001489994,0.7509046001489994,1.7374946001489993,,,,
13.911547,927,1079.0,0.2576096001489994,0.3562686001489994,0.7509046001489994,1.6388356001489994,,,,
13.912626,927,1079.0,0.2576096001489994,0.3562686001489994,0.6522456001489993,1.5401766001489994,,,,
13.913705,927,1079.0,0.1589506001489994,0.2576096001489994,0.5535866001489994,1.3428586001489993,,,,
13.914784,927,1079.0,0.1589506001489994,0.2576096001489994,0.5535866001489994,1.2441996001489994,,,,
13.915863,927,1079.0,0.1589506001489994,0.2576096001489994,0.5535866001489994,1.3428586001489993,,,,
13.916942,927,1079.0,0.1589506001489994,0.2576096001489994,0.5535866001489994,1.4415176001489993,,,,
13.918021,927,1079.0,0.2576096001489994,0.2576096001489994,0.5535866001489994,1.4415176001489993,,,,
13.9191,927,1079.0,0.2576096001489994,0.2576096001489994,0.5535866001489994,1.5401766001489994,,,,
13.920179,927,1079.0,0.2576096001489994,0.3562686001489994,0.6522456001489993,1.5401766001489994,,,,
13.921258,927,1079.0,0.2576096001489994,0.3562686001489994,0.6522456001489993,1.6388356001489994,,,,
13.922337,927,1079.0,0.2576096001489994,0.3562686001489994,0.6522456001489993,1.6388356001489994,,,,
13.923416,927,1079.0,0.3562686001489994,0.3562686001489994,0.6522456001489993,1.6388356001489994,,,,
13.924495,927,1079.0,0.3562686001489994,0.4549276001489994,0.7509046001489994,1.7374946001489993,,,,
13.925574,927,1079.0,0.3562686001489994,0.4549276001489994,0.6522456001489993,1.6388356001489994,,,,
13.926653,927,1079.0,0.3562686001489994,0.3562686001489994,0.5535866001489994,1.5401766001489994,,,,
13.927732,927,1079.0,0.3562686001489994,0.3562686001489994,0.5535866001489994,1.3428586001489993,,,,
13.928811,927,1079.0,0.2576096001489994,0.2576096001489994,0.4549276001489994,1.2441996001489994,,,,
13.92989,927,1079.0,0.2576096001489994,0.2576096001489994,0.3562686001489994,1.1455406001489994,,,,
13.930969,927,1079.0,0.2576096001489994,0.2576096001489994,0.2576096001489994,1.0468816001489993,,,,
13.932048,927,1079.0,0.1589506001489994,0.1589506001489994,0.2576096001489994,0.8495636001489993,,,,
13.933127,927,1079.0,0.1589506001489994,0.1589506001489994,0.1589506001489994,0.7509046001489994,,,,
13.934206,927,1079.0,0.060291600148999404,0.060291600148999404,0.1589506001489994,0.6522456001489993,,,,
13.935285,927,1079.0,0.060291600148999404,0.060291600148999404,0.060291600148999404,0.6522456001489993,,,,
13.936364,927,1079.0,0.1589506001489994,0.060291600148999404,0.1589506001489994,0.6522456001489993,,,,
13.937443,927,1079.0,0.1589506001489994,0.1589506001489994,0.1589506001489994,0.7509046001489994,,,,
13.938522,927,1079.0,0.1589506001489994,0.1589506001489994,0.1589506001489994,0.7509046001489994,,,,
13.939601,927,1079.0,0.1589506001489994,0.1589506001489994,0.1589506001489994,0.8495636001489993,,,,
13.94068,927,1079.0,0.2576096001489994,0.1589506001489994,0.2576096001489994,0.8495636001489993,,,,
13.941759,927,1079.0,0.2576096001489994,0.1589506001489994,0.2576096001489994,0.8495636001489993,,,,
13.942838,927,1079.0,0.2576096001489994,0.1589506001489994,0.3562686001489994,1.0468816001489993,,,,
13.943917,927,1079.0,0.2576096001489994,0.2576096001489994,0.3562686001489994,1.0468816001489993,,,,
13.944996,927,1079.0,0.2576096001489994,0.2576096001489994,0.2576096001489994,1.0468816001489993,,,,
13.946075,927,1079.0,0.2576096001489994,0.2576096001489994,0.2576096001489994,0.8495636001489993,,,,
13.947154,927,1079.0,0.2576096001489994,0.1589506001489994,0.1589506001489994,0.7509046001489994,,,,
13.948233,927,1079.0,0.2576096001489994,0.060291600148999404,0.060291600148999404,0.6522456001489993,,,,
13.949312,927,1079.0,0.1589506001489994,0.060291600148999404,0.060291600148999404,0.5535866001489994,,,,
13.950391,927,1079.0,0.1589506001489994,0.060291600148999404,-0.03836739985100059,0.4549276001489994,,,,
13.95147,927,1079.0,0.060291600148999404,0.060291600148999404,-0.03836739985100059,0.2576096001489994,,,,
13.952549,927,1079.0,0.060291600148999404,-0.03836739985100059,-0.1370263998510006,0.1589506001489994,,,,
13.953628,927,1079.0,0.060291600148999404,-0.1370263998510006,-0.2356853998510006,0.060291600148999404,,,,
13.954707,927,1079.0,0.060291600148999404,-0.1370263998510006,-0.2356853998510006,0.060291600148999404,,,,
13.955786,927,1079.0,0.060291600148999404,-0.1370263998510006,-0.2356853998510006,0.1589506001489994,,,,
13.956865,927,1079.0,0.060291600148999404,-0.03836739985100059,-0.1370263998510006,0.2576096001489994,,,,
13.957944,927,1079.0,0.1589506001489994,-0.03836739985100059,-0.1370263998510006,0.2576096001489994,,,,
13.959023,927,1079.0,0.1589506001489994,-0.03836739985100059,-0.1370263998510006,0.3562686001489994,,,,
13.960102,927,1079.0,0.2576096001489994,-0.03836739985100059,-0.1370263998510006,0.3562686001489994,,,,
13.961181,927,1079.0,0.2576096001489994,0.060291600148999404,-0.03836739985100059,0.3562686001489994,,,,
13.96226,927,1079.0,0.2576096001489994,0.060291600148999404,-0.03836739985100059,0.4549276001489994,,,,
13.963339,927,1079.0,0.2576096001489994,0.1589506001489994,0.060291600148999404,0.6522456001489993,,,,
13.964418,927,1079.0,0.2576096001489994,0.1589506001489994,0.060291600148999404,0.6522456001489993,,,,
13.965497,927,1079.0,0.2576096001489994,0.060291600148999404,0.060291600148999404,0.5535866001489994,,,,
13.966576,927,1079.0,0.1589506001489994,0.060291600148999404,-0.03836739985100059,0.3562686001489994,,,,
13.967655,927,1079.0,0.2576096001489994,-0.03836739985100059,-0.1370263998510006,0.2576096001489994,,,,
13.968734,927,1079.0,0.1589506001489994,-0.03836739985100059,-0.1370263998510006,0.1589506001489994,,,,
13.969813,927,1079.0,0.1589506001489994,-0.03836739985100059,-0.1370263998510006,0.1589506001489994,,,,
13.970892,927,1079.0,0.060291600148999404,-0.1370263998510006,-0.2356853998510006,0.060291600148999404,,,,
13.971971,927,1079.0,0.060291600148999404,-0.1370263998510006,-0.33434439985100056,-0.03836739985100059,,,,
13.97305,927,1079.0,0.060291600148999404,-0.2356853998510006,-0.43300339985100056,-0.1370263998510006,,,,
13.974129,927,1079.0,0.060291600148999404,-0.2356853998510006,-0.43300339985100056,-0.1370263998510006,,,,
13.975208,927,1079.0,0.060291600148999404,-0.1370263998510006,-0.33434439985100056,-0.03836739985100059,,,,
13.976287,927,1079.0,0.060291600148999404,-0.1370263998510006,-0.33434439985100056,0.060291600148999404,,,,
13.977366,927,1079.0,0.060291600148999404,-0.03836739985100059,-0.1370263998510006,0.1589506001489994,,,,
13.978445,927,1079.0,0.1589506001489994,-0.03836739985100059,-0.1370263998510006,0.2576096001489994,,,,
13.979524,927,1079.0,0.2576096001489994,-0.03836739985100059,-0.1370263998510006,0.2576096001489994,,,,
13.980603,927,1079.0,0.1589506001489994,-0.03836739985100059,-0.03836739985100059,0.3562686001489994,,,,
13.981682,927,1079.0,0.1589506001489994,0.060291600148999404,-0.03836739985100059,0.4549276001489994,,,,
13.982761,927,1079.0,0.2576096001489994,0.1589506001489994,0.060291600148999404,0.6522456001489993,,,,
13.98384,927,1079.0,0.2576096001489994,0.1589506001489994,0.060291600148999404,0.6522456001489993,,,,
13.984919,927,1079.0,0.2576096001489994,0.060291600148999404,0.060291600148999404,0.5535866001489994,,,,
13.985998,927,1079.0,0.2576096001489994,0.060291600148999404,0.060291600148999404,0.5535866001489994,,,,
13.987077,927,1079.0,0.2576096001489994,0.060291600148999404,-0.03836739985100059,0.3562686001489994,,,,
13.988156,927,1079.0,0.1589506001489994,-0.03836739985100059,-0.1370263998510006,0.3562686001489994,,,,
13.989235,927,1079.0,0.1589506001489994,-0.03836739985100059,-0.1370263998510006,0.2576096001489994,,,,
13.990314,927,1079.0,0.1589506001489994,-0.03836739985100059,-0.1370263998510006,0.2576096001489994,,,,
13.991393,927,1079.0,0.060291600148999404,-0.1370263998510006,-0.1370263998510006,0.1589506001489994,,,,
13.992472,927,1079.0,0.060291600148999404,-0.1370263998510006,-0.2356853998510006,0.060291600148999404,,,,
13.993551,927,1079.0,0.060291600148999404,-0.1370263998510006,-0.2356853998510006,0.060291600148999404,,,,
13.99463,927,1079.0,0.060291600148999404,-0.1370263998510006,-0.2356853998510006,0.1589506001489994,,,,
13.995709,927,1079.0,0.060291600148999404,-0.03836739985100059,-0.1370263998510006,0.2576096001489994,,,,
13.996788,927,1079.0,0.1589506001489994,-0.03836739985100059,0.060291600148999404,0.4549276001489994,,,,
13.997867,927,1079.0,0.1589506001489994,0.060291600148999404,0.060291600148999404,0.5535866001489994,,,,
13.998946,927,1079.0,0.1589506001489994,0.1589506001489994,0.060291600148999404,0.6522456001489993,,,,
14.000025,927,1079.0,0.2576096001489994,0.060291600148999404,0.1589506001489994,0.7509046001489994,,,,
14.001104,927,1079.0,0.2576096001489994,0.1589506001489994,0.1589506001489994,0.8495636001489993,,,,
14.002183,927,1079.0,0.2576096001489994,0.2576096001489994,0.2576096001489994,1.0468816001489993,,,,
14.003262,927,1079.0,0.3562686001489994,0.2576096001489994,0.3562686001489994,1.0468816001489993,,,,
14.004341,927,1079.0,0.3562686001489994,0.2576096001489994,0.3562686001489994,1.0468816001489993,,,,
14.00542,927,1079.0,0.2576096001489994,0.2576096001489994,0.2576096001489994,0.9482226001489994,,,,
14.006499,927,1079.0,0.2576096001489994,0.1589506001489994,0.1589506001489994,0.9482226001489994,,,,
14.007578,927,1079.0,0.2576096001489994,0.1589506001489994,0.2576096001489994,0.8495636001489993,,,,
14.008657,927,1079.0,0.2576096001489994,0.060291600148999404,0.1589506001489994,0.8495636001489993,,,,
14.009736,927,1079.0,0.1589506001489994,0.1589506001489994,0.1589506001489994,0.8495636001489993,,,,
14.010815,927,1079.0,0.1589506001489994,0.060291600148999404,0.1589506001489994,0.7509046001489994,,,,
14.011894,927,1079.0,0.060291600148999404,0.060291600148999404,0.1589506001489994,0.6522456001489993,,,,
14.012973,927,1079.0,0.1589506001489994,0.060291600148999404,0.060291600148999404,0.6522456001489993,,,,
14.014052,927,1079.0,0.060291600148999404,0.060291600148999404,0.1589506001489994,0.7509046001489994,,,,
14.015131,927,1079.0,0.1589506001489994,0.060291600148999404,0.2576096001489994,0.9482226001489994,,,,
14.01621,927,1079.0,0.1589506001489994,0.1589506001489994,0.3562686001489994,1.0468816001489993,,,,
14.017289,927,1079.0,0.2576096001489994,0.2576096001489994,0.3562686001489994,1.1455406001489994,,,,
14.018368,927,1079.0,0.2576096001489994,0.2576096001489994,0.4549276001489994,1.3428586001489993,,,,
14.019447,927,1079.0,0.2576096001489994,0.3562686001489994,0.5535866001489994,1.3428586001489993,,,,
14.020526,927,1079.0,0.2576096001489994,0.3562686001489994,0.5535866001489994,1.4415176001489993,,,,
14.021605,927,1079.0,0.3562686001489994,0.4549276001489994,0.7509046001489994,1.6388356001489994,,,,
14.022684,927,1079.0,0.3562686001489994,0.4549276001489994,0.7509046001489994,1.7374946001489993,,,,
14.023763,927,1079.0,0.3562686001489994,0.4549276001489994,0.7509046001489994,1.7374946001489993,,,,
14.024842,927,1079.0,0.3562686001489994,0.4549276001489994,0.7509046001489994,1.6388356001489994,,,,
14.025921,927,1079.0,0.2576096001489994,0.4549276001489994,0.6522456001489993,1.5401766001489994,,,,
14.027,927,1079.0,0.2576096001489994,0.3562686001489994,0.6522456001489993,1.5401766001489994,,,,
14.028079,927,1079.0,0.2576096001489994,0.3562686001489994,0.6522456001489993,1.5401766001489994,,,,
14.029158,927,1079.0,0.1589506001489994,0.3562686001489994,0.5535866001489994,1.4415176001489993,,,,
14.030237,927,1079.0,0.1589506001489994,0.3562686001489994,0.5535866001489994,1.3428586001489993,,,,
14.031316,927,1079.0,0.1589506001489994,0.2576096001489994,0.5535866001489994,1.3428586001489993,,,,
14.032395,927,1079.0,0.1589506001489994,0.2576096001489994,0.5535866001489994,1.3428586001489993,,,,
14.033474,927,1079.0,0.1589506001489994,0.2576096001489994,0.5535866001489994,1.4415176001489993,,,,
14.034553,927,1079.0,0.1589506001489994,0.3562686001489994,0.6522456001489993,1.5401766001489994,,,,
14.035632,927,1079.0,0.2576096001489994,0.3562686001489994,0.6522456001489993,1.6388356001489994,,,,
14.036711,927,1079.0,0.2576096001489994,0.4549276001489994,0.7509046001489994,1.7374946001489993,,,,
14.03779,927,1079.0,0.2576096001489994,0.4549276001489994,0.8495636001489993,1.8361536001489993,,,,
14.038869,927,1079.0,0.3562686001489994,0.4549276001489994,0.8495636001489993,1.9348126001489994,,,,
14.039948,927,1079.0,0.3562686001489994,0.4549276001489994,0.9482226001489994,2.0334716001489994,,,,
14.041027,927,1079.0,0.3562686001489994,0.5535866001489994,1.0468816001489993,2.2307896001489995,,,,
14.042106,927,1079.0,0.4549276001489994,0.5535866001489994,1.0468816001489993,2.329448600148999,,,,
14.043185,927,1079.0,0.3562686001489994,0.5535866001489994,1.0468816001489993,2.2307896001489995,,,,
14.044264,927,1079.0,0.3562686001489994,0.5535866001489994,1.0468816001489993,2.2307896001489995,,,,
14.045343,927,1079.0,0.3562686001489994,0.5535866001489994,0.9482226001489994,2.1321306001489995,,,,
14.046422,927,1079.0,0.2576096001489994,0.4549276001489994,0.9482226001489994,2.0334716001489994,,,,
14.047501,927,1079.0,0.2576096001489994,0.4549276001489994,0.8495636001489993,1.9348126001489994,,,,
14.04858,927,1079.0,0.2576096001489994,0.4549276001489994,0.8495636001489993,1.8361536001489993,,,,
14.049659,927,1079.0,0.2576096001489994,0.3562686001489994,0.7509046001489994,1.8361536001489993,,,,
14.050738,927,1079.0,0.2576096001489994,0.3562686001489994,0.7509046001489994,1.7374946001489993,,,,
14.051817,927,1079.0,0.1589506001489994,0.4549276001489994,0.7509046001489994,1.6388356001489994,,,,
14.052896,927,1079.0,0.1589506001489994,0.3562686001489994,0.7509046001489994,1.7374946001489993,,,,
14.053975,927,1079.0,0.2576096001489994,0.4549276001489994,0.8495636001489993,1.8361536001489993,,,,
14.055054,927,1079.0,0.2576096001489994,0.4549276001489994,0.8495636001489993,1.9348126001489994,,,,
14.056133,927,1079.0,0.2576096001489994,0.4549276001489994,0.9482226001489994,2.0334716001489994,,,,
14.057212,927,1079.0,0.3562686001489994,0.5535866001489994,0.9482226001489994,2.1321306001489995,,,,
14.058291,927,1079.0,0.3562686001489994,0.5535866001489994,1.0468816001489993,2.1321306001489995,,,,
14.05937,927,1079.0,0.3562686001489994,0.5535866001489994,1.0468816001489993,2.2307896001489995,,,,
14.060449,927,1079.0,0.3562686001489994,0.5535866001489994,1.1455406001489994,2.329448600148999,,,,
14.061528,927,1079.0,0.4549276001489994,0.6522456001489993,1.1455406001489994,2.428107600148999,,,,
14.062607,927,1079.0,0.4549276001489994,0.6522456001489993,1.1455406001489994,2.428107600148999,,,,
14.063686,927,1079.0,0.4549276001489994,0.5535866001489994,1.0468816001489993,2.329448600148999,,,,
14.064765,927,1079.0,0.3562686001489994,0.5535866001489994,1.0468816001489993,2.2307896001489995,,,,
14.065844,927,1079.0,0.3562686001489994,0.5535866001489994,0.9482226001489994,2.1321306001489995,,,,
14.066923,927,1079.0,0.2576096001489994,0.4549276001489994,0.9482226001489994,2.0334716001489994,,,,
14.068002,927,1079.0,0.2576096001489994,0.4549276001489994,0.8495636001489993,1.9348126001489994,,,,
14.069081,927,1079.0,0.2576096001489994,0.3562686001489994,0.7509046001489994,1.8361536001489993,,,,
14.07016,927,1079.0,0.2576096001489994,0.3562686001489994,0.7509046001489994,1.7374946001489993,,,,
14.071239,927,1079.0,0.1589506001489994,0.3562686001489994,0.6522456001489993,1.5401766001489994,,,,
14.072318,927,1079.0,0.1589506001489994,0.3562686001489994,0.6522456001489993,1.5401766001489994,,,,
14.073397,927,1079.0,0.2576096001489994,0.3562686001489994,0.7509046001489994,1.6388356001489994,,,,
14.074476,927,1079.0,0.2576096001489994,0.3562686001489994,0.7509046001489994,1.7374946001489993,,,,
14.075555,927,1079.0,0.2576096001489994,0.3562686001489994,0.8495636001489993,1.8361536001489993,,,,
14.076634,927,1079.0,0.2576096001489994,0.4549276001489994,0.8495636001489993,1.8361536001489993,,,,
14.077713,927,1079.0,0.2576096001489994,0.4549276001489994,0.8495636001489993,1.8361536001489993,,,,
14.078792,927,1079.0,0.3562686001489994,0.4549276001489994,0.8495636001489993,1.9348126001489994,,,,
14.079871,927,1079.0,0.3562686001489994,0.5535866001489994,0.8495636001489993,2.0334716001489994,,,,
14.08095,927,1079.0,0.4549276001489994,0.5535866001489994,0.9482226001489994,2.1321306001489995,,,,
14.082029,927,1079.0,0.4549276001489994,0.5535866001489994,0.9482226001489994,2.1321306001489995,,,,
14.083108,927,1079.0,0.4549276001489994,0.5535866001489994,0.8495636001489993,2.0334716001489994,,,,
14.084187,927,1079.0,0.3562686001489994,0.4549276001489994,0.8495636001489993,1.8361536001489993,,,,
14.085266,927,1079.0,0.3562686001489994,0.4549276001489994,0.7509046001489994,1.6388356001489994,,,,
14.086345,927,1079.0,0.2576096001489994,0.3562686001489994,0.6522456001489993,1.5401766001489994,,,,
14.087424,927,1079.0,0.2576096001489994,0.3562686001489994,0.6522456001489993,1.4415176001489993,,,,
14.088503,927,1079.0,0.2576096001489994,0.2576096001489994,0.5535866001489994,1.3428586001489993,,,,
14.089582,927,1079.0,0.1589506001489994,0.2576096001489994,0.4549276001489994,1.2441996001489994,,,,
14.090661,927,1079.0,0.1589506001489994,0.1589506001489994,0.3562686001489994,1.1455406001489994,,,,
14.09174,927,1079.0,0.1589506001489994,0.1589506001489994,0.3562686001489994,1.0468816001489993,,,,
14.092819,927,1079.0,0.1589506001489994,0.1589506001489994,0.4549276001489994,1.1455406001489994,,,,
14.093898,927,1079.0,0.1589506001489994,0.1589506001489994,0.3562686001489994,1.2441996001489994,,,,
14.094977,927,1079.0,0.2576096001489994,0.2576096001489994,0.4549276001489994,1.2441996001489994,,,,
14.096056,927,1079.0,0.2576096001489994,0.3562686001489994,0.4549276001489994,1.2441996001489994,,,,
14.097135,927,1079.0,0.2576096001489994,0.2576096001489994,0.5535866001489994,1.3428586001489993,,,,
14.098214,927,1079.0,0.2576096001489994,0.3562686001489994,0.4549276001489994,1.3428586001489993,,,,
14.099293,927,1079.0,0.2576096001489994,0.3562686001489994,0.5535866001489994,1.3428586001489993,,,,
14.100372,927,1079.0,0.3562686001489994,0.3562686001489994,0.5535866001489994,1.4415176001489993,,,,
14.101451,927,1079.0,0.3562686001489994,0.4549276001489994,0.5535866001489994,1.4415176001489993,,,,
14.10253,927,1079.0,0.3562686001489994,0.2576096001489994,0.4549276001489994,1.3428586001489993,,,,
14.103609,927,1079.0,0.2576096001489994,0.2576096001489994,0.4549276001489994,1.2441996001489994,,,,
14.104688,927,1079.0,0.2576096001489994,0.2576096001489994,0.3562686001489994,1.0468816001489993,,,,
14.105767,927,1079.0,0.2576096001489994,0.1589506001489994,0.2576096001489994,0.9482226001489994,,,,
14.106846,927,1079.0,0.1589506001489994,0.1589506001489994,0.2576096001489994,0.8495636001489993,,,,
14.107925,927,1079.0,0.1589506001489994,0.1589506001489994,0.1589506001489994,0.7509046001489994,,,,
14.109004,927,1079.0,0.1589506001489994,0.060291600148999404,0.060291600148999404,0.6522456001489993,,,,
14.110083,927,1079.0,0.060291600148999404,0.060291600148999404,0.060291600148999404,0.4549276001489994,,,,
14.111162,927,1079.0,0.060291600148999404,-0.03836739985100059,-0.03836739985100059,0.3562686001489994,,,,
14.112241,927,1079.0,0.060291600148999404,-0.03836739985100059,-0.03836739985100059,0.4549276001489994,,,,
14.11332,927,1079.0,0.060291600148999404,0.060291600148999404,0.060291600148999404,0.5535866001489994,,,,
14.114399,927,1079.0,0.1589506001489994,0.060291600148999404,0.060291600148999404,0.5535866001489994,,,,
14.115478,927,1079.0,0.1589506001489994,0.060291600148999404,0.060291600148999404,0.6522456001489993,,,,
14.116557,927,1079.0,0.2576096001489994,0.060291600148999404,0.1589506001489994,0.6522456001489993,,,,
14.117636,927,1079.0,0.2576096001489994,0.060291600148999404,0.1589506001489994,0.7509046001489994,,,,
14.118715,927,1079.0,0.2576096001489994,0.1589506001489994,0.1589506001489994,0.7509046001489994,,,,
14.119794,927,1079.0,0.2576096001489994,0.1589506001489994,0.1589506001489994,0.8495636001489993,,,,
14.120873,927,1079.0,0.3562686001489994,0.1589506001489994,0.1589506001489994,0.8495636001489993,,,,
14.121952,927,1079.0,0.2576096001489994,0.1589506001489994,0.1589506001489994,0.7509046001489994,,,,
14.123031,927,1079.0,0.2576096001489994,0.1589506001489994,0.060291600148999404,0.6522456001489993,,,,
14.12411,927,1079.0,0.2576096001489994,0.060291600148999404,0.060291600148999404,0.5535866001489994,,,,
14.125189,927,1079.0,0.1589506001489994,0.060291600148999404,-0.03836739985100059,0.3562686001489994,,,,
14.126268,927,1079.0,0.1589506001489994,0.060291600148999404,-0.03836739985100059,0.2576096001489994,,,,
14.127347,927,1079.0,0.1589506001489994,-0.03836739985100059,-0.1370263998510006,0.2576096001489994,,,,
14.128426,927,1079.0,0.060291600148999404,-0.03836739985100059,-0.2356853998510006,0.1589506001489994,,,,
14.129505,927,1079.0,0.060291600148999404,-0.1370263998510006,-0.2356853998510006,0.060291600148999404,,,,
14.130584,927,1079.0,-0.03836739985100059,-0.1370263998510006,-0.2356853998510006,-0.03836739985100059,,,,
14.131663,927,1079.0,0.060291600148999404,-0.1370263998510006,-0.2356853998510006,-0.03836739985100059,,,,
14.132742,927,1079.0,0.060291600148999404,-0.03836739985100059,-0.2356853998510006,0.060291600148999404,,,,
14.133821,927,1079.0,0.060291600148999404,-0.03836739985100059,-0.2356853998510006,0.1589506001489994,,,,
14.1349,927,1079.0,0.1589506001489994,-0.03836739985100059,-0.1370263998510006,0.1589506001489994,,,,
14.135979,927,1079.0,0.1589506001489994,-0.03836739985100059,-0.1370263998510006,0.2576096001489994,,,,
14.137058,927,1079.0,0.1589506001489994,0.060291600148999404,-0.1370263998510006,0.2576096001489994,,,,
14.138137,927,1079.0,0.1589506001489994,0.060291600148999404,-0.03836739985100059,0.3562686001489994,,,,
14.139216,927,1079.0,0.2576096001489994,0.060291600148999404,-0.03836739985100059,0.5535866001489994,,,,
14.140295,927,1079.0,0.2576096001489994,0.1589506001489994,0.060291600148999404,0.5535866001489994,,,,
14.141374,927,1079.0,0.2576096001489994,0.060291600148999404,0.060291600148999404,0.5535866001489994,,,,
14.142453,927,1079.0,0.2576096001489994,0.060291600148999404,-0.03836739985100059,0.4549276001489994,,,,
14.143532,927,1079.0,0.1589506001489994,0.060291600148999404,-0.1370263998510006,0.3562686001489994,,,,
14.144611,927,1079.0,0.1589506001489994,-0.03836739985100059,-0.1370263998510006,0.2576096001489994,,,,
14.14569,927,1079.0,0.1589506001489994,-0.03836739985100059,-0.1370263998510006,0.1589506001489994,,,,
14.146769,927,1079.0,0.1589506001489994,-0.1370263998510006,-0.2356853998510006,0.1589506001489994,,,,
14.147848,927,1079.0,0.1589506001489994,-0.1370263998510006,-0.2356853998510006,0.060291600148999404,,,,
14.148927,927,1079.0,0.060291600148999404,-0.1370263998510006,-0.33434439985100056,-0.03836739985100059,,,,
14.150006,927,1079.0,0.060291600148999404,-0.1370263998510006,-0.33434439985100056,-0.1370263998510006,,,,
14.151085,927,1079.0,0.060291600148999404,-0.1370263998510006,-0.33434439985100056,-0.03836739985100059,,,,
14.152164,927,1079.0,0.060291600148999404,-0.1370263998510006,-0.2356853998510006,0.060291600148999404,,,,
14.153243,927,1079.0,0.1589506001489994,-0.1370263998510006,-0.2356853998510006,0.1589506001489994,,,,
14.154322,927,1079.0,0.1589506001489994,-0.03836739985100059,-0.1370263998510006,0.2576096001489994,,,,
14.155401,927,1079.0,0.1589506001489994,-0.03836739985100059,-0.1370263998510006,0.3562686001489994,,,,
14.15648,927,1079.0,0.2576096001489994,0.060291600148999404,-0.03836739985100059,0.3562686001489994,,,,
14.157559,927,1079.0,0.2576096001489994,0.060291600148999404,0.060291600148999404,0.4549276001489994,,,,
14.158638,927,1079.0,0.2576096001489994,0.060291600148999404,0.060291600148999404,0.6522456001489993,,,,
14.159717,927,1079.0,0.2576096001489994,0.1589506001489994,0.1589506001489994,0.7509046001489994,,,,
14.160796,927,1079.0,0.3562686001489994,0.1589506001489994,0.1589506001489994,0.7509046001489994,,,,
14.161875,927,1079.0,0.2576096001489994,0.1589506001489994,0.060291600148999404,0.6522456001489993,,,,
14.162954,927,1079.0,0.2576096001489994,0.1589506001489994,0.060291600148999404,0.5535866001489994,,,,
14.164033,927,1079.0,0.2576096001489994,0.060291600148999404,0.060291600148999404,0.5535866001489994,,,,
14.165112,927,1079.0,0.1589506001489994,0.060291600148999404,0.060291600148999404,0.4549276001489994,,,,
14.166191,927,1079.0,0.1589506001489994,0.060291600148999404,-0.03836739985100059,0.4549276001489994,,,,
14.16727,927,1079.0,0.060291600148999404,-0.03836739985100059,-0.03836739985100059,0.3562686001489994,,,,
14.168349,927,1079.0,0.060291600148999404,-0.03836739985100059,-0.03836739985100059,0.3562686001489994,,,,
14.169428,927,1079.0,0.060291600148999404,-0.03836739985100059,-0.1370263998510006,0.2576096001489994,,,,
14.170507,927,1079.0,0.060291600148999404,-0.03836739985100059,-0.03836739985100059,0.3562686001489994,,,,
14.171586,927,1079.0,0.060291600148999404,-0.03836739985100059,-0.03836739985100059,0.4549276001489994,,,,
14.172665,927,1079.0,0.060291600148999404,0.060291600148999404,0.060291600148999404,0.5535866001489994,,,,
14.173744,927,1079.0,0.1589506001489994,0.060291600148999404,0.060291600148999404,0.7509046001489994,,,,
14.174823,927,1079.0,0.1589506001489994,0.1589506001489994,0.1589506001489994,0.8495636001489993,,,,
14.175902,927,1079.0,0.1589506001489994,0.1589506001489994,0.2576096001489994,0.8495636001489993,,,,
14.176981,927,1079.0,0.2576096001489994,0.1589506001489994,0.2576096001489994,1.0468816001489993,,,,
14.17806,927,1079.0,0.2576096001489994,0.1589506001489994,0.3562686001489994,1.1455406001489994,,,,
14.179139,927,1079.0,0.3562686001489994,0.2576096001489994,0.4549276001489994,1.3428586001489993,,,,
14.180218,927,1079.0,0.3562686001489994,0.2576096001489994,0.5535866001489994,1.3428586001489993,,,,
14.181297,927,1079.0,0.3562686001489994,0.2576096001489994,0.4549276001489994,1.2441996001489994,,,,
14.182376,927,1079.0,0.3562686001489994,0.2576096001489994,0.4549276001489994,1.2441996001489994,,,,
14.183455,927,1079.0,0.2576096001489994,0.2576096001489994,0.4549276001489994,1.1455406001489994,,,,
14.184534,927,1079.0,0.2576096001489994,0.2576096001489994,0.3562686001489994,1.0468816001489993,,,,
14.185613,927,1079.0,0.1589506001489994,0.1589506001489994,0.3562686001489994,1.0468816001489993,,,,
14.186692,927,1079.0,0.1589506001489994,0.1589506001489994,0.2576096001489994,0.9482226001489994,,,,
14.187771,927,1079.0,0.1589506001489994,0.1589506001489994,0.2576096001489994,0.9482226001489994,,,,
14.18885,927,1079.0,0.060291600148999404,0.1589506001489994,0.2576096001489994,0.8495636001489993,,,,
14.189929,927,1079.0,0.1589506001489994,0.1589506001489994,0.2576096001489994,0.8495636001489993,,,,
14.191008,927,1079.0,0.1589506001489994,0.1589506001489994,0.3562686001489994,1.0468816001489993,,,,
14.192087,927,1079.0,0.2576096001489994,0.2576096001489994,0.4549276001489994,1.2441996001489994,,,,
14.193166,927,1079.0,0.2576096001489994,0.2576096001489994,0.5535866001489994,1.3428586001489993,,,,
14.194245,927,1079.0,0.2576096001489994,0.3562686001489994,0.5535866001489994,1.4415176001489993,,,,
14.195324,927,1079.0,0.2576096001489994,0.3562686001489994,0.6522456001489993,1.5401766001489994,,,,
14.196403,927,1079.0,0.3562686001489994,0.3562686001489994,0.6522456001489993,1.6388356001489994,,,,
14.197482,927,1079.0,0.3562686001489994,0.3562686001489994,0.7509046001489994,1.7374946001489993,,,,
14.198561,927,1079.0,0.3562686001489994,0.5535866001489994,0.8495636001489993,1.9348126001489994,,,,
14.19964,927,1079.0,0.4549276001489994,0.5535866001489994,0.9482226001489994,1.9348126001489994,,,,
14.200719,927,1079.0,0.3562686001489994,0.4549276001489994,0.8495636001489993,1.9348126001489994,,,,
14.201798,927,1079.0,0.3562686001489994,0.4549276001489994,0.8495636001489993,1.8361536001489993,,,,
14.202877,927,1079.0,0.3562686001489994,0.4549276001489994,0.8495636001489993,1.7374946001489993,,,,
14.203956,927,1079.0,0.2576096001489994,0.4549276001489994,0.7509046001489994,1.6388356001489994,,,,
14.205035,927,1079.0,0.2576096001489994,0.3562686001489994,0.7509046001489994,1.6388356001489994,,,,
14.206114,927,1079.0,0.2576096001489994,0.4549276001489994,0.6522456001489993,1.6388356001489994,,,,
14.207193,927,1079.0,0.1589506001489994,0.3562686001489994,0.6522456001489993,1.5401766001489994,,,,
14.208272,927,1079.0,0.1589506001489994,0.2576096001489994,0.6522456001489993,1.4415176001489993,,,,
14.209351,927,1079.0,0.1589506001489994,0.2576096001489994,0.5535866001489994,1.5401766001489994,,,,
14.21043,927,1079.0,0.1589506001489994,0.2576096001489994,0.6522456001489993,1.6388356001489994,,,,
14.211509,927,1079.0,0.1589506001489994,0.3562686001489994,0.7509046001489994,1.6388356001489994,,,,
14.212588,927,1079.0,0.2576096001489994,0.4549276001489994,0.8495636001489993,1.8361536001489993,,,,
14.213667,927,1079.0,0.2576096001489994,0.4549276001489994,0.8495636001489993,1.9348126001489994,,,,
14.214746,927,1079.0,0.3562686001489994,0.4549276001489994,0.9482226001489994,2.0334716001489994,,,,
14.215825,927,1079.0,0.3562686001489994,0.4549276001489994,1.0468816001489993,2.1321306001489995,,,,
14.216904,927,1079.0,0.3562686001489994,0.5535866001489994,1.0468816001489993,2.1321306001489995,,,,
14.217983,927,1079.0,0.3562686001489994,0.6522456001489993,1.1455406001489994,2.329448600148999,,,,
14.219062,927,1079.0,0.4549276001489994,0.6522456001489993,1.1455406001489994,2.428107600148999,,,,
14.220141,927,1079.0,0.4549276001489994,0.5535866001489994,1.1455406001489994,2.329448600148999,,,,
14.22122,927,1079.0,0.3562686001489994,0.5535866001489994,1.0468816001489993,2.329448600148999,,,,
14.222299,927,1079.0,0.3562686001489994,0.5535866001489994,0.9482226001489994,2.1321306001489995,,,,
14.223378,927,1079.0,0.3562686001489994,0.5535866001489994,0.9482226001489994,2.0334716001489994,,,,
14.224457,927,1079.0,0.2576096001489994,0.4549276001489994,0.8495636001489993,2.0334716001489994,,,,
14.225536,927,1079.0,0.2576096001489994,0.5535866001489994,0.8495636001489993,1.9348126001489994,,,,
14.226615,927,1079.0,0.2576096001489994,0.3562686001489994,0.8495636001489993,1.8361536001489993,,,,
14.227694,927,1079.0,0.1589506001489994,0.3562686001489994,0.7509046001489994,1.7374946001489993,,,,
14.228773,927,1079.0,0.1589506001489994,0.3562686001489994,0.7509046001489994,1.6388356001489994,,,,
14.229852,927,1079.0,0.2576096001489994,0.3562686001489994,0.7509046001489994,1.7374946001489993,,,,
14.230931,927,1079.0,0.2576096001489994,0.3562686001489994,0.8495636001489993,1.8361536001489993,,,,
14.23201,927,1079.0,0.2576096001489994,0.4549276001489994,0.9482226001489994,1.9348126001489994,,,,
14.233089,927,1079.0,0.2576096001489994,0.5535866001489994,0.9482226001489994,2.0334716001489994,,,,
14.234168,927,1079.0,0.3562686001489994,0.5535866001489994,0.9482226001489994,2.1321306001489995,,,,
14.235247,927,1079.0,0.3562686001489994,0.4549276001489994,0.9482226001489994,2.1321306001489995,,,,
14.236326,927,1079.0,0.3562686001489994,0.5535866001489994,1.0468816001489993,2.2307896001489995,,,,
14.237405,927,1079.0,0.3562686001489994,0.5535866001489994,1.1455406001489994,2.329448600148999,,,,
14.238484,927,1079.0,0.4549276001489994,0.6522456001489993,1.1455406001489994,2.428107600148999,,,,
14.239563,927,1079.0,0.4549276001489994,0.6522456001489993,1.0468816001489993,2.329448600148999,,,,
14.240642,927,1079.0,0.3562686001489994,0.5535866001489994,1.0468816001489993,2.2307896001489995,,,,
14.241721,927,1079.0,0.3562686001489994,0.5535866001489994,0.9482226001489994,2.0334716001489994,,,,
14.2428,927,1079.0,0.2576096001489994,0.5535866001489994,0.8495636001489993,1.9348126001489994,,,,
14.243879,927,1079.0,0.3562686001489994,0.4549276001489994,0.8495636001489993,1.8361536001489993,,,,
14.244958,927,1079.0,0.2576096001489994,0.4549276001489994,0.7509046001489994,1.7374946001489993,,,,
14.246037,927,1079.0,0.2576096001489994,0.3562686001489994,0.6522456001489993,1.6388356001489994,,,,
14.247116,927,1079.0,0.1589506001489994,0.2576096001489994,0.6522456001489993,1.5401766001489994,,,,
14.248195,927,1079.0,0.1589506001489994,0.2576096001489994,0.5535866001489994,1.4415176001489993,,,,
14.249274,927,1079.0,0.1589506001489994,0.2576096001489994,0.5535866001489994,1.4415176001489993,,,,
14.250353,927,1079.0,0.1589506001489994,0.2576096001489994,0.6522456001489993,1.5401766001489994,,,,
14.251432,927,1079.0,0.1589506001489994,0.3562686001489994,0.6522456001489993,1.5401766001489994,,,,
14.252511,927,1079.0,0.2576096001489994,0.3562686001489994,0.6522456001489993,1.6388356001489994,,,,
14.25359,927,1079.0,0.2576096001489994,0.3562686001489994,0.7509046001489994,1.6388356001489994,,,,
14.254669,927,1079.0,0.2576096001489994,0.4549276001489994,0.7509046001489994,1.7374946001489993,,,,
14.255748,927,1079.0,0.3562686001489994,0.4549276001489994,0.7509046001489994,1.7374946001489993,,,,
14.256827,927,1079.0,0.3562686001489994,0.4549276001489994,0.7509046001489994,1.8361536001489993,,,,
14.257906,927,1079.0,0.3562686001489994,0.5535866001489994,0.8495636001489993,1.8361536001489993,,,,
14.258985,927,1079.0,0.4549276001489994,0.5535866001489994,0.8495636001489993,1.8361536001489993,,,,
14.260064,927,1079.0,0.3562686001489994,0.4549276001489994,0.7509046001489994,1.6388356001489994,,,,
14.261143,927,1079.0,0.2576096001489994,0.4549276001489994,0.6522456001489993,1.5401766001489994,,,,
14.262222,927,1079.0,0.2576096001489994,0.3562686001489994,0.5535866001489994,1.3428586001489993,,,,
14.263301,927,1079.0,0.2576096001489994,0.2576096001489994,0.5535866001489994,1.3428586001489993,,,,
14.26438,927,1079.0,0.2576096001489994,0.2576096001489994,0.4549276001489994,1.1455406001489994,,,,
14.265459,927,1079.0,0.1589506001489994,0.1589506001489994,0.3562686001489994,1.0468816001489993,,,,
14.266538,927,1079.0,0.1589506001489994,0.1589506001489994,0.3562686001489994,0.9482226001489994,,,,
14.267617,927,1079.0,0.1589506001489994,0.060291600148999404,0.2576096001489994,0.7509046001489994,,,,
14.268696,927,1079.0,0.060291600148999404,0.1589506001489994,0.2576096001489994,0.8495636001489993,,,,
14.269775,927,1079.0,0.1589506001489994,0.1589506001489994,0.1589506001489994,0.9482226001489994,,,,
14.270854,927,1079.0,0.1589506001489994,0.1589506001489994,0.2576096001489994,0.9482226001489994,,,,
14.271933,927,1079.0,0.1589506001489994,0.1589506001489994,0.3562686001489994,1.0468816001489993,,,,
14.273012,927,1079.0,0.2576096001489994,0.1589506001489994,0.3562686001489994,1.0468816001489993,,,,
14.274091,927,1079.0,0.2576096001489994,0.2576096001489994,0.3562686001489994,1.1455406001489994,,,,
14.27517,927,1079.0,0.2576096001489994,0.2576096001489994,0.3562686001489994,1.0468816001489993,,,,
14.276249,927,1079.0,0.2576096001489994,0.2576096001489994,0.3562686001489994,1.1455406001489994,,,,
14.277328,927,1079.0,0.3562686001489994,0.2576096001489994,0.4549276001489994,1.3428586001489993,,,,
14.278407,927,1079.0,0.3562686001489994,0.3562686001489994,0.4549276001489994,1.2441996001489994,,,,
14.279486,927,1079.0,0.3562686001489994,0.2576096001489994,0.2576096001489994,1.0468816001489993,,,,
14.280565,927,1079.0,0.2576096001489994,0.1589506001489994,0.2576096001489994,0.9482226001489994,,,,
14.281644,927,1079.0,0.2576096001489994,0.1589506001489994,0.1589506001489994,0.7509046001489994,,,,
14.282723,927,1079.0,0.1589506001489994,0.060291600148999404,0.1589506001489994,0.6522456001489993,,,,
14.283802,927,1079.0,0.1589506001489994,0.060291600148999404,0.060291600148999404,0.5535866001489994,,,,
14.284881,927,1079.0,0.1589506001489994,0.060291600148999404,0.060291600148999404,0.4549276001489994,,,,
14.28596,927,1079.0,0.060291600148999404,-0.03836739985100059,-0.03836739985100059,0.3562686001489994,,,,
14.287039,927,1079.0,0.060291600148999404,-0.03836739985100059,-0.1370263998510006,0.1589506001489994,,,,
14.288118,927,1079.0,0.060291600148999404,-0.03836739985100059,-0.2356853998510006,0.2576096001489994,,,,
14.289197,927,1079.0,0.060291600148999404,-0.03836739985100059,-0.1370263998510006,0.2576096001489994,,,,
14.290276,927,1079.0,0.060291600148999404,-0.03836739985100059,-0.03836739985100059,0.3562686001489994,,,,
14.291355,927,1079.0,0.1589506001489994,-0.03836739985100059,-0.03836739985100059,0.4549276001489994,,,,
14.292434,927,1079.0,0.1589506001489994,0.060291600148999404,-0.03836739985100059,0.4549276001489994,,,,
14.293513,927,1079.0,0.1589506001489994,0.060291600148999404,-0.03836739985100059,0.5535866001489994,,,,
14.294592,927,1079.0,0.2576096001489994,0.060291600148999404,-0.03836739985100059,0.5535866001489994,,,,
14.295671,927,1079.0,0.2576096001489994,0.060291600148999404,0.060291600148999404,0.6522456001489993,,,,
14.29675,927,1079.0,0.2576096001489994,0.1589506001489994,0.1589506001489994,0.7509046001489994,,,,
14.297829,927,1079.0,0.3562686001489994,0.1589506001489994,0.1589506001489994,0.7509046001489994,,,,
14.298908,927,1079.0,0.2576096001489994,0.060291600148999404,0.060291600148999404,0.6522456001489993,,,,
14.299987,927,1079.0,0.2576096001489994,0.060291600148999404,0.060291600148999404,0.5535866001489994,,,,
14.301066,927,1079.0,0.1589506001489994,0.060291600148999404,-0.1370263998510006,0.3562686001489994,,,,
14.302145,927,1079.0,0.1589506001489994,0.060291600148999404,-0.1370263998510006,0.2576096001489994,,,,
14.303224,927,1079.0,0.1589506001489994,-0.03836739985100059,-0.2356853998510006,0.1589506001489994,,,,
14.304303,927,1079.0,0.060291600148999404,-0.03836739985100059,-0.2356853998510006,0.060291600148999404,,,,
14.305382,927,1079.0,0.060291600148999404,-0.1370263998510006,-0.33434439985100056,-0.03836739985100059,,,,
14.306461,927,1079.0,0.060291600148999404,-0.1370263998510006,-0.33434439985100056,-0.1370263998510006,,,,
14.30754,927,1079.0,-0.03836739985100059,-0.2356853998510006,-0.33434439985100056,-0.1370263998510006,,,,
14.308619,927,1079.0,0.060291600148999404,-0.2356853998510006,-0.2356853998510006,-0.03836739985100059,,,,
14.309698,927,1079.0,0.060291600148999404,-0.1370263998510006,-0.2356853998510006,0.060291600148999404,,,,
14.310777,927,1079.0,0.1589506001489994,-0.1370263998510006,-0.2356853998510006,0.1589506001489994,,,,
14.311856,927,1079.0,0.1589506001489994,-0.03836739985100059,-0.1370263998510006,0.2576096001489994,,,,
14.312935,927,1079.0,0.2576096001489994,-0.03836739985100059,-0.1370263998510006,0.2576096001489994,,,,
14.314014,927,1079.0,0.2576096001489994,-0.03836739985100059,-0.1370263998510006,0.3562686001489994,,,,
14.315093,927,1079.0,0.2576096001489994,0.060291600148999404,-0.03836739985100059,0.4549276001489994,,,,
14.316172,927,1079.0,0.3562686001489994,0.060291600148999404,0.060291600148999404,0.6522456001489993,,,,
14.317251,927,1079.0,0.3562686001489994,0.1589506001489994,0.060291600148999404,0.5535866001489994,,,,
14.31833,927,1079.0,0.2576096001489994,0.060291600148999404,-0.03836739985100059,0.5535866001489994,,,,
14.319409,927,1079.0,0.2576096001489994,0.060291600148999404,-0.03836739985100059,0.4549276001489994,,,,
14.320488,927,1079.0,0.1589506001489994,0.060291600148999404,-0.1370263998510006,0.3562686001489994,,,,
14.321567,927,1079.0,0.1589506001489994,-0.03836739985100059,-0.1370263998510006,0.2576096001489994,,,,
14.322646,927,1079.0,0.060291600148999404,-0.03836739985100059,-0.2356853998510006,0.1589506001489994,,,,
14.323725,927,1079.0,0.1589506001489994,-0.03836739985100059,-0.2356853998510006,0.1589506001489994,,,,
14.324804,927,1079.0,0.060291600148999404,-0.03836739985100059,-0.2356853998510006,0.060291600148999404,,,,
14.325883,927,1079.0,0.060291600148999404,-0.03836739985100059,-0.2356853998510006,0.060291600148999404,,,,
14.326962,927,1079.0,0.060291600148999404,-0.1370263998510006,-0.2356853998510006,0.060291600148999404,,,,
14.328041,927,1079.0,0.060291600148999404,-0.03836739985100059,-0.2356853998510006,0.1589506001489994,,,,
14.32912,927,1079.0,0.060291600148999404,-0.03836739985100059,-0.1370263998510006,0.2576096001489994,,,,
14.330199,927,1079.0,0.1589506001489994,-0.03836739985100059,-0.03836739985100059,0.3562686001489994,,,,
14.331278,927,1079.0,0.1589506001489994,0.060291600148999404,-0.03836739985100059,0.4549276001489994,,,,
14.332357,927,1079.0,0.1589506001489994,0.060291600148999404,0.060291600148999404,0.5535866001489994,,,,
14.333436,927,1079.0,0.1589506001489994,0.060291600148999404,0.060291600148999404,0.6522456001489993,,,,
14.334515,927,1079.0,0.2576096001489994,0.1589506001489994,0.1589506001489994,0.7509046001489994,,,,
14.335594,927,1079.0,0.2576096001489994,0.1589506001489994,0.2576096001489994,0.8495636001489993,,,,
14.336673,927,1079.0,0.3562686001489994,0.2576096001489994,0.2576096001489994,1.0468816001489993,,,,
14.337752,927,1079.0,0.3562686001489994,0.2576096001489994,0.2576096001489994,0.9482226001489994,,,,
14.338831,927,1079.0,0.2576096001489994,0.1589506001489994,0.1589506001489994,0.8495636001489993,,,,
14.33991,927,1079.0,0.2576096001489994,0.1589506001489994,0.1589506001489994,0.7509046001489994,,,,
14.340989,927,1079.0,0.2576096001489994,0.1589506001489994,0.1589506001489994,0.6522456001489993,,,,
14.342068,927,1079.0,0.2576096001489994,0.1589506001489994,0.060291600148999404,0.6522456001489993,,,,
14.343147,927,1079.0,0.1589506001489994,0.060291600148999404,0.060291600148999404,0.5535866001489994,,,,
14.344226,927,1079.0,0.1589506001489994,0.060291600148999404,0.060291600148999404,0.5535866001489994,,,,
14.345305,927,1079.0,0.060291600148999404,0.060291600148999404,0.060291600148999404,0.5535866001489994,,,,
14.346384,927,1079.0,0.060291600148999404,0.060291600148999404,0.060291600148999404,0.4549276001489994,,,,
14.347463,927,1079.0,0.060291600148999404,0.060291600148999404,0.060291600148999404,0.5535866001489994,,,,
14.348542,927,1079.0,0.060291600148999404,0.060291600148999404,0.1589506001489994,0.7509046001489994,,,,
14.349621,927,1079.0,0.1589506001489994,0.1589506001489994,0.2576096001489994,0.8495636001489993,,,,
14.3507,927,1079.0,0.1589506001489994,0.1589506001489994,0.3562686001489994,1.0468816001489993,,,,
14.351779,927,1079.0,0.2576096001489994,0.1589506001489994,0.3562686001489994,1.1455406001489994,,,,
14.352858,927,1079.0,0.2576096001489994,0.2576096001489994,0.4549276001489994,1.2441996001489994,,,,
14.353937,927,1079.0,0.2576096001489994,0.2576096001489994,0.4549276001489994,1.3428586001489993,,,,
14.355016,927,1079.0,0.3562686001489994,0.3562686001489994,0.5535866001489994,1.4415176001489993,,,,
14.356095,927,1079.0,0.3562686001489994,0.4549276001489994,0.6522456001489993,1.5401766001489994,,,,
14.357174,927,1079.0,0.3562686001489994,0.4549276001489994,0.6522456001489993,1.5401766001489994,,,,
14.358253,927,1079.0,0.3562686001489994,0.4549276001489994,0.6522456001489993,1.4415176001489993,,,,
14.359332,927,1079.0,0.3562686001489994,0.3562686001489994,0.5535866001489994,1.4415176001489993,,,,
14.360411,927,1079.0,0.2576096001489994,0.3562686001489994,0.5535866001489994,1.3428586001489993,,,,
14.36149,927,1079.0,0.2576096001489994,0.2576096001489994,0.5535866001489994,1.3428586001489993,,,,
14.362569,927,1079.0,0.2576096001489994,0.2576096001489994,0.4549276001489994,1.3428586001489993,,,,
14.363648,927,1079.0,0.2576096001489994,0.2576096001489994,0.4549276001489994,1.1455406001489994,,,,
14.364727,927,1079.0,0.1589506001489994,0.2576096001489994,0.4549276001489994,1.1455406001489994,,,,
14.365806,927,1079.0,0.1589506001489994,0.2576096001489994,0.3562686001489994,1.1455406001489994,,,,
14.366885,927,1079.0,0.1589506001489994,0.2576096001489994,0.4549276001489994,1.2441996001489994,,,,
14.367964,927,1079.0,0.1589506001489994,0.2576096001489994,0.5535866001489994,1.2441996001489994,,,,
14.369043,927,1079.0,0.1589506001489994,0.3562686001489994,0.5535866001489994,1.4415176001489993,,,,
14.370122,927,1079.0,0.2576096001489994,0.3562686001489994,0.6522456001489993,1.5401766001489994,,,,
14.371201,927,1079.0,0.2576096001489994,0.3562686001489994,0.7509046001489994,1.6388356001489994,,,,
14.37228,927,1079.0,0.3562686001489994,0.4549276001489994,0.8495636001489993,1.7374946001489993,,,,
14.373359,927,1079.0,0.3562686001489994,0.4549276001489994,0.8495636001489993,1.8361536001489993,,,,
14.374438,927,1079.0,0.3562686001489994,0.5535866001489994,0.9482226001489994,2.0334716001489994,,,,
14.375517,927,1079.0,0.4549276001489994,0.5535866001489994,1.0468816001489993,2.2307896001489995,,,,
14.376596,927,1079.0,0.4549276001489994,0.6522456001489993,0.9482226001489994,2.1321306001489995,,,,
14.377675,927,1079.0,0.4549276001489994,0.5535866001489994,0.9482226001489994,2.1321306001489995,,,,
14.378754,927,1079.0,0.3562686001489994,0.5535866001489994,0.9482226001489994,2.0334716001489994,,,,
14.379833,927,1079.0,0.3562686001489994,0.4549276001489994,0.9482226001489994,1.9348126001489994,,,,
14.380912,927,1079.0,0.2576096001489994,0.4549276001489994,0.8495636001489993,1.8361536001489993,,,,
14.381991,927,1079.0,0.2576096001489994,0.4549276001489994,0.8495636001489993,1.7374946001489993,,,,
14.38307,927,1079.0,0.2576096001489994,0.3562686001489994,0.7509046001489994,1.7374946001489993,,,,
14.384149,927,1079.0,0.1589506001489994,0.3562686001489994,0.6522456001489993,1.6388356001489994,,,,
14.385228,927,1079.0,0.1589506001489994,0.3562686001489994,0.6522456001489993,1.5401766001489994,,,,
14.386307,927,1079.0,0.2576096001489994,0.3562686001489994,0.7509046001489994,1.6388356001489994,,,,
14.387386,927,1079.0,0.1589506001489994,0.3562686001489994,0.7509046001489994,1.7374946001489993,,,,
14.388465,927,1079.0,0.2576096001489994,0.4549276001489994,0.8495636001489993,1.8361536001489993,,,,
14.389544,927,1079.0,0.2576096001489994,0.4549276001489994,0.8495636001489993,1.9348126001489994,,,,
14.390623,927,1079.0,0.3562686001489994,0.5535866001489994,0.9482226001489994,2.0334716001489994,,,,
14.391702,927,1079.0,0.3562686001489994,0.4549276001489994,1.0468816001489993,2.1321306001489995,,,,
14.392781,927,1079.0,0.3562686001489994,0.5535866001489994,1.0468816001489993,2.2307896001489995,,,,
14.39386,927,1079.0,0.3562686001489994,0.6522456001489993,1.1455406001489994,2.329448600148999,,,,
14.394939,927,1079.0,0.4549276001489994,0.7509046001489994,1.1455406001489994,2.428107600148999,,,,
14.396018,927,1079.0,0.4549276001489994,0.6522456001489993,1.1455406001489994,2.428107600148999,,,,
14.397097,927,1079.0,0.4549276001489994,0.6522456001489993,1.1455406001489994,2.329448600148999,,,,
14.398176,927,1079.0,0.3562686001489994,0.6522456001489993,1.0468816001489993,2.2307896001489995,,,,
14.399255,927,1079.0,0.3562686001489994,0.5535866001489994,0.9482226001489994,2.1321306001489995,,,,
14.400334,927,1079.0,0.2576096001489994,0.5535866001489994,0.9482226001489994,1.9348126001489994,,,,
14.401413,927,1079.0,0.2576096001489994,0.4549276001489994,0.8495636001489993,1.9348126001489994,,,,
14.402492,927,1079.0,0.2576096001489994,0.4549276001489994,0.8495636001489993,1.8361536001489993,,,,
14.403571,927,1079.0,0.2576096001489994,0.3562686001489994,0.7509046001489994,1.7374946001489993,,,,
14.40465,927,1079.0,0.2576096001489994,0.3562686001489994,0.7509046001489994,1.6388356001489994,,,,
14.405729,927,1079.0,0.1589506001489994,0.3562686001489994,0.6522456001489993,1.6388356001489994,,,,
14.406808,927,1079.0,0.2576096001489994,0.3562686001489994,0.7509046001489994,1.6388356001489994,,,,
14.407887,927,1079.0,0.2576096001489994,0.4549276001489994,0.7509046001489994,1.7374946001489993,,,,
14.408966,927,1079.0,0.2576096001489994,0.4549276001489994,0.8495636001489993,1.8361536001489993,,,,
14.410045,927,1079.0,0.3562686001489994,0.4549276001489994,0.8495636001489993,1.9348126001489994,,,,
14.411124,927,1079.0,0.3562686001489994,0.4549276001489994,0.9482226001489994,2.0334716001489994,,,,
14.412203,927,1079.0,0.3562686001489994,0.5535866001489994,0.9482226001489994,2.0334716001489994,,,,
14.413282,927,1079.0,0.3562686001489994,0.5535866001489994,0.9482226001489994,2.1321306001489995,,,,
14.414361,927,1079.0,0.4549276001489994,0.5535866001489994,1.0468816001489993,2.1321306001489995,,,,
14.41544,927,1079.0,0.4549276001489994,0.5535866001489994,0.9482226001489994,2.2307896001489995,,,,
14.416519,927,1079.0,0.4549276001489994,0.5535866001489994,0.9482226001489994,2.1321306001489995,,,,
14.417598,927,1079.0,0.4549276001489994,0.4549276001489994,0.8495636001489993,1.9348126001489994,,,,
14.418677,927,1079.0,0.3562686001489994,0.4549276001489994,0.7509046001489994,1.7374946001489993,,,,
14.419756,927,1079.0,0.2576096001489994,0.3562686001489994,0.7509046001489994,1.6388356001489994,,,,
14.420835,927,1079.0,0.2576096001489994,0.4549276001489994,0.6522456001489993,1.5401766001489994,,,,
14.421914,927,1079.0,0.2576096001489994,0.3562686001489994,0.6522456001489993,1.4415176001489993,,,,
14.422993,927,1079.0,0.1589506001489994,0.2576096001489994,0.5535866001489994,1.3428586001489993,,,,
14.424072,927,1079.0,0.1589506001489994,0.2576096001489994,0.4549276001489994,1.2441996001489994,,,,
14.425151,927,1079.0,0.1589506001489994,0.2576096001489994,0.4549276001489994,1.1455406001489994,,,,
14.42623,927,1079.0,0.1589506001489994,0.2576096001489994,0.4549276001489994,1.2441996001489994,,,,
14.427309,927,1079.0,0.1589506001489994,0.2576096001489994,0.5535866001489994,1.2441996001489994,,,,
14.428388,927,1079.0,0.2576096001489994,0.2576096001489994,0.5535866001489994,1.3428586001489993,,,,
14.429467,927,1079.0,0.2576096001489994,0.2576096001489994,0.5535866001489994,1.4415176001489993,,,,
14.430546,927,1079.0,0.2576096001489994,0.3562686001489994,0.5535866001489994,1.4415176001489993,,,,
14.431625,927,1079.0,0.3562686001489994,0.3562686001489994,0.5535866001489994,1.5401766001489994,,,,
14.432704,927,1079.0,0.3562686001489994,0.3562686001489994,0.5535866001489994,1.5401766001489994,,,,
14.433783,927,1079.0,0.3562686001489994,0.4549276001489994,0.6522456001489993,1.6388356001489994,,,,
14.434862,927,1079.0,0.3562686001489994,0.4549276001489994,0.6522456001489993,1.6388356001489994,,,,
14.435941,927,1079.0,0.3562686001489994,0.4549276001489994,0.6522456001489993,1.4415176001489993,,,,
14.43702,927,1079.0,0.3562686001489994,0.3562686001489994,0.5535866001489994,1.3428586001489993,,,,
14.438099,927,1079.0,0.2576096001489994,0.2576096001489994,0.4549276001489994,1.2441996001489994,,,,
14.439178,927,1079.0,0.2576096001489994,0.2576096001489994,0.3562686001489994,1.0468816001489993,,,,
14.440257,927,1079.0,0.2576096001489994,0.1589506001489994,0.2576096001489994,0.9482226001489994,,,,
14.441336,927,1079.0,0.1589506001489994,0.1589506001489994,0.2576096001489994,0.8495636001489993,,,,
14.442415,927,1079.0,0.1589506001489994,0.060291600148999404,0.1589506001489994,0.7509046001489994,,,,
14.443494,927,1079.0,0.1589506001489994,0.060291600148999404,0.060291600148999404,0.6522456001489993,,,,
14.444573,927,1079.0,0.060291600148999404,-0.03836739985100059,0.060291600148999404,0.6522456001489993,,,,
14.445652,927,1079.0,0.1589506001489994,0.060291600148999404,0.060291600148999404,0.6522456001489993,,,,
14.446731,927,1079.0,0.1589506001489994,0.060291600148999404,0.060291600148999404,0.6522456001489993,,,,
14.44781,927,1079.0,0.1589506001489994,0.060291600148999404,0.1589506001489994,0.7509046001489994,,,,
14.448889,927,1079.0,0.2576096001489994,0.1589506001489994,0.1589506001489994,0.8495636001489993,,,,
14.449968,927,1079.0,0.1589506001489994,0.1589506001489994,0.1589506001489994,0.8495636001489993,,,,
14.451047,927,1079.0,0.2576096001489994,0.1589506001489994,0.1589506001489994,0.8495636001489993,,,,
14.452126,927,1079.0,0.2576096001489994,0.1589506001489994,0.2576096001489994,0.8495636001489993,,,,
14.453205,927,1079.0,0.2576096001489994,0.2576096001489994,0.2576096001489994,0.9482226001489994,,,,
14.454284,927,1079.0,0.3562686001489994,0.2576096001489994,0.2576096001489994,1.0468816001489993,,,,
14.455363,927,1079.0,0.2576096001489994,0.2576096001489994,0.2576096001489994,0.9482226001489994,,,,
14.456442,927,1079.0,0.2576096001489994,0.1589506001489994,0.1589506001489994,0.8495636001489993,,,,
14.457521,927,1079.0,0.2576096001489994,0.060291600148999404,0.1589506001489994,0.6522456001489993,,,,
14.4586,927,1079.0,0.1589506001489994,0.060291600148999404,0.060291600148999404,0.5535866001489994,,,,
14.459679,927,1079.0,0.1589506001489994,0.060291600148999404,-0.03836739985100059,0.3562686001489994,,,,
14.460758,927,1079.0,0.1589506001489994,0.060291600148999404,-0.1370263998510006,0.2576096001489994,,,,
14.461837,927,1079.0,0.060291600148999404,-0.03836739985100059,-0.1370263998510006,0.1589506001489994,,,,
14.462916,927,1079.0,0.060291600148999404,-0.1370263998510006,-0.2356853998510006,0.060291600148999404,,,,
14.463995,927,1079.0,0.060291600148999404,-0.1370263998510006,-0.2356853998510006,0.060291600148999404,,,,
14.465074,927,1079.0,0.060291600148999404,-0.1370263998510006,-0.2356853998510006,0.060291600148999404,,,,
14.466153,927,1079.0,0.060291600148999404,-0.1370263998510006,-0.1370263998510006,0.1589506001489994,,,,
14.467232,927,1079.0,0.1589506001489994,-0.03836739985100059,-0.1370263998510006,0.1589506001489994,,,,
14.468311,927,1079.0,0.1589506001489994,-0.03836739985100059,-0.1370263998510006,0.3562686001489994,,,,
14.46939,927,1079.0,0.1589506001489994,0.060291600148999404,-0.03836739985100059,0.3562686001489994,,,,
14.470469,927,1079.0,0.1589506001489994,0.060291600148999404,-0.03836739985100059,0.4549276001489994,,,,
14.471548,927,1079.0,0.2576096001489994,0.060291600148999404,-0.03836739985100059,0.4549276001489994,,,,
14.472627,927,1079.0,0.2576096001489994,0.060291600148999404,-0.03836739985100059,0.5535866001489994,,,,
14.473706,927,1079.0,0.2576096001489994,0.1589506001489994,0.060291600148999404,0.6522456001489993,,,,
14.474785,927,1079.0,0.2576096001489994,0.1589506001489994,0.060291600148999404,0.5535866001489994,,,,
14.475864,927,1079.0,0.2576096001489994,0.060291600148999404,-0.03836739985100059,0.4549276001489994,,,,
14.476943,927,1079.0,0.2576096001489994,0.060291600148999404,-0.03836739985100059,0.3562686001489994,,,,
14.478022,927,1079.0,0.1589506001489994,-0.03836739985100059,-0.1370263998510006,0.2576096001489994,,,,
14.479101,927,1079.0,0.1589506001489994,-0.03836739985100059,-0.2356853998510006,0.2576096001489994,,,,
14.48018,927,1079.0,0.1589506001489994,-0.03836739985100059,-0.2356853998510006,0.1589506001489994,,,,
14.481259,927,1079.0,0.1589506001489994,-0.1370263998510006,-0.2356853998510006,0.060291600148999404,,,,
14.482338,927,1079.0,0.060291600148999404,-0.1370263998510006,-0.33434439985100056,-0.03836739985100059,,,,
14.483417,927,1079.0,0.060291600148999404,-0.1370263998510006,-0.43300339985100056,-0.1370263998510006,,,,
14.484496,927,1079.0,0.060291600148999404,-0.1370263998510006,-0.33434439985100056,-0.03836739985100059,,,,
14.485575,927,1079.0,0.060291600148999404,-0.1370263998510006,-0.33434439985100056,-0.03836739985100059,,,,
14.486654,927,1079.0,0.060291600148999404,-0.1370263998510006,-0.2356853998510006,0.1589506001489994,,,,
14.487733,927,1079.0,0.1589506001489994,-0.03836739985100059,-0.1370263998510006,0.2576096001489994,,,,
14.488812,927,1079.0,0.1589506001489994,-0.03836739985100059,-0.1370263998510006,0.2576096001489994,,,,
14.489891,927,1079.0,0.2576096001489994,-0.03836739985100059,-0.03836739985100059,0.3562686001489994,,,,
14.49097,927,1079.0,0.2576096001489994,0.060291600148999404,-0.03836739985100059,0.4549276001489994,,,,
14.492049,927,1079.0,0.2576096001489994,0.060291600148999404,-0.03836739985100059,0.6522456001489993,,,,
14.493128,927,1079.0,0.3562686001489994,0.1589506001489994,0.060291600148999404,0.7509046001489994,,,,
14.494207,927,1079.0,0.2576096001489994,0.1589506001489994,0.1589506001489994,0.7509046001489994,,,,
14.495286,927,1079.0,0.2576096001489994,0.1589506001489994,0.060291600148999404,0.5535866001489994,,,,
14.496365,927,1079.0,0.2576096001489994,0.060291600148999404,0.060291600148999404,0.5535866001489994,,,,
14.497444,927,1079.0,0.1589506001489994,0.060291600148999404,-0.03836739985100059,0.4549276001489994,,,,
14.498523,927,1079.0,0.1589506001489994,0.060291600148999404,-0.03836739985100059,0.3562686001489994,,,,
14.499602,927,1079.0,0.1589506001489994,-0.03836739985100059,-0.1370263998510006,0.3562686001489994,,,,
14.500681,927,1079.0,0.1589506001489994,-0.03836739985100059,-0.1370263998510006,0.2576096001489994,,,,
14.50176,927,1079.0,0.060291600148999404,-0.1370263998510006,-0.2356853998510006,0.2576096001489994,,,,
14.502839,927,1079.0,0.060291600148999404,-0.03836739985100059,-0.1370263998510006,0.1589506001489994,,,,
14.503918,927,1079.0,0.060291600148999404,-0.03836739985100059,-0.1370263998510006,0.2576096001489994,,,,
14.504997,927,1079.0,0.060291600148999404,-0.03836739985100059,-0.03836739985100059,0.3562686001489994,,,,
14.506076,927,1079.0,0.1589506001489994,-0.03836739985100059,-0.03836739985100059,0.5535866001489994,,,,
14.507155,927,1079.0,0.1589506001489994,0.060291600148999404,0.060291600148999404,0.5535866001489994,,,,
14.508234,927,1079.0,0.1589506001489994,0.060291600148999404,0.1589506001489994,0.6522456001489993,,,,
14.509313,927,1079.0,0.1589506001489994,0.1589506001489994,0.1589506001489994,0.7509046001489994,,,,
14.510392,927,1079.0,0.2576096001489994,0.1589506001489994,0.2576096001489994,0.8495636001489993,,,,
14.511471,927,1079.0,0.2576096001489994,0.1589506001489994,0.2576096001489994,1.0468816001489993,,,,
14.51255,927,1079.0,0.2576096001489994,0.2576096001489994,0.4549276001489994,1.1455406001489994,,,,
14.513629,927,1079.0,0.3562686001489994,0.3562686001489994,0.4549276001489994,1.2441996001489994,,,,
14.514708,927,1079.0,0.3562686001489994,0.2576096001489994,0.4549276001489994,1.1455406001489994,,,,
14.515787,927,1079.0,0.2576096001489994,0.2576096001489994,0.3562686001489994,1.1455406001489994,,,,
14.516866,927,1079.0,0.2576096001489994,0.2576096001489994,0.2576096001489994,0.9482226001489994,,,,
14.517945,927,1079.0,0.2576096001489994,0.2576096001489994,0.2576096001489994,0.8495636001489993,,,,
14.519024,927,1079.0,0.1589506001489994,0.1589506001489994,0.2576096001489994,0.9482226001489994,,,,
14.520103,927,1079.0,0.1589506001489994,0.1589506001489994,0.2576096001489994,0.8495636001489993,,,,
14.521182,927,1079.0,0.1589506001489994,0.1589506001489994,0.2576096001489994,0.8495636001489993,,,,
14.522261,927,1079.0,0.1589506001489994,0.060291600148999404,0.1589506001489994,0.7509046001489994,,,,
14.52334,927,1079.0,0.060291600148999404,0.060291600148999404,0.2576096001489994,0.8495636001489993,,,,
14.524419,927,1079.0,0.060291600148999404,0.1589506001489994,0.2576096001489994,0.9482226001489994,,,,
14.525498,927,1079.0,0.1589506001489994,0.1589506001489994,0.3562686001489994,1.0468816001489993,,,,
14.526577,927,1079.0,0.1589506001489994,0.2576096001489994,0.4549276001489994,1.1455406001489994,,,,
14.527656,927,1079.0,0.2576096001489994,0.2576096001489994,0.4549276001489994,1.2441996001489994,,,,
14.528735,927,1079.0,0.2576096001489994,0.2576096001489994,0.5535866001489994,1.4415176001489993,,,,
14.529814,927,1079.0,0.2576096001489994,0.3562686001489994,0.5535866001489994,1.4415176001489993,,,,
14.530893,927,1079.0,0.3562686001489994,0.3562686001489994,0.6522456001489993,1.6388356001489994,,,,
14.531972,927,1079.0,0.3562686001489994,0.4549276001489994,0.7509046001489994,1.7374946001489993,,,,
14.533051,927,1079.0,0.4549276001489994,0.4549276001489994,0.8495636001489993,1.9348126001489994,,,,
14.53413,927,1079.0,0.3562686001489994,0.4549276001489994,0.7509046001489994,1.8361536001489993,,,,
14.535209,927,1079.0,0.3562686001489994,0.4549276001489994,0.7509046001489994,1.7374946001489993,,,,
14.536288,927,1079.0,0.2576096001489994,0.3562686001489994,0.6522456001489993,1.6388356001489994,,,,
14.537367,927,1079.0,0.2576096001489994,0.3562686001489994,0.6522456001489993,1.5401766001489994,,,,
14.538446,927,1079.0,0.2576096001489994,0.3562686001489994,0.6522456001489993,1.5401766001489994,,,,
14.539525,927,1079.0,0.2576096001489994,0.3562686001489994,0.5535866001489994,1.4415176001489993,,,,
14.540604,927,1079.0,0.1589506001489994,0.2576096001489994,0.5535866001489994,1.4415176001489993,,,,
14.541683,927,1079.0,0.1589506001489994,0.2576096001489994,0.5535866001489994,1.3428586001489993,,,,
14.542762,927,1079.0,0.1589506001489994,0.2576096001489994,0.5535866001489994,1.3428586001489993,,,,
14.543841,927,1079.0,0.1589506001489994,0.3562686001489994,0.6522456001489993,1.4415176001489993,,,,
14.54492,927,1079.0,0.2576096001489994,0.3562686001489994,0.6522456001489993,1.6388356001489994,,,,
14.545999,927,1079.0,0.2576096001489994,0.4549276001489994,0.7509046001489994,1.7374946001489993,,,,
14.547078,927,1079.0,0.2576096001489994,0.4549276001489994,0.8495636001489993,1.8361536001489993,,,,
14.548157,927,1079.0,0.3562686001489994,0.4549276001489994,0.8495636001489993,2.0334716001489994,,,,
14.549236,927,1079.0,0.3562686001489994,0.5535866001489994,0.8495636001489993,2.0334716001489994,,,,
14.550315,927,1079.0,0.3562686001489994,0.5535866001489994,0.9482226001489994,2.1321306001489995,,,,
14.551394,927,1079.0,0.4549276001489994,0.5535866001489994,1.0468816001489993,2.329448600148999,,,,
14.552473,927,1079.0,0.4549276001489994,0.5535866001489994,1.1455406001489994,2.428107600148999,,,,
14.553552,927,1079.0,0.3562686001489994,0.6522456001489993,1.1455406001489994,2.329448600148999,,,,
14.554631,927,1079.0,0.3562686001489994,0.6522456001489993,1.0468816001489993,2.2307896001489995,,,,
14.55571,927,1079.0,0.3562686001489994,0.5535866001489994,0.9482226001489994,2.1321306001489995,,,,
14.556789,927,1079.0,0.3562686001489994,0.4549276001489994,0.8495636001489993,2.0334716001489994,,,,
14.557868,927,1079.0,0.2576096001489994,0.4549276001489994,0.8495636001489993,1.9348126001489994,,,,
14.558947,927,1079.0,0.2576096001489994,0.4549276001489994,0.8495636001489993,1.9348126001489994,,,,
14.560026,927,1079.0,0.2576096001489994,0.4549276001489994,0.8495636001489993,1.7374946001489993,,,,
14.561105,927,1079.0,0.2576096001489994,0.3562686001489994,0.7509046001489994,1.6388356001489994,,,,
14.562184,927,1079.0,0.1589506001489994,0.3562686001489994,0.7509046001489994,1.6388356001489994,,,,
14.563263,927,1079.0,0.2576096001489994,0.3562686001489994,0.7509046001489994,1.7374946001489993,,,,
14.564342,927,1079.0,0.2576096001489994,0.4549276001489994,0.8495636001489993,1.8361536001489993,,,,
14.565421,927,1079.0,0.2576096001489994,0.3562686001489994,0.9482226001489994,1.9348126001489994,,,,
14.5665,927,1079.0,0.2576096001489994,0.4549276001489994,0.9482226001489994,2.0334716001489994,,,,
14.567579,927,1079.0,0.2576096001489994,0.5535866001489994,0.9482226001489994,2.1321306001489995,,,,
14.568658,927,1079.0,0.3562686001489994,0.5535866001489994,0.9482226001489994,2.2307896001489995,,,,
14.569737,927,1079.0,0.3562686001489994,0.5535866001489994,1.0468816001489993,2.2307896001489995,,,,
14.570816,927,1079.0,0.4549276001489994,0.5535866001489994,1.1455406001489994,2.329448600148999,,,,
14.571895,927,1079.0,0.4549276001489994,0.6522456001489993,1.1455406001489994,2.5267666001489992,,,,
14.572974,927,1079.0,0.4549276001489994,0.6522456001489993,1.0468816001489993,2.329448600148999,,,,
14.574053,927,1079.0,0.4549276001489994,0.5535866001489994,1.0468816001489993,2.2307896001489995,,,,
14.575132,927,1079.0,0.3562686001489994,0.5535866001489994,0.9482226001489994,2.1321306001489995,,,,
14.576211,927,1079.0,0.3562686001489994,0.5535866001489994,0.9482226001489994,2.0334716001489994,,,,
14.57729,927,1079.0,0.2576096001489994,0.4549276001489994,0.8495636001489993,1.8361536001489993,,,,
14.578369,927,1079.0,0.2576096001489994,0.4549276001489994,0.7509046001489994,1.8361536001489993,,,,
14.579448,927,1079.0,0.2576096001489994,0.3562686001489994,0.7509046001489994,1.6388356001489994,,,,
14.580527,927,1079.0,0.2576096001489994,0.3562686001489994,0.6522456001489993,1.5401766001489994,,,,
14.581606,927,1079.0,0.1589506001489994,0.2576096001489994,0.6522456001489993,1.5401766001489994,,,,
14.582685,927,1079.0,0.060291600148999404,0.2576096001489994,0.6522456001489993,1.5401766001489994,,,,
14.583764,927,1079.0,0.1589506001489994,0.3562686001489994,0.6522456001489993,1.6388356001489994,,,,
14.584843,927,1079.0,0.2576096001489994,0.3562686001489994,0.7509046001489994,1.7374946001489993,,,,
14.585922,927,1079.0,0.2576096001489994,0.4549276001489994,0.7509046001489994,1.7374946001489993,,,,
14.587001,927,1079.0,0.2576096001489994,0.4549276001489994,0.8495636001489993,1.7374946001489993,,,,
14.58808,927,1079.0,0.2576096001489994,0.4549276001489994,0.8495636001489993,1.8361536001489993,,,,
14.589159,927,1079.0,0.2576096001489994,0.4549276001489994,0.7509046001489994,1.7374946001489993,,,,
14.590238,927,1079.0,0.3562686001489994,0.4549276001489994,0.8495636001489993,1.9348126001489994,,,,
14.591317,927,1079.0,0.4549276001489994,0.5535866001489994,0.9482226001489994,2.0334716001489994,,,,
14.592396,927,1079.0,0.3562686001489994,0.5535866001489994,0.8495636001489993,1.9348126001489994,,,,
14.593475,927,1079.0,0.3562686001489994,0.5535866001489994,0.8495636001489993,1.7374946001489993,,,,
14.594554,927,1079.0,0.3562686001489994,0.4549276001489994,0.7509046001489994,1.6388356001489994,,,,
14.595633,927,1079.0,0.2576096001489994,0.3562686001489994,0.6522456001489993,1.5401766001489994,,,,
14.596712,927,1079.0,0.2576096001489994,0.2576096001489994,0.6522456001489993,1.4415176001489993,,,,
14.597791,927,1079.0,0.2576096001489994,0.2576096001489994,0.5535866001489994,1.3428586001489993,,,,
14.59887,927,1079.0,0.2576096001489994,0.2576096001489994,0.4549276001489994,1.1455406001489994,,,,
14.599949,927,1079.0,0.1589506001489994,0.2576096001489994,0.3562686001489994,1.0468816001489993,,,,
14.601028,927,1079.0,0.1589506001489994,0.1589506001489994,0.2576096001489994,0.9482226001489994,,,,
14.602107,927,1079.0,0.060291600148999404,0.1589506001489994,0.2576096001489994,0.9482226001489994,,,,
14.603186,927,1079.0,0.1589506001489994,0.1589506001489994,0.2576096001489994,1.0468816001489993,,,,
14.604265,927,1079.0,0.1589506001489994,0.1589506001489994,0.4549276001489994,1.1455406001489994,,,,
14.605344,927,1079.0,0.2576096001489994,0.2576096001489994,0.3562686001489994,1.1455406001489994,,,,
14.606423,927,1079.0,0.2576096001489994,0.2576096001489994,0.4549276001489994,1.2441996001489994,,,,
14.607502,927,1079.0,0.2576096001489994,0.2576096001489994,0.4549276001489994,1.2441996001489994,,,,
14.608581,927,1079.0,0.2576096001489994,0.2576096001489994,0.4549276001489994,1.2441996001489994,,,,
14.60966,927,1079.0,0.2576096001489994,0.2576096001489994,0.5535866001489994,1.3428586001489993,,,,
14.610739,927,1079.0,0.3562686001489994,0.2576096001489994,0.5535866001489994,1.4415176001489993,,,,
14.611818,927,1079.0,0.3562686001489994,0.3562686001489994,0.5535866001489994,1.3428586001489993,,,,
14.612897,927,1079.0,0.3562686001489994,0.3562686001489994,0.3562686001489994,1.2441996001489994,,,,
14.613976,927,1079.0,0.2576096001489994,0.2576096001489994,0.3562686001489994,1.0468816001489993,,,,
14.615055,927,1079.0,0.2576096001489994,0.1589506001489994,0.2576096001489994,0.8495636001489993,,,,
14.616134,927,1079.0,0.2576096001489994,0.1589506001489994,0.1589506001489994,0.7509046001489994,,,,
14.617213,927,1079.0,0.1589506001489994,0.1589506001489994,0.060291600148999404,0.6522456001489993,,,,
14.618292,927,1079.0,0.1589506001489994,0.060291600148999404,0.060291600148999404,0.5535866001489994,,,,
14.619371,927,1079.0,0.1589506001489994,0.060291600148999404,-0.03836739985100059,0.4549276001489994,,,,
14.62045,927,1079.0,0.060291600148999404,-0.03836739985100059,-0.1370263998510006,0.2576096001489994,,,,
14.621529,927,1079.0,0.060291600148999404,-0.03836739985100059,-0.1370263998510006,0.3562686001489994,,,,
14.622608,927,1079.0,0.1589506001489994,-0.03836739985100059,-0.03836739985100059,0.3562686001489994,,,,
14.623687,927,1079.0,0.1589506001489994,-0.03836739985100059,-0.03836739985100059,0.4549276001489994,,,,
14.624766,927,1079.0,0.1589506001489994,0.060291600148999404,-0.03836739985100059,0.5535866001489994,,,,
14.625845,927,1079.0,0.1589506001489994,0.060291600148999404,0.060291600148999404,0.5535866001489994,,,,
14.626924,927,1079.0,0.1589506001489994,0.060291600148999404,0.060291600148999404,0.6522456001489993,,,,
14.628003,927,1079.0,0.2576096001489994,0.060291600148999404,0.060291600148999404,0.6522456001489993,,,,
14.629082,927,1079.0,0.2576096001489994,0.1589506001489994,0.1589506001489994,0.7509046001489994,,,,
14.630161,927,1079.0,0.2576096001489994,0.1589506001489994,0.1589506001489994,0.8495636001489993,,,,
14.63124,927,1079.0,0.2576096001489994,0.1589506001489994,0.1589506001489994,0.8495636001489993,,,,
14.632319,927,1079.0,0.2576096001489994,0.1589506001489994,0.1589506001489994,0.6522456001489993,,,,
14.633398,927,1079.0,0.2576096001489994,0.1589506001489994,0.060291600148999404,0.5535866001489994,,,,
14.634477,927,1079.0,0.1589506001489994,0.060291600148999404,-0.03836739985100059,0.3562686001489994,,,,
14.635556,927,1079.0,0.1589506001489994,-0.03836739985100059,-0.1370263998510006,0.2576096001489994,,,,
14.636635,927,1079.0,0.1589506001489994,-0.03836739985100059,-0.1370263998510006,0.2576096001489994,,,,
14.637714,927,1079.0,0.1589506001489994,-0.03836739985100059,-0.2356853998510006,0.1589506001489994,,,,
14.638793,927,1079.0,0.060291600148999404,-0.1370263998510006,-0.2356853998510006,0.060291600148999404,,,,
14.639872,927,1079.0,0.060291600148999404,-0.1370263998510006,-0.33434439985100056,-0.03836739985100059,,,,
14.640951,927,1079.0,0.060291600148999404,-0.2356853998510006,-0.33434439985100056,-0.03836739985100059,,,,
14.64203,927,1079.0,0.060291600148999404,-0.1370263998510006,-0.33434439985100056,-0.03836739985100059,,,,
14.643109,927,1079.0,0.060291600148999404,-0.1370263998510006,-0.2356853998510006,0.060291600148999404,,,,
14.644188,927,1079.0,0.1589506001489994,-0.1370263998510006,-0.2356853998510006,0.1589506001489994,,,,
14.645267,927,1079.0,0.1589506001489994,-0.03836739985100059,-0.1370263998510006,0.2576096001489994,,,,
14.646346,927,1079.0,0.2576096001489994,-0.03836739985100059,-0.1370263998510006,0.3562686001489994,,,,
14.647425,927,1079.0,0.1589506001489994,0.060291600148999404,-0.03836739985100059,0.3562686001489994,,,,
14.648504,927,1079.0,0.2576096001489994,0.060291600148999404,-0.03836739985100059,0.4549276001489994,,,,
14.649583,927,1079.0,0.2576096001489994,0.060291600148999404,0.060291600148999404,0.5535866001489994,,,,
14.650662,927,1079.0,0.3562686001489994,0.1589506001489994,0.060291600148999404,0.6522456001489993,,,,
14.651741,927,1079.0,0.3562686001489994,0.060291600148999404,0.060291600148999404,0.5535866001489994,,,,
14.65282,927,1079.0,0.2576096001489994,0.060291600148999404,-0.03836739985100059,0.4549276001489994,,,,
14.653899,927,1079.0,0.2576096001489994,-0.03836739985100059,-0.1370263998510006,0.2576096001489994,,,,
14.654978,927,1079.0,0.1589506001489994,-0.03836739985100059,-0.1370263998510006,0.2576096001489994,,,,
14.656057,927,1079.0,0.1589506001489994,-0.03836739985100059,-0.1370263998510006,0.1589506001489994,,,,
14.657136,927,1079.0,0.1589506001489994,-0.03836739985100059,-0.2356853998510006,0.1589506001489994,,,,
14.658215,927,1079.0,0.1589506001489994,-0.1370263998510006,-0.2356853998510006,0.060291600148999404,,,,
14.659294,927,1079.0,0.060291600148999404,-0.1370263998510006,-0.2356853998510006,-0.03836739985100059,,,,
14.660373,927,1079.0,0.060291600148999404,-0.1370263998510006,-0.33434439985100056,-0.03836739985100059,,,,
14.661452,927,1079.0,0.060291600148999404,-0.1370263998510006,-0.2356853998510006,0.060291600148999404,,,,
14.662531,927,1079.0,0.1589506001489994,-0.03836739985100059,-0.1370263998510006,0.1589506001489994,,,,
14.66361,927,1079.0,0.1589506001489994,-0.03836739985100059,-0.1370263998510006,0.2576096001489994,,,,
14.664689,927,1079.0,0.1589506001489994,-0.03836739985100059,-0.03836739985100059,0.4549276001489994,,,,
14.665768,927,1079.0,0.1589506001489994,-0.03836739985100059,-0.03836739985100059,0.4549276001489994,,,,
14.666847,927,1079.0,0.1589506001489994,0.060291600148999404,0.060291600148999404,0.5535866001489994,,,,
14.667926,927,1079.0,0.2576096001489994,0.060291600148999404,0.060291600148999404,0.6522456001489993,,,,
14.669005,927,1079.0,0.2576096001489994,0.1589506001489994,0.1589506001489994,0.8495636001489993,,,,
14.670084,927,1079.0,0.2576096001489994,0.2576096001489994,0.2576096001489994,0.8495636001489993,,,,
14.671163,927,1079.0,0.3562686001489994,0.1589506001489994,0.1589506001489994,0.8495636001489993,,,,
14.672242,927,1079.0,0.2576096001489994,0.1589506001489994,0.1589506001489994,0.7509046001489994,,,,
14.673321,927,1079.0,0.2576096001489994,0.1589506001489994,0.060291600148999404,0.6522456001489993,,,,
14.6744,927,1079.0,0.1589506001489994,0.060291600148999404,0.060291600148999404,0.5535866001489994,,,,
14.675479,927,1079.0,0.1589506001489994,0.060291600148999404,-0.03836739985100059,0.5535866001489994,,,,
14.676558,927,1079.0,0.1589506001489994,0.060291600148999404,-0.03836739985100059,0.4549276001489994,,,,
14.677637,927,1079.0,0.1589506001489994,0.060291600148999404,0.060291600148999404,0.4549276001489994,,,,
14.678716,927,1079.0,0.060291600148999404,0.060291600148999404,-0.03836739985100059,0.3562686001489994,,,,
14.679795,927,1079.0,0.060291600148999404,-0.03836739985100059,-0.1370263998510006,0.3562686001489994,,,,
14.680874,927,1079.0,0.060291600148999404,-0.03836739985100059,0.060291600148999404,0.4549276001489994,,,,
14.681953,927,1079.0,0.1589506001489994,0.060291600148999404,0.060291600148999404,0.5535866001489994,,,,
14.683032,927,1079.0,0.1589506001489994,0.060291600148999404,0.1589506001489994,0.7509046001489994,,,,
14.684111,927,1079.0,0.1589506001489994,0.1589506001489994,0.1589506001489994,0.8495636001489993,,,,
14.68519,927,1079.0,0.2576096001489994,0.1589506001489994,0.2576096001489994,0.9482226001489994,,,,
14.686269,927,1079.0,0.2576096001489994,0.2576096001489994,0.3562686001489994,1.0468816001489993,,,,
14.687348,927,1079.0,0.2576096001489994,0.1589506001489994,0.3562686001489994,1.0468816001489993,,,,
14.688427,927,1079.0,0.2576096001489994,0.2576096001489994,0.5535866001489994,1.3428586001489993,,,,
14.689506,927,1079.0,0.3562686001489994,0.3562686001489994,0.5535866001489994,1.3428586001489993,,,,
14.690585,927,1079.0,0.3562686001489994,0.3562686001489994,0.5535866001489994,1.4415176001489993,,,,
14.691664,927,1079.0,0.3562686001489994,0.3562686001489994,0.5535866001489994,1.3428586001489993,,,,
14.692743,927,1079.0,0.2576096001489994,0.2576096001489994,0.4549276001489994,1.2441996001489994,,,,
14.693822,927,1079.0,0.2576096001489994,0.2576096001489994,0.4549276001489994,1.2441996001489994,,,,
14.694901,927,1079.0,0.1589506001489994,0.2576096001489994,0.4549276001489994,1.1455406001489994,,,,
14.69598,927,1079.0,0.1589506001489994,0.2576096001489994,0.4549276001489994,1.1455406001489994,,,,
14.697059,927,1079.0,0.1589506001489994,0.1589506001489994,0.3562686001489994,1.0468816001489993,,,,
14.698138,927,1079.0,0.1589506001489994,0.1589506001489994,0.4549276001489994,1.0468816001489993,,,,
14.699217,927,1079.0,0.1589506001489994,0.1589506001489994,0.3562686001489994,1.0468816001489993,,,,
14.700296,927,1079.0,0.060291600148999404,0.1589506001489994,0.3562686001489994,1.0468816001489993,,,,
14.701375,927,1079.0,0.1589506001489994,0.1589506001489994,0.4549276001489994,1.2441996001489994,,,,
14.702454,927,1079.0,0.2576096001489994,0.2576096001489994,0.5535866001489994,1.3428586001489993,,,,
14.703533,927,1079.0,0.2576096001489994,0.3562686001489994,0.6522456001489993,1.4415176001489993,,,,
14.704612,927,1079.0,0.2576096001489994,0.3562686001489994,0.6522456001489993,1.5401766001489994,,,,
14.705691,927,1079.0,0.2576096001489994,0.3562686001489994,0.7509046001489994,1.6388356001489994,,,,
14.70677,927,1079.0,0.3562686001489994,0.3562686001489994,0.7509046001489994,1.7374946001489993,,,,
14.707849,927,1079.0,0.3562686001489994,0.4549276001489994,0.8495636001489993,1.9348126001489994,,,,
14.708928,927,1079.0,0.4549276001489994,0.5535866001489994,0.9482226001489994,2.0334716001489994,,,,
14.710007,927,1079.0,0.4549276001489994,0.5535866001489994,0.9482226001489994,2.1321306001489995,,,,
14.711086,927,1079.0,0.3562686001489994,0.5535866001489994,0.8495636001489993,2.0334716001489994,,,,
14.712165,927,1079.0,0.3562686001489994,0.5535866001489994,0.8495636001489993,1.9348126001489994,,,,
14.713244,927,1079.0,0.2576096001489994,0.4549276001489994,0.8495636001489993,1.7374946001489993,,,,
14.714323,927,1079.0,0.2576096001489994,0.3562686001489994,0.7509046001489994,1.8361536001489993,,,,
14.715402,927,1079.0,0.2576096001489994,0.4549276001489994,0.7509046001489994,1.7374946001489993,,,,
14.716481,927,1079.0,0.2576096001489994,0.3562686001489994,0.7509046001489994,1.6388356001489994,,,,
14.71756,927,1079.0,0.1589506001489994,0.3562686001489994,0.6522456001489993,1.6388356001489994,,,,
14.718639,927,1079.0,0.1589506001489994,0.3562686001489994,0.6522456001489993,1.4415176001489993,,,,
14.719718,927,1079.0,0.1589506001489994,0.3562686001489994,0.6522456001489993,1.6388356001489994,,,,
14.720797,927,1079.0,0.1589506001489994,0.3562686001489994,0.7509046001489994,1.7374946001489993,,,,
14.721876,927,1079.0,0.2576096001489994,0.3562686001489994,0.7509046001489994,1.8361536001489993,,,,
14.722955,927,1079.0,0.2576096001489994,0.4549276001489994,0.8495636001489993,1.9348126001489994,,,,
14.724034,927,1079.0,0.2576096001489994,0.5535866001489994,0.9482226001489994,2.0334716001489994,,,,
14.725113,927,1079.0,0.3562686001489994,0.4549276001489994,0.9482226001489994,2.1321306001489995,,,,
14.726192,927,1079.0,0.3562686001489994,0.5535866001489994,0.9482226001489994,2.1321306001489995,,,,
14.727271,927,1079.0,0.3562686001489994,0.5535866001489994,1.0468816001489993,2.329448600148999,,,,
14.72835,927,1079.0,0.4549276001489994,0.6522456001489993,1.1455406001489994,2.428107600148999,,,,
14.729429,927,1079.0,0.4549276001489994,0.7509046001489994,1.1455406001489994,2.428107600148999,,,,
14.730508,927,1079.0,0.4549276001489994,0.6522456001489993,1.1455406001489994,2.329448600148999,,,,
14.731587,927,1079.0,0.3562686001489994,0.5535866001489994,1.0468816001489993,2.2307896001489995,,,,
14.732666,927,1079.0,0.3562686001489994,0.5535866001489994,0.9482226001489994,2.0334716001489994,,,,
14.733745,927,1079.0,0.2576096001489994,0.4549276001489994,0.8495636001489993,2.0334716001489994,,,,
14.734824,927,1079.0,0.2576096001489994,0.4549276001489994,0.8495636001489993,2.0334716001489994,,,,
14.735903,927,1079.0,0.2576096001489994,0.4549276001489994,0.8495636001489993,1.8361536001489993,,,,
14.736982,927,1079.0,0.2576096001489994,0.4549276001489994,0.8495636001489993,1.7374946001489993,,,,
14.738061,927,1079.0,0.1589506001489994,0.3562686001489994,0.7509046001489994,1.6388356001489994,,,,
14.73914,927,1079.0,0.1589506001489994,0.3562686001489994,0.7509046001489994,1.6388356001489994,,,,
14.740219,927,1079.0,0.2576096001489994,0.3562686001489994,0.7509046001489994,1.7374946001489993,,,,
14.741298,927,1079.0,0.2576096001489994,0.4549276001489994,0.8495636001489993,1.8361536001489993,,,,
14.742377,927,1079.0,0.3562686001489994,0.4549276001489994,0.8495636001489993,2.0334716001489994,,,,
14.743456,927,1079.0,0.2576096001489994,0.5535866001489994,0.8495636001489993,2.0334716001489994,,,,
14.744535,927,1079.0,0.3562686001489994,0.4549276001489994,0.9482226001489994,2.1321306001489995,,,,
14.745614,927,1079.0,0.3562686001489994,0.5535866001489994,0.9482226001489994,2.1321306001489995,,,,
14.746693,927,1079.0,0.3562686001489994,0.5535866001489994,0.9482226001489994,2.2307896001489995,,,,
14.747772,927,1079.0,0.4549276001489994,0.6522456001489993,1.0468816001489993,2.329448600148999,,,,
14.748851,927,1079.0,0.4549276001489994,0.6522456001489993,1.0468816001489993,2.329448600148999,,,,
14.74993,927,1079.0,0.4549276001489994,0.5535866001489994,0.9482226001489994,2.2307896001489995,,,,
14.751009,927,1079.0,0.3562686001489994,0.5535866001489994,0.9482226001489994,2.1321306001489995,,,,
14.752088,927,1079.0,0.3562686001489994,0.4549276001489994,0.8495636001489993,2.0334716001489994,,,,
14.753167,927,1079.0,0.2576096001489994,0.4549276001489994,0.8495636001489993,1.8361536001489993,,,,
14.754246,927,1079.0,0.2576096001489994,0.4549276001489994,0.7509046001489994,1.6388356001489994,,,,
14.755325,927,1079.0,0.2576096001489994,0.3562686001489994,0.6522456001489993,1.6388356001489994,,,,
14.756404,927,1079.0,0.1589506001489994,0.2576096001489994,0.5535866001489994,1.4415176001489993,,,,
14.757483,927,1079.0,0.2576096001489994,0.2576096001489994,0.5535866001489994,1.4415176001489993,,,,
14.758562,927,1079.0,0.1589506001489994,0.2576096001489994,0.4549276001489994,1.3428586001489993,,,,
14.759641,927,1079.0,0.060291600148999404,0.2576096001489994,0.5535866001489994,1.3428586001489993,,,,
14.76072,927,1079.0,0.2576096001489994,0.2576096001489994,0.5535866001489994,1.4415176001489993,,,,
14.761799,927,1079.0,0.2576096001489994,0.3562686001489994,0.6522456001489993,1.5401766001489994,,,,
14.762878,927,1079.0,0.2576096001489994,0.3562686001489994,0.6522456001489993,1.6388356001489994,,,,
14.763957,927,1079.0,0.2576096001489994,0.3562686001489994,0.6522456001489993,1.6388356001489994,,,,
14.765036,927,1079.0,0.2576096001489994,0.3562686001489994,0.6522456001489993,1.5401766001489994,,,,
14.766115,927,1079.0,0.3562686001489994,0.3562686001489994,0.6522456001489993,1.6388356001489994,,,,
14.767194,927,1079.0,0.3562686001489994,0.4549276001489994,0.7509046001489994,1.7374946001489993,,,,
14.768273,927,1079.0,0.3562686001489994,0.4549276001489994,0.7509046001489994,1.7374946001489993,,,,
14.769352,927,1079.0,0.3562686001489994,0.4549276001489994,0.6522456001489993,1.6388356001489994,,,,
14.770431,927,1079.0,0.3562686001489994,0.3562686001489994,0.6522456001489993,1.5401766001489994,,,,
14.77151,927,1079.0,0.2576096001489994,0.3562686001489994,0.5535866001489994,1.3428586001489993,,,,
14.772589,927,1079.0,0.2576096001489994,0.2576096001489994,0.4549276001489994,1.2441996001489994,,,,
14.773668,927,1079.0,0.2576096001489994,0.2576096001489994,0.4549276001489994,1.1455406001489994,,,,
14.774747,927,1079.0,0.2576096001489994,0.1589506001489994,0.3562686001489994,1.0468816001489993,,,,
14.775826,927,1079.0,0.1589506001489994,0.1589506001489994,0.2576096001489994,0.9482226001489994,,,,
14.776905,927,1079.0,0.1589506001489994,0.060291600148999404,0.1589506001489994,0.7509046001489994,,,,
14.777984,927,1079.0,0.060291600148999404,0.060291600148999404,0.1589506001489994,0.7509046001489994,,,,
14.779063,927,1079.0,0.1589506001489994,0.060291600148999404,0.1589506001489994,0.7509046001489994,,,,
14.780142,927,1079.0,0.1589506001489994,0.1589506001489994,0.2576096001489994,0.8495636001489993,,,,
14.781221,927,1079.0,0.1589506001489994,0.1589506001489994,0.2576096001489994,0.8495636001489993,,,,
14.7823,927,1079.0,0.2576096001489994,0.1589506001489994,0.2576096001489994,0.9482226001489994,,,,
14.783379,927,1079.0,0.2576096001489994,0.1589506001489994,0.2576096001489994,0.9482226001489994,,,,
14.784458,927,1079.0,0.2576096001489994,0.1589506001489994,0.2576096001489994,1.0468816001489993,,,,
14.785537,927,1079.0,0.2576096001489994,0.1589506001489994,0.2576096001489994,1.0468816001489993,,,,
14.786616,927,1079.0,0.2576096001489994,0.2576096001489994,0.3562686001489994,1.1455406001489994,,,,
14.787695,927,1079.0,0.3562686001489994,0.2576096001489994,0.3562686001489994,1.1455406001489994,,,,
14.788774,927,1079.0,0.3562686001489994,0.2576096001489994,0.2576096001489994,1.0468816001489993,,,,
14.789853,927,1079.0,0.2576096001489994,0.2576096001489994,0.2576096001489994,0.9482226001489994,,,,
14.790932,927,1079.0,0.2576096001489994,0.1589506001489994,0.1589506001489994,0.7509046001489994,,,,
14.792011,927,1079.0,0.1589506001489994,0.060291600148999404,0.1589506001489994,0.6522456001489993,,,,
14.79309,927,1079.0,0.1589506001489994,0.060291600148999404,0.060291600148999404,0.5535866001489994,,,,
14.794169,927,1079.0,0.1589506001489994,-0.03836739985100059,0.060291600148999404,0.4549276001489994,,,,
14.795248,927,1079.0,0.060291600148999404,-0.03836739985100059,-0.03836739985100059,0.3562686001489994,,,,
14.796327,927,1079.0,0.060291600148999404,-0.03836739985100059,-0.1370263998510006,0.2576096001489994,,,,
14.797406,927,1079.0,0.060291600148999404,-0.1370263998510006,-0.2356853998510006,0.1589506001489994,,,,
14.798485,927,1079.0,0.060291600148999404,-0.1370263998510006,-0.1370263998510006,0.1589506001489994,,,,
14.799564,927,1079.0,0.060291600148999404,-0.03836739985100059,-0.1370263998510006,0.2576096001489994,,,,
14.800643,927,1079.0,0.060291600148999404,-0.03836739985100059,-0.03836739985100059,0.2576096001489994,,,,
14.801722,927,1079.0,0.1589506001489994,0.060291600148999404,-0.03836739985100059,0.3562686001489994,,,,
14.802801,927,1079.0,0.1589506001489994,0.060291600148999404,-0.03836739985100059,0.4549276001489994,,,,
14.80388,927,1079.0,0.1589506001489994,0.060291600148999404,0.060291600148999404,0.4549276001489994,,,,
14.804959,927,1079.0,0.1589506001489994,0.060291600148999404,-0.03836739985100059,0.4549276001489994,,,,
14.806038,927,1079.0,0.2576096001489994,0.060291600148999404,0.060291600148999404,0.6522456001489993,,,,
14.807117,927,1079.0,0.2576096001489994,0.1589506001489994,0.060291600148999404,0.7509046001489994,,,,
14.808196,927,1079.0,0.2576096001489994,0.1589506001489994,0.060291600148999404,0.6522456001489993,,,,
14.809275,927,1079.0,0.2576096001489994,0.060291600148999404,-0.03836739985100059,0.5535866001489994,,,,
14.810354,927,1079.0,0.2576096001489994,0.060291600148999404,-0.03836739985100059,0.4549276001489994,,,,
14.811433,927,1079.0,0.1589506001489994,-0.03836739985100059,-0.03836739985100059,0.3562686001489994,,,,
14.812512,927,1079.0,0.1589506001489994,-0.03836739985100059,-0.1370263998510006,0.2576096001489994,,,,
14.813591,927,1079.0,0.1589506001489994,-0.03836739985100059,-0.1370263998510006,0.1589506001489994,,,,
14.81467,927,1079.0,0.060291600148999404,-0.1370263998510006,-0.2356853998510006,0.060291600148999404,,,,
14.815749,927,1079.0,0.060291600148999404,-0.1370263998510006,-0.2356853998510006,-0.03836739985100059,,,,
14.816828,927,1079.0,0.060291600148999404,-0.1370263998510006,-0.33434439985100056,-0.1370263998510006,,,,
14.817907,927,1079.0,0.060291600148999404,-0.1370263998510006,-0.33434439985100056,-0.1370263998510006,,,,
14.818986,927,1079.0,-0.03836739985100059,-0.1370263998510006,-0.2356853998510006,0.060291600148999404,,,,
14.820065,927,1079.0,0.060291600148999404,-0.03836739985100059,-0.2356853998510006,0.1589506001489994,,,,
14.821144,927,1079.0,0.1589506001489994,-0.03836739985100059,-0.2356853998510006,0.2576096001489994,,,,
14.822223,927,1079.0,0.1589506001489994,-0.03836739985100059,-0.1370263998510006,0.2576096001489994,,,,
14.823302,927,1079.0,0.1589506001489994,0.060291600148999404,-0.1370263998510006,0.3562686001489994,,,,
14.824381,927,1079.0,0.2576096001489994,-0.03836739985100059,-0.03836739985100059,0.4549276001489994,,,,
14.82546,927,1079.0,0.2576096001489994,0.060291600148999404,-0.03836739985100059,0.5535866001489994,,,,
14.826539,927,1079.0,0.3562686001489994,0.060291600148999404,0.060291600148999404,0.6522456001489993,,,,
14.827618,927,1079.0,0.3562686001489994,0.060291600148999404,0.060291600148999404,0.6522456001489993,,,,
14.828697,927,1079.0,0.2576096001489994,0.060291600148999404,0.060291600148999404,0.5535866001489994,,,,
14.829776,927,1079.0,0.2576096001489994,0.060291600148999404,-0.03836739985100059,0.4549276001489994,,,,
14.830855,927,1079.0,0.2576096001489994,-0.03836739985100059,-0.03836739985100059,0.3562686001489994,,,,
14.831934,927,1079.0,0.2576096001489994,-0.03836739985100059,-0.1370263998510006,0.3562686001489994,,,,
14.833013,927,1079.0,0.1589506001489994,-0.1370263998510006,-0.1370263998510006,0.2576096001489994,,,,
14.834092,927,1079.0,0.1589506001489994,-0.1370263998510006,-0.1370263998510006,0.2576096001489994,,,,
14.835171,927,1079.0,0.060291600148999404,-0.1370263998510006,-0.2356853998510006,0.1589506001489994,,,,
14.83625,927,1079.0,0.060291600148999404,-0.1370263998510006,-0.2356853998510006,0.060291600148999404,,,,
14.837329,927,1079.0,0.060291600148999404,-0.1370263998510006,-0.2356853998510006,0.060291600148999404,,,,
14.838408,927,1079.0,0.060291600148999404,-0.1370263998510006,-0.1370263998510006,0.2576096001489994,,,,
14.839487,927,1079.0,0.060291600148999404,-0.03836739985100059,-0.03836739985100059,0.3562686001489994,,,,
14.840566,927,1079.0,0.1589506001489994,0.060291600148999404,-0.03836739985100059,0.4549276001489994,,,,
14.841645,927,1079.0,0.1589506001489994,0.060291600148999404,0.060291600148999404,0.5535866001489994,,,,
14.842724,927,1079.0,0.1589506001489994,0.060291600148999404,0.060291600148999404,0.6522456001489993,,,,
14.843803,927,1079.0,0.2576096001489994,0.060291600148999404,0.1589506001489994,0.7509046001489994,,,,
14.844882,927,1079.0,0.2576096001489994,0.1589506001489994,0.2576096001489994,0.8495636001489993,,,,
14.845961,927,1079.0,0.2576096001489994,0.2576096001489994,0.3562686001489994,1.0468816001489993,,,,
14.84704,927,1079.0,0.3562686001489994,0.2576096001489994,0.3562686001489994,1.0468816001489993,,,,
14.848119,927,1079.0,0.3562686001489994,0.2576096001489994,0.3562686001489994,0.9482226001489994,,,,
14.849198,927,1079.0,0.2576096001489994,0.2576096001489994,0.2576096001489994,0.9482226001489994,,,,
14.850277,927,1079.0,0.2576096001489994,0.1589506001489994,0.1589506001489994,0.8495636001489993,,,,
14.851356,927,1079.0,0.2576096001489994,0.1589506001489994,0.1589506001489994,0.7509046001489994,,,,
14.852435,927,1079.0,0.1589506001489994,0.060291600148999404,0.1589506001489994,0.7509046001489994,,,,
14.853514,927,1079.0,0.1589506001489994,0.060291600148999404,0.1589506001489994,0.7509046001489994,,,,
14.854593,927,1079.0,0.1589506001489994,0.060291600148999404,0.1589506001489994,0.6522456001489993,,,,
14.855672,927,1079.0,0.1589506001489994,0.060291600148999404,0.060291600148999404,0.5535866001489994,,,,
14.856751,927,1079.0,0.060291600148999404,0.060291600148999404,0.1589506001489994,0.5535866001489994,,,,
14.85783,927,1079.0,0.1589506001489994,0.060291600148999404,0.1589506001489994,0.7509046001489994,,,,
14.858909,927,1079.0,0.1589506001489994,0.1589506001489994,0.2576096001489994,0.8495636001489993,,,,
14.859988,927,1079.0,0.2576096001489994,0.1589506001489994,0.3562686001489994,1.0468816001489993,,,,
14.861067,927,1079.0,0.2576096001489994,0.2576096001489994,0.3562686001489994,1.1455406001489994,,,,
14.862146,927,1079.0,0.2576096001489994,0.2576096001489994,0.4549276001489994,1.2441996001489994,,,,
14.863225,927,1079.0,0.2576096001489994,0.2576096001489994,0.4549276001489994,1.3428586001489993,,,,
14.864304,927,1079.0,0.2576096001489994,0.3562686001489994,0.5535866001489994,1.4415176001489993,,,,
14.865383,927,1079.0,0.3562686001489994,0.3562686001489994,0.6522456001489993,1.6388356001489994,,,,
14.866462,927,1079.0,0.3562686001489994,0.4549276001489994,0.7509046001489994,1.6388356001489994,,,,
14.867541,927,1079.0,0.3562686001489994,0.4549276001489994,0.7509046001489994,1.6388356001489994,,,,
14.86862,927,1079.0,0.3562686001489994,0.3562686001489994,0.6522456001489993,1.5401766001489994,,,,
14.869699,927,1079.0,0.3562686001489994,0.3562686001489994,0.5535866001489994,1.5401766001489994,,,,
14.870778,927,1079.0,0.2576096001489994,0.3562686001489994,0.5535866001489994,1.4415176001489993,,,,
14.871857,927,1079.0,0.2576096001489994,0.3562686001489994,0.5535866001489994,1.4415176001489993,,,,
14.872936,927,1079.0,0.2576096001489994,0.2576096001489994,0.5535866001489994,1.3428586001489993,,,,
14.874015,927,1079.0,0.1589506001489994,0.2576096001489994,0.5535866001489994,1.3428586001489993,,,,
14.875094,927,1079.0,0.1589506001489994,0.2576096001489994,0.4549276001489994,1.2441996001489994,,,,
14.876173,927,1079.0,0.1589506001489994,0.2576096001489994,0.4549276001489994,1.2441996001489994,,,,
14.877252,927,1079.0,0.1589506001489994,0.2576096001489994,0.5535866001489994,1.3428586001489993,,,,
14.878331,927,1079.0,0.1589506001489994,0.2576096001489994,0.6522456001489993,1.4415176001489993,,,,
14.87941,927,1079.0,0.2576096001489994,0.3562686001489994,0.6522456001489993,1.5401766001489994,,,,
14.880489,927,1079.0,0.2576096001489994,0.3562686001489994,0.7509046001489994,1.7374946001489993,,,,
14.881568,927,1079.0,0.2576096001489994,0.3562686001489994,0.8495636001489993,1.8361536001489993,,,,
14.882647,927,1079.0,0.2576096001489994,0.5535866001489994,0.8495636001489993,1.9348126001489994,,,,
14.883726,927,1079.0,0.3562686001489994,0.4549276001489994,0.8495636001489993,2.0334716001489994,,,,
14.884805,927,1079.0,0.4549276001489994,0.5535866001489994,0.9482226001489994,2.2307896001489995,,,,
14.885884,927,1079.0,0.4549276001489994,0.6522456001489993,1.0468816001489993,2.2307896001489995,,,,
14.886963,927,1079.0,0.4549276001489994,0.5535866001489994,1.0468816001489993,2.2307896001489995,,,,
14.888042,927,1079.0,0.3562686001489994,0.5535866001489994,0.9482226001489994,2.1321306001489995,,,,
14.889121,927,1079.0,0.3562686001489994,0.5535866001489994,0.9482226001489994,2.0334716001489994,,,,
14.8902,927,1079.0,0.3562686001489994,0.4549276001489994,0.9482226001489994,1.9348126001489994,,,,
14.891279,927,1079.0,0.2576096001489994,0.4549276001489994,0.8495636001489993,1.8361536001489993,,,,
14.892358,927,1079.0,0.2576096001489994,0.4549276001489994,0.7509046001489994,1.7374946001489993,,,,
14.893437,927,1079.0,0.2576096001489994,0.3562686001489994,0.7509046001489994,1.7374946001489993,,,,
14.894516,927,1079.0,0.1589506001489994,0.3562686001489994,0.7509046001489994,1.6388356001489994,,,,
14.895595,927,1079.0,0.1589506001489994,0.3562686001489994,0.7509046001489994,1.6388356001489994,,,,
14.896674,927,1079.0,0.1589506001489994,0.3562686001489994,0.7509046001489994,1.6388356001489994,,,,
14.897753,927,1079.0,0.2576096001489994,0.3562686001489994,0.7509046001489994,1.7374946001489993,,,,
14.898832,927,1079.0,0.2576096001489994,0.4549276001489994,0.8495636001489993,1.9348126001489994,,,,
14.899911,927,1079.0,0.2576096001489994,0.4549276001489994,0.9482226001489994,2.0334716001489994,,,,
14.90099,927,1079.0,0.2576096001489994,0.4549276001489994,0.9482226001489994,2.1321306001489995,,,,
14.902069,927,1079.0,0.3562686001489994,0.5535866001489994,0.9482226001489994,2.1321306001489995,,,,
14.903148,927,1079.0,0.3562686001489994,0.5535866001489994,1.0468816001489993,2.1321306001489995,,,,
14.904227,927,1079.0,0.4549276001489994,0.6522456001489993,1.1455406001489994,2.329448600148999,,,,
14.905306,927,1079.0,0.4549276001489994,0.6522456001489993,1.1455406001489994,2.428107600148999,,,,
14.906385,927,1079.0,0.4549276001489994,0.6522456001489993,1.1455406001489994,2.329448600148999,,,,
14.907464,927,1079.0,0.4549276001489994,0.5535866001489994,1.0468816001489993,2.2307896001489995,,,,
14.908543,927,1079.0,0.3562686001489994,0.5535866001489994,1.0468816001489993,2.1321306001489995,,,,
14.909622,927,1079.0,0.2576096001489994,0.5535866001489994,0.9482226001489994,2.0334716001489994,,,,
14.910701,927,1079.0,0.2576096001489994,0.5535866001489994,0.8495636001489993,1.9348126001489994,,,,
14.91178,927,1079.0,0.2576096001489994,0.4549276001489994,0.8495636001489993,1.9348126001489994,,,,
14.912859,927,1079.0,0.2576096001489994,0.3562686001489994,0.7509046001489994,1.7374946001489993,,,,
14.913938,927,1079.0,0.1589506001489994,0.3562686001489994,0.7509046001489994,1.6388356001489994,,,,
14.915017,927,1079.0,0.1589506001489994,0.2576096001489994,0.6522456001489993,1.6388356001489994,,,,
14.916096,927,1079.0,0.1589506001489994,0.3562686001489994,0.6522456001489993,1.5401766001489994,,,,
14.917175,927,1079.0,0.2576096001489994,0.3562686001489994,0.7509046001489994,1.6388356001489994,,,,
14.918254,927,1079.0,0.2576096001489994,0.3562686001489994,0.7509046001489994,1.7374946001489993,,,,
14.919333,927,1079.0,0.2576096001489994,0.4549276001489994,0.7509046001489994,1.8361536001489993,,,,
14.920412,927,1079.0,0.2576096001489994,0.4549276001489994,0.8495636001489993,1.9348126001489994,,,,
14.921491,927,1079.0,0.3562686001489994,0.4549276001489994,0.8495636001489993,2.0334716001489994,,,,
14.92257,927,1079.0,0.2576096001489994,0.4549276001489994,0.8495636001489993,1.9348126001489994,,,,
14.923649,927,1079.0,0.3562686001489994,0.5535866001489994,0.9482226001489994,2.1321306001489995,,,,
14.924728,927,1079.0,0.3562686001489994,0.5535866001489994,0.9482226001489994,2.1321306001489995,,,,
14.925807,927,1079.0,0.4549276001489994,0.5535866001489994,0.9482226001489994,2.0334716001489994,,,,
14.926886,927,1079.0,0.4549276001489994,0.4549276001489994,0.8495636001489993,1.9348126001489994,,,,
14.927965,927,1079.0,0.3562686001489994,0.4549276001489994,0.7509046001489994,1.8361536001489993,,,,
14.929044,927,1079.0,0.2576096001489994,0.4549276001489994,0.7509046001489994,1.6388356001489994,,,,
14.930123,927,1079.0,0.2576096001489994,0.3562686001489994,0.6522456001489993,1.5401766001489994,,,,
14.931202,927,1079.0,0.2576096001489994,0.3562686001489994,0.6522456001489993,1.4415176001489993,,,,
14.932281,927,1079.0,0.2576096001489994,0.2576096001489994,0.5535866001489994,1.3428586001489993,,,,
14.93336,927,1079.0,0.060291600148999404,0.2576096001489994,0.5535866001489994,1.2441996001489994,,,,
14.934439,927,1079.0,0.1589506001489994,0.1589506001489994,0.4549276001489994,1.0468816001489993,,,,
14.935518,927,1079.0,0.1589506001489994,0.1589506001489994,0.3562686001489994,1.0468816001489993,,,,
14.936597,927,1079.0,0.1589506001489994,0.2576096001489994,0.4549276001489994,1.1455406001489994,,,,
14.937676,927,1079.0,0.1589506001489994,0.2576096001489994,0.4549276001489994,1.2441996001489994,,,,
14.938755,927,1079.0,0.1589506001489994,0.2576096001489994,0.5535866001489994,1.2441996001489994,,,,
14.939834,927,1079.0,0.2576096001489994,0.2576096001489994,0.5535866001489994,1.3428586001489993,,,,
14.940913,927,1079.0,0.2576096001489994,0.2576096001489994,0.5535866001489994,1.3428586001489993,,,,
14.941992,927,1079.0,0.2576096001489994,0.2576096001489994,0.5535866001489994,1.3428586001489993,,,,
14.943071,927,1079.0,0.2576096001489994,0.3562686001489994,0.5535866001489994,1.4415176001489993,,,,
14.94415,927,1079.0,0.4549276001489994,0.3562686001489994,0.5535866001489994,1.5401766001489994,,,,
14.945229,927,1079.0,0.3562686001489994,0.4549276001489994,0.6522456001489993,1.5401766001489994,,,,
14.946308,927,1079.0,0.3562686001489994,0.3562686001489994,0.5535866001489994,1.3428586001489993,,,,
14.947387,927,1079.0,0.3562686001489994,0.2576096001489994,0.4549276001489994,1.2441996001489994,,,,
14.948466,927,1079.0,0.2576096001489994,0.2576096001489994,0.3562686001489994,1.0468816001489993,,,,
14.949545,927,1079.0,0.2576096001489994,0.1589506001489994,0.2576096001489994,0.9482226001489994,,,,
14.950624,927,1079.0,0.2576096001489994,0.1589506001489994,0.2576096001489994,0.9482226001489994,,,,
14.951703,927,1079.0,0.1589506001489994,0.1589506001489994,0.1589506001489994,0.7509046001489994,,,,
14.952782,927,1079.0,0.1589506001489994,0.060291600148999404,0.1589506001489994,0.6522456001489993,,,,
14.953861,927,1079.0,0.060291600148999404,0.060291600148999404,0.060291600148999404,0.4549276001489994,,,,
14.95494,927,1079.0,0.060291600148999404,0.060291600148999404,0.060291600148999404,0.4549276001489994,,,,
14.956019,927,1079.0,0.060291600148999404,0.060291600148999404,0.060291600148999404,0.4549276001489994,,,,
14.957098,927,1079.0,0.1589506001489994,0.060291600148999404,0.060291600148999404,0.5535866001489994,,,,
14.958177,927,1079.0,0.1589506001489994,0.060291600148999404,0.1589506001489994,0.6522456001489993,,,,
14.959256,927,1079.0,0.2576096001489994,0.1589506001489994,0.1589506001489994,0.7509046001489994,,,,
14.960335,927,1079.0,0.2576096001489994,0.060291600148999404,0.1589506001489994,0.7509046001489994,,,,
14.961414,927,1079.0,0.2576096001489994,0.1589506001489994,0.1589506001489994,0.7509046001489994,,,,
14.962493,927,1079.0,0.2576096001489994,0.1589506001489994,0.1589506001489994,0.8495636001489993,,,,
14.963572,927,1079.0,0.3562686001489994,0.2576096001489994,0.2576096001489994,0.9482226001489994,,,,
14.964651,927,1079.0,0.3562686001489994,0.2576096001489994,0.2576096001489994,0.9482226001489994,,,,
14.96573,927,1079.0,0.3562686001489994,0.1589506001489994,0.1589506001489994,0.8495636001489993,,,,
14.966809,927,1079.0,0.3562686001489994,0.1589506001489994,0.1589506001489994,0.6522456001489993,,,,
14.967888,927,1079.0,0.2576096001489994,0.1589506001489994,0.060291600148999404,0.5535866001489994,,,,
14.968967,927,1079.0,0.2576096001489994,0.060291600148999404,-0.03836739985100059,0.3562686001489994,,,,
14.970046,927,1079.0,0.1589506001489994,-0.03836739985100059,-0.03836739985100059,0.3562686001489994,,,,
14.971125,927,1079.0,0.060291600148999404,-0.03836739985100059,-0.1370263998510006,0.2576096001489994,,,,
14.972204,927,1079.0,0.060291600148999404,-0.03836739985100059,-0.1370263998510006,0.1589506001489994,,,,
14.973283,927,1079.0,0.060291600148999404,-0.1370263998510006,-0.2356853998510006,0.060291600148999404,,,,
14.974362,927,1079.0,0.060291600148999404,-0.1370263998510006,-0.2356853998510006,-0.03836739985100059,,,,
14.975441,927,1079.0,0.060291600148999404,-0.1370263998510006,-0.2356853998510006,0.060291600148999404,,,,
14.97652,927,1079.0,0.1589506001489994,-0.1370263998510006,-0.1370263998510006,0.1589506001489994,,,,
14.977599,927,1079.0,0.1589506001489994,-0.03836739985100059,-0.1370263998510006,0.2576096001489994,,,,
14.978678,927,1079.0,0.1589506001489994,-0.03836739985100059,-0.1370263998510006,0.3562686001489994,,,,
14.979757,927,1079.0,0.2576096001489994,0.060291600148999404,-0.03836739985100059,0.3562686001489994,,,,
14.980836,927,1079.0,0.2576096001489994,0.060291600148999404,-0.03836739985100059,0.4549276001489994,,,,
14.981915,927,1079.0,0.2576096001489994,0.060291600148999404,-0.03836739985100059,0.5535866001489994,,,,
14.982994,927,1079.0,0.2576096001489994,0.1589506001489994,0.060291600148999404,0.6522456001489993,,,,
14.984073,927,1079.0,0.3562686001489994,0.1589506001489994,0.1589506001489994,0.6522456001489993,,,,
14.985152,927,1079.0,0.2576096001489994,0.060291600148999404,0.060291600148999404,0.4549276001489994,,,,
14.986231,927,1079.0,0.2576096001489994,0.060291600148999404,-0.1370263998510006,0.4549276001489994,,,,
14.98731,927,1079.0,0.2576096001489994,0.060291600148999404,-0.03836739985100059,0.3562686001489994,,,,
14.988389,927,1079.0,0.1589506001489994,-0.03836739985100059,-0.1370263998510006,0.1589506001489994,,,,
14.989468,927,1079.0,0.1589506001489994,-0.03836739985100059,-0.1370263998510006,0.1589506001489994,,,,
14.990547,927,1079.0,0.1589506001489994,-0.03836739985100059,-0.1370263998510006,0.060291600148999404,,,,
14.991626,927,1079.0,0.060291600148999404,-0.1370263998510006,-0.2356853998510006,-0.03836739985100059,,,,
14.992705,927,1079.0,0.060291600148999404,-0.1370263998510006,-0.33434439985100056,-0.03836739985100059,,,,
14.993784,927,1079.0,-0.03836739985100059,-0.1370263998510006,-0.33434439985100056,-0.03836739985100059,,,,
14.994863,927,1079.0,0.060291600148999404,-0.1370263998510006,-0.2356853998510006,-0.03836739985100059,,,,
14.995942,927,1079.0,0.060291600148999404,-0.1370263998510006,-0.2356853998510006,0.060291600148999404,,,,
14.997021,927,1079.0,0.1589506001489994,-0.03836739985100059,-0.1370263998510006,0.1589506001489994,,,,
14.9981,927,1079.0,0.1589506001489994,-0.03836739985100059,-0.1370263998510006,0.3562686001489994,,,,
14.999179,927,1079.0,0.1589506001489994,0.060291600148999404,0.060291600148999404,0.3562686001489994,,,,
15.000258,927,1079.0,0.1589506001489994,0.060291600148999404,-0.03836739985100059,0.4549276001489994,,,,
15.001337,927,1079.0,0.2576096001489994,0.060291600148999404,0.060291600148999404,0.5535866001489994,,,,
15.002416,927,1079.0,0.2576096001489994,0.1589506001489994,0.1589506001489994,0.6522456001489993,,,,
15.003495,927,1079.0,0.3562686001489994,0.1589506001489994,0.1589506001489994,0.7509046001489994,,,,
15.004574,927,1079.0,0.3562686001489994,0.1589506001489994,0.1589506001489994,0.7509046001489994,,,,
15.005653,927,1079.0,0.2576096001489994,0.1589506001489994,0.1589506001489994,0.6522456001489993,,,,
15.006732,927,1079.0,0.2576096001489994,0.060291600148999404,0.060291600148999404,0.5535866001489994,,,,
15.007811,927,1079.0,0.1589506001489994,0.060291600148999404,0.060291600148999404,0.5535866001489994,,,,
15.00889,927,1079.0,0.1589506001489994,0.060291600148999404,-0.03836739985100059,0.4549276001489994,,,,
15.009969,927,1079.0,0.1589506001489994,0.060291600148999404,-0.03836739985100059,0.4549276001489994,,,,
15.011048,927,1079.0,0.1589506001489994,-0.03836739985100059,-0.03836739985100059,0.3562686001489994,,,,
15.012127,927,1079.0,0.060291600148999404,-0.03836739985100059,-0.03836739985100059,0.2576096001489994,,,,
15.013206,927,1079.0,0.060291600148999404,-0.03836739985100059,-0.1370263998510006,0.2576096001489994,,,,
15.014285,927,1079.0,0.060291600148999404,-0.03836739985100059,-0.03836739985100059,0.3562686001489994,,,,
15.015364,927,1079.0,0.060291600148999404,0.060291600148999404,-0.03836739985100059,0.5535866001489994,,,,
15.016443,927,1079.0,0.1589506001489994,0.060291600148999404,0.060291600148999404,0.6522456001489993,,,,
15.017522,927,1079.0,0.1589506001489994,0.1589506001489994,0.1589506001489994,0.7509046001489994,,,,
15.018601,927,1079.0,0.1589506001489994,0.1589506001489994,0.2576096001489994,0.8495636001489993,,,,
15.01968,927,1079.0,0.2576096001489994,0.1589506001489994,0.2576096001489994,0.9482226001489994,,,,
15.020759,927,1079.0,0.2576096001489994,0.1589506001489994,0.2576096001489994,1.0468816001489993,,,,
15.021838,927,1079.0,0.2576096001489994,0.2576096001489994,0.4549276001489994,1.1455406001489994,,,,
15.022917,927,1079.0,0.3562686001489994,0.2576096001489994,0.4549276001489994,1.3428586001489993,,,,
15.023996,927,1079.0,0.3562686001489994,0.3562686001489994,0.5535866001489994,1.2441996001489994,,,,
15.025075,927,1079.0,0.3562686001489994,0.3562686001489994,0.4549276001489994,1.1455406001489994,,,,
15.026154,927,1079.0,0.2576096001489994,0.2576096001489994,0.3562686001489994,1.1455406001489994,,,,
15.027233,927,1079.0,0.2576096001489994,0.2576096001489994,0.3562686001489994,1.0468816001489993,,,,
15.028312,927,1079.0,0.2576096001489994,0.1589506001489994,0.2576096001489994,1.0468816001489993,,,,
15.029391,927,1079.0,0.2576096001489994,0.1589506001489994,0.3562686001489994,1.0468816001489993,,,,
15.03047,927,1079.0,0.1589506001489994,0.1589506001489994,0.2576096001489994,0.9482226001489994,,,,
15.031549,927,1079.0,0.1589506001489994,0.1589506001489994,0.2576096001489994,0.8495636001489993,,,,
15.032628,927,1079.0,0.060291600148999404,0.060291600148999404,0.2576096001489994,0.8495636001489993,,,,
15.033707,927,1079.0,0.060291600148999404,0.060291600148999404,0.2576096001489994,0.9482226001489994,,,,
15.034786,927,1079.0,0.1589506001489994,0.1589506001489994,0.3562686001489994,1.0468816001489993,,,,
15.035865,927,1079.0,0.1589506001489994,0.2576096001489994,0.3562686001489994,1.1455406001489994,,,,
15.036944,927,1079.0,0.2576096001489994,0.2576096001489994,0.4549276001489994,1.3428586001489993,,,,
15.038023,927,1079.0,0.2576096001489994,0.2576096001489994,0.5535866001489994,1.4415176001489993,,,,
15.039102,927,1079.0,0.2576096001489994,0.3562686001489994,0.6522456001489993,1.5401766001489994,,,,
15.040181,927,1079.0,0.3562686001489994,0.3562686001489994,0.6522456001489993,1.6388356001489994,,,,
15.04126,927,1079.0,0.3562686001489994,0.4549276001489994,0.8495636001489993,1.7374946001489993,,,,
15.042339,927,1079.0,0.3562686001489994,0.4549276001489994,0.8495636001489993,1.9348126001489994,,,,
15.043418,927,1079.0,0.3562686001489994,0.5535866001489994,0.8495636001489993,1.8361536001489993,,,,
15.044497,927,1079.0,0.4549276001489994,0.4549276001489994,0.8495636001489993,1.8361536001489993,,,,
15.045576,927,1079.0,0.3562686001489994,0.4549276001489994,0.7509046001489994,1.7374946001489993,,,,
15.046655,927,1079.0,0.2576096001489994,0.4549276001489994,0.7509046001489994,1.6388356001489994,,,,
15.047734,927,1079.0,0.2576096001489994,0.4549276001489994,0.7509046001489994,1.6388356001489994,,,,
15.048813,927,1079.0,0.2576096001489994,0.3562686001489994,0.6522456001489993,1.5401766001489994,,,,
15.049892,927,1079.0,0.2576096001489994,0.3562686001489994,0.6522456001489993,1.4415176001489993,,,,
15.050971,927,1079.0,0.1589506001489994,0.2576096001489994,0.6522456001489993,1.4415176001489993,,,,
15.05205,927,1079.0,0.1589506001489994,0.2576096001489994,0.5535866001489994,1.3428586001489993,,,,
15.053129,927,1079.0,0.1589506001489994,0.2576096001489994,0.5535866001489994,1.4415176001489993,,,,
15.054208,927,1079.0,0.1589506001489994,0.3562686001489994,0.6522456001489993,1.5401766001489994,,,,
15.055287,927,1079.0,0.2576096001489994,0.3562686001489994,0.7509046001489994,1.6388356001489994,,,,
15.056366,927,1079.0,0.2576096001489994,0.4549276001489994,0.7509046001489994,1.8361536001489993,,,,
15.057445,927,1079.0,0.2576096001489994,0.4549276001489994,0.8495636001489993,1.9348126001489994,,,,
15.058524,927,1079.0,0.3562686001489994,0.4549276001489994,0.8495636001489993,2.0334716001489994,,,,
15.059603,927,1079.0,0.3562686001489994,0.5535866001489994,0.9482226001489994,2.0334716001489994,,,,
15.060682,927,1079.0,0.3562686001489994,0.5535866001489994,1.0468816001489993,2.1321306001489995,,,,
15.061761,927,1079.0,0.4549276001489994,0.6522456001489993,1.0468816001489993,2.329448600148999,,,,
15.06284,927,1079.0,0.4549276001489994,0.6522456001489993,1.0468816001489993,2.329448600148999,,,,
15.063919,927,1079.0,0.4549276001489994,0.6522456001489993,1.0468816001489993,2.2307896001489995,,,,
15.064998,927,1079.0,0.3562686001489994,0.5535866001489994,1.0468816001489993,2.1321306001489995,,,,
15.066077,927,1079.0,0.3562686001489994,0.5535866001489994,0.9482226001489994,2.0334716001489994,,,,
15.067156,927,1079.0,0.2576096001489994,0.4549276001489994,0.9482226001489994,1.9348126001489994,,,,
15.068235,927,1079.0,0.2576096001489994,0.4549276001489994,0.8495636001489993,1.9348126001489994,,,,
15.069314,927,1079.0,0.2576096001489994,0.4549276001489994,0.8495636001489993,1.8361536001489993,,,,
15.070393,927,1079.0,0.2576096001489994,0.4549276001489994,0.7509046001489994,1.7374946001489993,,,,
15.071472,927,1079.0,0.1589506001489994,0.3562686001489994,0.7509046001489994,1.6388356001489994,,,,
15.072551,927,1079.0,0.1589506001489994,0.3562686001489994,0.7509046001489994,1.6388356001489994,,,,
15.07363,927,1079.0,0.1589506001489994,0.4549276001489994,0.7509046001489994,1.7374946001489993,,,,
15.074709,927,1079.0,0.2576096001489994,0.3562686001489994,0.6522456001489993,1.8361536001489993,,,,
15.075788,927,1079.0,0.2576096001489994,0.4549276001489994,0.8495636001489993,1.9348126001489994,,,,
15.076867,927,1079.0,0.3562686001489994,0.4549276001489994,0.9482226001489994,2.0334716001489994,,,,
15.077946,927,1079.0,0.3562686001489994,0.4549276001489994,0.9482226001489994,2.1321306001489995,,,,
15.079025,927,1079.0,0.3562686001489994,0.5535866001489994,1.0468816001489993,2.1321306001489995,,,,
15.080104,927,1079.0,0.3562686001489994,0.5535866001489994,1.0468816001489993,2.2307896001489995,,,,
15.081183,927,1079.0,0.4549276001489994,0.6522456001489993,1.0468816001489993,2.329448600148999,,,,
15.082262,927,1079.0,0.4549276001489994,0.6522456001489993,1.1455406001489994,2.329448600148999,,,,
15.083341,927,1079.0,0.4549276001489994,0.5535866001489994,1.0468816001489993,2.2307896001489995,,,,
15.08442,927,1079.0,0.3562686001489994,0.6522456001489993,0.9482226001489994,2.1321306001489995,,,,
15.085499,927,1079.0,0.3562686001489994,0.4549276001489994,0.8495636001489993,2.0334716001489994,,,,
15.086578,927,1079.0,0.2576096001489994,0.4549276001489994,0.8495636001489993,1.8361536001489993,,,,
15.087657,927,1079.0,0.2576096001489994,0.4549276001489994,0.7509046001489994,1.7374946001489993,,,,
15.088736,927,1079.0,0.2576096001489994,0.4549276001489994,0.6522456001489993,1.6388356001489994,,,,
15.089815,927,1079.0,0.2576096001489994,0.3562686001489994,0.6522456001489993,1.5401766001489994,,,,
15.090894,927,1079.0,0.1589506001489994,0.3562686001489994,0.5535866001489994,1.4415176001489993,,,,
15.091973,927,1079.0,0.1589506001489994,0.2576096001489994,0.5535866001489994,1.3428586001489993,,,,
15.093052,927,1079.0,0.1589506001489994,0.2576096001489994,0.6522456001489993,1.4415176001489993,,,,
15.094131,927,1079.0,0.1589506001489994,0.3562686001489994,0.6522456001489993,1.5401766001489994,,,,
15.09521,927,1079.0,0.2576096001489994,0.3562686001489994,0.6522456001489993,1.6388356001489994,,,,
15.096289,927,1079.0,0.2576096001489994,0.3562686001489994,0.6522456001489993,1.7374946001489993,,,,
15.097368,927,1079.0,0.2576096001489994,0.4549276001489994,0.7509046001489994,1.7374946001489993,,,,
15.098447,927,1079.0,0.3562686001489994,0.4549276001489994,0.7509046001489994,1.7374946001489993,,,,
15.099526,927,1079.0,0.3562686001489994,0.4549276001489994,0.7509046001489994,1.7374946001489993,,,,
15.100605,927,1079.0,0.4549276001489994,0.4549276001489994,0.8495636001489993,1.9348126001489994,,,,
15.101684,927,1079.0,0.4549276001489994,0.5535866001489994,0.8495636001489993,1.9348126001489994,,,,
15.102763,927,1079.0,0.4549276001489994,0.4549276001489994,0.7509046001489994,1.8361536001489993,,,,
15.103842,927,1079.0,0.3562686001489994,0.4549276001489994,0.6522456001489993,1.7374946001489993,,,,
15.104921,927,1079.0,0.3562686001489994,0.3562686001489994,0.6522456001489993,1.5401766001489994,,,,
15.106,927,1079.0,0.2576096001489994,0.3562686001489994,0.5535866001489994,1.4415176001489993,,,,
15.107079,927,1079.0,0.2576096001489994,0.2576096001489994,0.4549276001489994,1.2441996001489994,,,,
15.108158,927,1079.0,0.2576096001489994,0.2576096001489994,0.4549276001489994,1.2441996001489994,,,,
15.109237,927,1079.0,0.1589506001489994,0.1589506001489994,0.3562686001489994,1.0468816001489993,,,,
15.110316,927,1079.0,0.1589506001489994,0.1589506001489994,0.2576096001489994,0.9482226001489994,,,,
15.111395,927,1079.0,0.060291600148999404,0.1589506001489994,0.2576096001489994,0.8495636001489993,,,,
15.112474,927,1079.0,0.1589506001489994,0.060291600148999404,0.2576096001489994,0.8495636001489993,,,,
15.113553,927,1079.0,0.1589506001489994,0.1589506001489994,0.2576096001489994,1.0468816001489993,,,,
15.114632,927,1079.0,0.1589506001489994,0.1589506001489994,0.2576096001489994,1.0468816001489993,,,,
15.115711,927,1079.0,0.1589506001489994,0.2576096001489994,0.3562686001489994,1.0468816001489993,,,,
15.11679,927,1079.0,0.1589506001489994,0.2576096001489994,0.3562686001489994,1.1455406001489994,,,,
15.117869,927,1079.0,0.2576096001489994,0.2576096001489994,0.3562686001489994,1.1455406001489994,,,,
15.118948,927,1079.0,0.2576096001489994,0.2576096001489994,0.3562686001489994,1.1455406001489994,,,,
15.120027,927,1079.0,0.2576096001489994,0.3562686001489994,0.4549276001489994,1.2441996001489994,,,,
15.121106,927,1079.0,0.3562686001489994,0.3562686001489994,0.4549276001489994,1.3428586001489993,,,,
15.122185,927,1079.0,0.3562686001489994,0.2576096001489994,0.4549276001489994,1.2441996001489994,,,,
15.123264,927,1079.0,0.2576096001489994,0.2576096001489994,0.3562686001489994,1.0468816001489993,,,,
15.124343,927,1079.0,0.2576096001489994,0.2576096001489994,0.2576096001489994,0.9482226001489994,,,,
15.125422,927,1079.0,0.2576096001489994,0.1589506001489994,0.1589506001489994,0.8495636001489993,,,,
15.126501,927,1079.0,0.1589506001489994,0.1589506001489994,0.1589506001489994,0.6522456001489993,,,,
15.12758,927,1079.0,0.1589506001489994,0.1589506001489994,0.060291600148999404,0.5535866001489994,,,,
15.128659,927,1079.0,0.1589506001489994,0.060291600148999404,-0.03836739985100059,0.4549276001489994,,,,
15.129738,927,1079.0,0.060291600148999404,0.060291600148999404,-0.03836739985100059,0.3562686001489994,,,,
15.130817,927,1079.0,0.060291600148999404,-0.03836739985100059,-0.1370263998510006,0.2576096001489994,,,,
15.131896,927,1079.0,0.060291600148999404,-0.03836739985100059,-0.1370263998510006,0.2576096001489994,,,,
15.132975,927,1079.0,0.060291600148999404,-0.03836739985100059,-0.1370263998510006,0.3562686001489994,,,,
15.134054,927,1079.0,0.060291600148999404,0.060291600148999404,-0.03836739985100059,0.4549276001489994,,,,
15.135133,927,1079.0,0.1589506001489994,0.060291600148999404,0.060291600148999404,0.5535866001489994,,,,
15.136212,927,1079.0,0.1589506001489994,0.060291600148999404,0.060291600148999404,0.5535866001489994,,,,
15.137291,927,1079.0,0.2576096001489994,0.060291600148999404,0.060291600148999404,0.5535866001489994,,,,
15.13837,927,1079.0,0.2576096001489994,0.060291600148999404,0.060291600148999404,0.6522456001489993,,,,
15.139449,927,1079.0,0.2576096001489994,0.060291600148999404,0.1589506001489994,0.7509046001489994,,,,
15.140528,927,1079.0,0.2576096001489994,0.2576096001489994,0.1589506001489994,0.7509046001489994,,,,
15.141607,927,1079.0,0.3562686001489994,0.1589506001489994,0.1589506001489994,0.7509046001489994,,,,
15.142686,927,1079.0,0.2576096001489994,0.1589506001489994,0.060291600148999404,0.6522456001489993,,,,
15.143765,927,1079.0,0.2576096001489994,0.060291600148999404,-0.03836739985100059,0.4549276001489994,,,,
15.144844,927,1079.0,0.1589506001489994,0.060291600148999404,-0.1370263998510006,0.3562686001489994,,,,
15.145923,927,1079.0,0.1589506001489994,-0.03836739985100059,-0.1370263998510006,0.3562686001489994,,,,
15.147002,927,1079.0,0.1589506001489994,-0.03836739985100059,-0.2356853998510006,0.2576096001489994,,,,
15.148081,927,1079.0,0.1589506001489994,-0.03836739985100059,-0.2356853998510006,0.1589506001489994,,,,
15.14916,927,1079.0,0.060291600148999404,-0.1370263998510006,-0.2356853998510006,0.060291600148999404,,,,
15.150239,927,1079.0,0.060291600148999404,-0.1370263998510006,-0.33434439985100056,-0.03836739985100059,,,,
15.151318,927,1079.0,0.060291600148999404,-0.1370263998510006,-0.2356853998510006,-0.03836739985100059,,,,
15.152397,927,1079.0,0.060291600148999404,-0.1370263998510006,-0.2356853998510006,-0.03836739985100059,,,,
15.153476,927,1079.0,0.060291600148999404,-0.03836739985100059,-0.2356853998510006,0.060291600148999404,,,,
15.154555,927,1079.0,0.060291600148999404,-0.03836739985100059,-0.1370263998510006,0.1589506001489994,,,,
15.155634,927,1079.0,0.1589506001489994,-0.03836739985100059,-0.1370263998510006,0.2576096001489994,,,,
15.156713,927,1079.0,0.1589506001489994,-0.03836739985100059,-0.1370263998510006,0.3562686001489994,,,,
15.157792,927,1079.0,0.1589506001489994,0.060291600148999404,-0.03836739985100059,0.3562686001489994,,,,
15.158871,927,1079.0,0.1589506001489994,0.060291600148999404,-0.03836739985100059,0.5535866001489994,,,,
15.15995,927,1079.0,0.2576096001489994,0.1589506001489994,0.060291600148999404,0.6522456001489993,,,,
15.161029,927,1079.0,0.2576096001489994,0.1589506001489994,0.060291600148999404,0.6522456001489993,,,,
15.162108,927,1079.0,0.2576096001489994,0.1589506001489994,0.060291600148999404,0.5535866001489994,,,,
15.163187,927,1079.0,0.2576096001489994,0.060291600148999404,-0.03836739985100059,0.3562686001489994,,,,
15.164266,927,1079.0,0.1589506001489994,-0.03836739985100059,-0.03836739985100059,0.3562686001489994,,,,
15.165345,927,1079.0,0.1589506001489994,0.060291600148999404,-0.1370263998510006,0.2576096001489994,,,,
15.166424,927,1079.0,0.1589506001489994,-0.03836739985100059,-0.1370263998510006,0.2576096001489994,,,,
15.167503,927,1079.0,0.1589506001489994,-0.03836739985100059,-0.2356853998510006,0.1589506001489994,,,,
15.168582,927,1079.0,0.060291600148999404,-0.1370263998510006,-0.2356853998510006,0.060291600148999404,,,,
15.169661,927,1079.0,0.060291600148999404,-0.1370263998510006,-0.2356853998510006,0.060291600148999404,,,,
15.17074,927,1079.0,0.060291600148999404,-0.1370263998510006,-0.2356853998510006,0.060291600148999404,,,,
15.171819,927,1079.0,0.1589506001489994,-0.1370263998510006,-0.2356853998510006,0.1589506001489994,,,,
15.172898,927,1079.0,0.1589506001489994,-0.03836739985100059,-0.1370263998510006,0.2576096001489994,,,,
15.173977,927,1079.0,0.1589506001489994,-0.03836739985100059,-0.03836739985100059,0.3562686001489994,,,,
15.175056,927,1079.0,0.1589506001489994,0.060291600148999404,-0.03836739985100059,0.4549276001489994,,,,
15.176135,927,1079.0,0.2576096001489994,0.060291600148999404,0.060291600148999404,0.5535866001489994,,,,
15.177214,927,1079.0,0.2576096001489994,0.1589506001489994,0.060291600148999404,0.6522456001489993,,,,
15.178293,927,1079.0,0.2576096001489994,0.1589506001489994,0.1589506001489994,0.7509046001489994,,,,
15.179372,927,1079.0,0.3562686001489994,0.2576096001489994,0.2576096001489994,0.9482226001489994,,,,
15.180451,927,1079.0,0.3562686001489994,0.2576096001489994,0.2576096001489994,0.9482226001489994,,,,
15.18153,927,1079.0,0.3562686001489994,0.1589506001489994,0.2576096001489994,0.8495636001489993,,,,
15.182609,927,1079.0,0.2576096001489994,0.1589506001489994,0.2576096001489994,0.8495636001489993,,,,
15.183688,927,1079.0,0.2576096001489994,0.1589506001489994,0.1589506001489994,0.7509046001489994,,,,
15.184767,927,1079.0,0.2576096001489994,0.060291600148999404,0.1589506001489994,0.6522456001489993,,,,
15.185846,927,1079.0,0.2576096001489994,0.060291600148999404,0.060291600148999404,0.6522456001489993,,,,
15.186925,927,1079.0,0.1589506001489994,0.060291600148999404,0.060291600148999404,0.6522456001489993,,,,
15.188004,927,1079.0,0.1589506001489994,-0.03836739985100059,0.060291600148999404,0.5535866001489994,,,,
15.189083,927,1079.0,0.1589506001489994,-0.03836739985100059,0.060291600148999404,0.4549276001489994,,,,
15.190162,927,1079.0,0.060291600148999404,-0.03836739985100059,0.060291600148999404,0.5535866001489994,,,,
15.191241,927,1079.0,0.1589506001489994,0.060291600148999404,0.060291600148999404,0.6522456001489993,,,,
15.19232,927,1079.0,0.1589506001489994,0.060291600148999404,0.1589506001489994,0.7509046001489994,,,,
15.193399,927,1079.0,0.1589506001489994,0.1589506001489994,0.2576096001489994,0.9482226001489994,,,,
15.194478,927,1079.0,0.2576096001489994,0.1589506001489994,0.2576096001489994,0.9482226001489994,,,,
15.195557,927,1079.0,0.2576096001489994,0.2576096001489994,0.3562686001489994,1.0468816001489993,,,,
15.196636,927,1079.0,0.2576096001489994,0.2576096001489994,0.4549276001489994,1.1455406001489994,,,,
15.197715,927,1079.0,0.2576096001489994,0.2576096001489994,0.4549276001489994,1.3428586001489993,,,,
15.198794,927,1079.0,0.3562686001489994,0.3562686001489994,0.5535866001489994,1.5401766001489994,,,,
15.199873,927,1079.0,0.3562686001489994,0.4549276001489994,0.6522456001489993,1.5401766001489994,,,,
15.200952,927,1079.0,0.3562686001489994,0.3562686001489994,0.5535866001489994,1.5401766001489994,,,,
15.202031,927,1079.0,0.2576096001489994,0.3562686001489994,0.4549276001489994,1.4415176001489993,,,,
15.20311,927,1079.0,0.2576096001489994,0.3562686001489994,0.4549276001489994,1.3428586001489993,,,,
15.204189,927,1079.0,0.2576096001489994,0.2576096001489994,0.4549276001489994,1.2441996001489994,,,,
15.205268,927,1079.0,0.2576096001489994,0.2576096001489994,0.4549276001489994,1.2441996001489994,,,,
15.206347,927,1079.0,0.2576096001489994,0.2576096001489994,0.4549276001489994,1.2441996001489994,,,,
15.207426,927,1079.0,0.1589506001489994,0.2576096001489994,0.4549276001489994,1.1455406001489994,,,,
15.208505,927,1079.0,0.1589506001489994,0.1589506001489994,0.3562686001489994,1.0468816001489993,,,,
15.209584,927,1079.0,0.060291600148999404,0.1589506001489994,0.3562686001489994,1.0468816001489993,,,,
15.210663,927,1079.0,0.1589506001489994,0.1589506001489994,0.4549276001489994,1.2441996001489994,,,,
15.211742,927,1079.0,0.1589506001489994,0.2576096001489994,0.5535866001489994,1.3428586001489993,,,,
15.212821,927,1079.0,0.2576096001489994,0.2576096001489994,0.5535866001489994,1.5401766001489994,,,,
15.2139,927,1079.0,0.2576096001489994,0.3562686001489994,0.6522456001489993,1.6388356001489994,,,,
15.214979,927,1079.0,0.2576096001489994,0.4549276001489994,0.6522456001489993,1.7374946001489993,,,,
15.216058,927,1079.0,0.3562686001489994,0.4549276001489994,0.7509046001489994,1.8361536001489993,,,,
15.217137,927,1079.0,0.3562686001489994,0.4549276001489994,0.8495636001489993,1.8361536001489993,,,,
15.218216,927,1079.0,0.3562686001489994,0.5535866001489994,0.9482226001489994,2.0334716001489994,,,,
15.219295,927,1079.0,0.4549276001489994,0.5535866001489994,0.9482226001489994,2.2307896001489995,,,,
15.220374,927,1079.0,0.3562686001489994,0.5535866001489994,1.0468816001489993,2.1321306001489995,,,,
15.221453,927,1079.0,0.3562686001489994,0.5535866001489994,0.9482226001489994,2.0334716001489994,,,,
15.222532,927,1079.0,0.3562686001489994,0.4549276001489994,0.8495636001489993,1.9348126001489994,,,,
15.223611,927,1079.0,0.3562686001489994,0.4549276001489994,0.8495636001489993,1.8361536001489993,,,,
15.22469,927,1079.0,0.2576096001489994,0.4549276001489994,0.8495636001489993,1.7374946001489993,,,,
15.225769,927,1079.0,0.2576096001489994,0.4549276001489994,0.7509046001489994,1.7374946001489993,,,,
15.226848,927,1079.0,0.2576096001489994,0.3562686001489994,0.7509046001489994,1.6388356001489994,,,,
15.227927,927,1079.0,0.1589506001489994,0.3562686001489994,0.6522456001489993,1.5401766001489994,,,,
15.229006,927,1079.0,0.1589506001489994,0.2576096001489994,0.6522456001489993,1.5401766001489994,,,,
15.230085,927,1079.0,0.1589506001489994,0.3562686001489994,0.7509046001489994,1.6388356001489994,,,,
15.231164,927,1079.0,0.1589506001489994,0.3562686001489994,0.7509046001489994,1.7374946001489993,,,,
15.232243,927,1079.0,0.2576096001489994,0.3562686001489994,0.8495636001489993,1.7374946001489993,,,,
15.233322,927,1079.0,0.3562686001489994,0.4549276001489994,0.8495636001489993,1.9348126001489994,,,,
15.234401,927,1079.0,0.3562686001489994,0.4549276001489994,0.9482226001489994,2.1321306001489995,,,,
15.23548,927,1079.0,0.3562686001489994,0.5535866001489994,1.0468816001489993,2.1321306001489995,,,,
15.236559,927,1079.0,0.3562686001489994,0.5535866001489994,1.0468816001489993,2.1321306001489995,,,,
15.237638,927,1079.0,0.4549276001489994,0.5535866001489994,1.0468816001489993,2.329448600148999,,,,
15.238717,927,1079.0,0.4549276001489994,0.6522456001489993,1.1455406001489994,2.428107600148999,,,,
15.239796,927,1079.0,0.4549276001489994,0.6522456001489993,1.1455406001489994,2.329448600148999,,,,
15.240875,927,1079.0,0.4549276001489994,0.5535866001489994,1.1455406001489994,2.329448600148999,,,,
15.241954,927,1079.0,0.3562686001489994,0.5535866001489994,1.0468816001489993,2.1321306001489995,,,,
15.243033,927,1079.0,0.3562686001489994,0.5535866001489994,0.9482226001489994,2.0334716001489994,,,,
15.244112,927,1079.0,0.3562686001489994,0.4549276001489994,0.9482226001489994,1.9348126001489994,,,,
15.245191,927,1079.0,0.2576096001489994,0.4549276001489994,0.8495636001489993,1.9348126001489994,,,,
15.24627,927,1079.0,0.2576096001489994,0.4549276001489994,0.7509046001489994,1.7374946001489993,,,,
15.247349,927,1079.0,0.2576096001489994,0.3562686001489994,0.7509046001489994,1.7374946001489993,,,,
15.248428,927,1079.0,0.1589506001489994,0.3562686001489994,0.6522456001489993,1.6388356001489994,,,,
15.249507,927,1079.0,0.1589506001489994,0.3562686001489994,0.7509046001489994,1.6388356001489994,,,,
15.250586,927,1079.0,0.1589506001489994,0.3562686001489994,0.7509046001489994,1.7374946001489993,,,,
15.251665,927,1079.0,0.2576096001489994,0.3562686001489994,0.8495636001489993,1.8361536001489993,,,,
15.252744,927,1079.0,0.2576096001489994,0.4549276001489994,0.8495636001489993,1.9348126001489994,,,,
15.253823,927,1079.0,0.3562686001489994,0.4549276001489994,0.8495636001489993,2.0334716001489994,,,,
15.254902,927,1079.0,0.3562686001489994,0.4549276001489994,0.9482226001489994,2.0334716001489994,,,,
15.255981,927,1079.0,0.3562686001489994,0.5535866001489994,0.9482226001489994,2.0334716001489994,,,,
15.25706,927,1079.0,0.3562686001489994,0.5535866001489994,0.9482226001489994,2.1321306001489995,,,,
15.258139,927,1079.0,0.4549276001489994,0.6522456001489993,1.0468816001489993,2.2307896001489995,,,,
15.259218,927,1079.0,0.4549276001489994,0.5535866001489994,1.0468816001489993,2.2307896001489995,,,,
15.260297,927,1079.0,0.3562686001489994,0.5535866001489994,0.9482226001489994,2.0334716001489994,,,,
15.261376,927,1079.0,0.3562686001489994,0.4549276001489994,0.8495636001489993,1.9348126001489994,,,,
15.262455,927,1079.0,0.3562686001489994,0.4549276001489994,0.7509046001489994,1.7374946001489993,,,,
15.263534,927,1079.0,0.2576096001489994,0.3562686001489994,0.7509046001489994,1.6388356001489994,,,,
15.264613,927,1079.0,0.1589506001489994,0.3562686001489994,0.6522456001489993,1.5401766001489994,,,,
15.265692,927,1079.0,0.2576096001489994,0.3562686001489994,0.5535866001489994,1.4415176001489993,,,,
15.266771,927,1079.0,0.1589506001489994,0.2576096001489994,0.5535866001489994,1.3428586001489993,,,,
15.26785,927,1079.0,0.1589506001489994,0.2576096001489994,0.4549276001489994,1.2441996001489994,,,,
15.268929,927,1079.0,0.1589506001489994,0.2576096001489994,0.4549276001489994,1.2441996001489994,,,,
15.270008,927,1079.0,0.1589506001489994,0.2576096001489994,0.5535866001489994,1.3428586001489993,,,,
15.271087,927,1079.0,0.2576096001489994,0.2576096001489994,0.5535866001489994,1.3428586001489993,,,,
15.272166,927,1079.0,0.2576096001489994,0.2576096001489994,0.5535866001489994,1.4415176001489993,,,,
15.273245,927,1079.0,0.2576096001489994,0.3562686001489994,0.6522456001489993,1.4415176001489993,,,,
15.274324,927,1079.0,0.2576096001489994,0.3562686001489994,0.6522456001489993,1.4415176001489993,,,,
15.275403,927,1079.0,0.3562686001489994,0.3562686001489994,0.6522456001489993,1.5401766001489994,,,,
15.276482,927,1079.0,0.3562686001489994,0.4549276001489994,0.6522456001489993,1.6388356001489994,,,,
15.277561,927,1079.0,0.3562686001489994,0.4549276001489994,0.6522456001489993,1.7374946001489993,,,,
15.27864,927,1079.0,0.4549276001489994,0.4549276001489994,0.6522456001489993,1.6388356001489994,,,,
15.279719,927,1079.0,0.4549276001489994,0.3562686001489994,0.5535866001489994,1.4415176001489993,,,,
15.280798,927,1079.0,0.3562686001489994,0.3562686001489994,0.5535866001489994,1.3428586001489993,,,,
15.281877,927,1079.0,0.2576096001489994,0.2576096001489994,0.4549276001489994,1.2441996001489994,,,,
15.282956,927,1079.0,0.2576096001489994,0.2576096001489994,0.3562686001489994,1.1455406001489994,,,,
15.284035,927,1079.0,0.1589506001489994,0.2576096001489994,0.3562686001489994,0.9482226001489994,,,,
15.285114,927,1079.0,0.2576096001489994,0.1589506001489994,0.2576096001489994,0.8495636001489993,,,,
15.286193,927,1079.0,0.1589506001489994,0.060291600148999404,0.1589506001489994,0.7509046001489994,,,,
15.287272,927,1079.0,0.060291600148999404,0.060291600148999404,0.060291600148999404,0.6522456001489993,,,,
15.288351,927,1079.0,0.060291600148999404,0.060291600148999404,0.060291600148999404,0.5535866001489994,,,,
15.28943,927,1079.0,0.060291600148999404,0.060291600148999404,0.060291600148999404,0.6522456001489993,,,,
15.290509,927,1079.0,0.1589506001489994,0.060291600148999404,0.1589506001489994,0.7509046001489994,,,,
15.291588,927,1079.0,0.1589506001489994,0.1589506001489994,0.1589506001489994,0.8495636001489993,,,,
15.292667,927,1079.0,0.1589506001489994,0.1589506001489994,0.2576096001489994,0.8495636001489993,,,,
15.293746,927,1079.0,0.2576096001489994,0.2576096001489994,0.2576096001489994,0.8495636001489993,,,,
15.294825,927,1079.0,0.2576096001489994,0.1589506001489994,0.2576096001489994,0.8495636001489993,,,,
15.295904,927,1079.0,0.2576096001489994,0.1589506001489994,0.2576096001489994,0.9482226001489994,,,,
15.296983,927,1079.0,0.3562686001489994,0.2576096001489994,0.3562686001489994,1.0468816001489993,,,,
15.298062,927,1079.0,0.3562686001489994,0.2576096001489994,0.3562686001489994,1.0468816001489993,,,,
15.299141,927,1079.0,0.3562686001489994,0.2576096001489994,0.2576096001489994,0.8495636001489993,,,,
15.30022,927,1079.0,0.2576096001489994,0.1589506001489994,0.1589506001489994,0.8495636001489993,,,,
15.301299,927,1079.0,0.2576096001489994,0.060291600148999404,0.1589506001489994,0.6522456001489993,,,,
15.302378,927,1079.0,0.1589506001489994,0.060291600148999404,0.060291600148999404,0.4549276001489994,,,,
15.303457,927,1079.0,0.1589506001489994,0.060291600148999404,-0.03836739985100059,0.3562686001489994,,,,
15.304536,927,1079.0,0.1589506001489994,0.060291600148999404,-0.03836739985100059,0.2576096001489994,,,,
15.305615,927,1079.0,0.060291600148999404,-0.03836739985100059,-0.1370263998510006,0.2576096001489994,,,,
15.306694,927,1079.0,0.060291600148999404,-0.1370263998510006,-0.2356853998510006,0.1589506001489994,,,,
15.307773,927,1079.0,0.060291600148999404,-0.1370263998510006,-0.2356853998510006,0.060291600148999404,,,,
15.308852,927,1079.0,0.060291600148999404,-0.1370263998510006,-0.2356853998510006,0.1589506001489994,,,,
15.309931,927,1079.0,0.060291600148999404,-0.03836739985100059,-0.1370263998510006,0.2576096001489994,,,,
15.31101,927,1079.0,0.060291600148999404,-0.03836739985100059,-0.1370263998510006,0.2576096001489994,,,,
15.312089,927,1079.0,0.1589506001489994,-0.03836739985100059,-0.03836739985100059,0.3562686001489994,,,,
15.313168,927,1079.0,0.1589506001489994,-0.03836739985100059,-0.03836739985100059,0.4549276001489994,,,,
15.314247,927,1079.0,0.1589506001489994,-0.03836739985100059,-0.03836739985100059,0.4549276001489994,,,,
15.315326,927,1079.0,0.2576096001489994,0.060291600148999404,-0.03836739985100059,0.5535866001489994,,,,
15.316405,927,1079.0,0.2576096001489994,0.060291600148999404,0.060291600148999404,0.6522456001489993,,,,
15.317484,927,1079.0,0.3562686001489994,0.1589506001489994,0.060291600148999404,0.6522456001489993,,,,
15.318563,927,1079.0,0.3562686001489994,0.1589506001489994,0.060291600148999404,0.5535866001489994,,,,
15.319642,927,1079.0,0.2576096001489994,0.060291600148999404,-0.03836739985100059,0.4549276001489994,,,,
15.320721,927,1079.0,0.2576096001489994,0.060291600148999404,-0.03836739985100059,0.3562686001489994,,,,
15.3218,927,1079.0,0.2576096001489994,0.060291600148999404,-0.1370263998510006,0.2576096001489994,,,,
15.322879,927,1079.0,0.1589506001489994,-0.03836739985100059,-0.1370263998510006,0.1589506001489994,,,,
15.323958,927,1079.0,0.1589506001489994,-0.03836739985100059,-0.2356853998510006,0.060291600148999404,,,,
15.325037,927,1079.0,0.060291600148999404,-0.1370263998510006,-0.2356853998510006,-0.03836739985100059,,,,
15.326116,927,1079.0,0.060291600148999404,-0.1370263998510006,-0.33434439985100056,-0.1370263998510006,,,,
15.327195,927,1079.0,0.060291600148999404,-0.1370263998510006,-0.33434439985100056,-0.1370263998510006,,,,
15.328274,927,1079.0,-0.03836739985100059,-0.1370263998510006,-0.33434439985100056,-0.03836739985100059,,,,
15.329353,927,1079.0,0.060291600148999404,-0.1370263998510006,-0.2356853998510006,0.060291600148999404,,,,
15.330432,927,1079.0,0.1589506001489994,-0.03836739985100059,-0.1370263998510006,0.1589506001489994,,,,
15.331511,927,1079.0,0.1589506001489994,-0.03836739985100059,-0.1370263998510006,0.2576096001489994,,,,
15.33259,927,1079.0,0.1589506001489994,-0.03836739985100059,-0.03836739985100059,0.3562686001489994,,,,
15.333669,927,1079.0,0.1589506001489994,-0.03836739985100059,-0.03836739985100059,0.4549276001489994,,,,
15.334748,927,1079.0,0.1589506001489994,0.060291600148999404,-0.03836739985100059,0.4549276001489994,,,,
15.335827,927,1079.0,0.2576096001489994,0.060291600148999404,0.1589506001489994,0.6522456001489993,,,,
15.336906,927,1079.0,0.2576096001489994,0.1589506001489994,0.1589506001489994,0.6522456001489993,,,,
15.337985,927,1079.0,0.2576096001489994,0.1589506001489994,0.1589506001489994,0.6522456001489993,,,,
15.339064,927,1079.0,0.2576096001489994,0.1589506001489994,0.060291600148999404,0.5535866001489994,,,,
15.340143,927,1079.0,0.2576096001489994,0.060291600148999404,0.060291600148999404,0.4549276001489994,,,,
15.341222,927,1079.0,0.1589506001489994,0.060291600148999404,-0.03836739985100059,0.3562686001489994,,,,
15.342301,927,1079.0,0.1589506001489994,-0.03836739985100059,-0.03836739985100059,0.3562686001489994,,,,
15.34338,927,1079.0,0.1589506001489994,-0.03836739985100059,-0.03836739985100059,0.2576096001489994,,,,
15.344459,927,1079.0,0.1589506001489994,-0.03836739985100059,-0.1370263998510006,0.2576096001489994,,,,
15.345538,927,1079.0,0.060291600148999404,-0.1370263998510006,-0.1370263998510006,0.1589506001489994,,,,
15.346617,927,1079.0,0.060291600148999404,-0.1370263998510006,-0.2356853998510006,0.1589506001489994,,,,
15.347696,927,1079.0,0.060291600148999404,-0.1370263998510006,-0.1370263998510006,0.1589506001489994,,,,
15.348775,927,1079.0,0.060291600148999404,-0.03836739985100059,-0.03836739985100059,0.3562686001489994,,,,
15.349854,927,1079.0,0.1589506001489994,0.060291600148999404,-0.03836739985100059,0.4549276001489994,,,,
15.350933,927,1079.0,0.1589506001489994,0.060291600148999404,0.060291600148999404,0.6522456001489993,,,,
15.352012,927,1079.0,0.2576096001489994,0.060291600148999404,0.060291600148999404,0.7509046001489994,,,,
15.353091,927,1079.0,0.2576096001489994,0.1589506001489994,0.1589506001489994,0.7509046001489994,,,,
15.35417,927,1079.0,0.2576096001489994,0.1589506001489994,0.1589506001489994,0.8495636001489993,,,,
15.355249,927,1079.0,0.2576096001489994,0.2576096001489994,0.3562686001489994,1.0468816001489993,,,,
15.356328,927,1079.0,0.3562686001489994,0.2576096001489994,0.4549276001489994,1.1455406001489994,,,,
15.357407,927,1079.0,0.3562686001489994,0.2576096001489994,0.4549276001489994,1.1455406001489994,,,,
15.358486,927,1079.0,0.3562686001489994,0.2576096001489994,0.3562686001489994,1.0468816001489993,,,,
15.359565,927,1079.0,0.3562686001489994,0.1589506001489994,0.2576096001489994,1.0468816001489993,,,,
15.360644,927,1079.0,0.2576096001489994,0.1589506001489994,0.2576096001489994,0.8495636001489993,,,,
15.361723,927,1079.0,0.2576096001489994,0.1589506001489994,0.2576096001489994,0.8495636001489993,,,,
15.362802,927,1079.0,0.1589506001489994,0.1589506001489994,0.2576096001489994,0.8495636001489993,,,,
15.363881,927,1079.0,0.1589506001489994,0.060291600148999404,0.1589506001489994,0.7509046001489994,,,,
15.36496,927,1079.0,0.060291600148999404,0.060291600148999404,0.2576096001489994,0.7509046001489994,,,,
15.366039,927,1079.0,0.060291600148999404,0.060291600148999404,0.1589506001489994,0.6522456001489993,,,,
15.367118,927,1079.0,0.1589506001489994,0.060291600148999404,0.1589506001489994,0.7509046001489994,,,,
15.368197,927,1079.0,0.1589506001489994,0.1589506001489994,0.2576096001489994,0.9482226001489994,,,,
15.369276,927,1079.0,0.1589506001489994,0.1589506001489994,0.3562686001489994,1.0468816001489993,,,,
15.370355,927,1079.0,0.2576096001489994,0.2576096001489994,0.3562686001489994,1.1455406001489994,,,,
15.371434,927,1079.0,0.2576096001489994,0.2576096001489994,0.4549276001489994,1.2441996001489994,,,,
15.372513,927,1079.0,0.2576096001489994,0.3562686001489994,0.5535866001489994,1.3428586001489993,,,,
15.373592,927,1079.0,0.2576096001489994,0.3562686001489994,0.5535866001489994,1.4415176001489993,,,,
15.374671,927,1079.0,0.3562686001489994,0.3562686001489994,0.6522456001489993,1.6388356001489994,,,,
15.37575,927,1079.0,0.4549276001489994,0.4549276001489994,0.7509046001489994,1.8361536001489993,,,,
15.376829,927,1079.0,0.3562686001489994,0.4549276001489994,0.7509046001489994,1.7374946001489993,,,,
15.377908,927,1079.0,0.3562686001489994,0.3562686001489994,0.6522456001489993,1.7374946001489993,,,,
15.378987,927,1079.0,0.3562686001489994,0.4549276001489994,0.6522456001489993,1.6388356001489994,,,,
15.380066,927,1079.0,0.3562686001489994,0.3562686001489994,0.6522456001489993,1.5401766001489994,,,,
15.381145,927,1079.0,0.2576096001489994,0.3562686001489994,0.5535866001489994,1.5401766001489994,,,,
15.382224,927,1079.0,0.2576096001489994,0.3562686001489994,0.5535866001489994,1.4415176001489993,,,,
15.383303,927,1079.0,0.2576096001489994,0.2576096001489994,0.5535866001489994,1.4415176001489993,,,,
15.384382,927,1079.0,0.2576096001489994,0.2576096001489994,0.5535866001489994,1.3428586001489993,,,,
15.385461,927,1079.0,0.1589506001489994,0.2576096001489994,0.4549276001489994,1.3428586001489993,,,,
15.38654,927,1079.0,0.1589506001489994,0.2576096001489994,0.4549276001489994,1.3428586001489993,,,,
15.387619,927,1079.0,0.1589506001489994,0.2576096001489994,0.6522456001489993,1.4415176001489993,,,,
15.388698,927,1079.0,0.2576096001489994,0.2576096001489994,0.6522456001489993,1.6388356001489994,,,,
15.389777,927,1079.0,0.2576096001489994,0.3562686001489994,0.7509046001489994,1.7374946001489993,,,,
15.390856,927,1079.0,0.2576096001489994,0.4549276001489994,0.7509046001489994,1.8361536001489993,,,,
15.391935,927,1079.0,0.3562686001489994,0.5535866001489994,0.8495636001489993,1.9348126001489994,,,,
15.393014,927,1079.0,0.3562686001489994,0.4549276001489994,0.8495636001489993,2.0334716001489994,,,,
15.394093,927,1079.0,0.3562686001489994,0.5535866001489994,0.9482226001489994,2.1321306001489995,,,,
15.395172,927,1079.0,0.3562686001489994,0.6522456001489993,1.0468816001489993,2.329448600148999,,,,
15.396251,927,1079.0,0.4549276001489994,0.6522456001489993,1.0468816001489993,2.329448600148999,,,,
15.39733,927,1079.0,0.3562686001489994,0.5535866001489994,0.9482226001489994,2.2307896001489995,,,,
15.398409,927,1079.0,0.4549276001489994,0.5535866001489994,0.9482226001489994,2.1321306001489995,,,,
15.399488,927,1079.0,0.3562686001489994,0.4549276001489994,0.9482226001489994,2.0334716001489994,,,,
15.400567,927,1079.0,0.2576096001489994,0.4549276001489994,0.9482226001489994,1.9348126001489994,,,,
15.401646,927,1079.0,0.2576096001489994,0.4549276001489994,0.8495636001489993,1.8361536001489993,,,,
15.402725,927,1079.0,0.2576096001489994,0.4549276001489994,0.8495636001489993,1.7374946001489993,,,,
15.403804,927,1079.0,0.1589506001489994,0.3562686001489994,0.7509046001489994,1.7374946001489993,,,,
15.404883,927,1079.0,0.1589506001489994,0.3562686001489994,0.7509046001489994,1.6388356001489994,,,,
15.405962,927,1079.0,0.1589506001489994,0.3562686001489994,0.7509046001489994,1.6388356001489994,,,,
15.407041,927,1079.0,0.1589506001489994,0.3562686001489994,0.7509046001489994,1.7374946001489993,,,,
15.40812,927,1079.0,0.2576096001489994,0.3562686001489994,0.8495636001489993,1.8361536001489993,,,,
15.409199,927,1079.0,0.2576096001489994,0.4549276001489994,0.8495636001489993,1.9348126001489994,,,,
15.410278,927,1079.0,0.2576096001489994,0.4549276001489994,0.9482226001489994,2.0334716001489994,,,,
15.411357,927,1079.0,0.3562686001489994,0.4549276001489994,0.9482226001489994,2.1321306001489995,,,,
15.412436,927,1079.0,0.3562686001489994,0.5535866001489994,1.0468816001489993,2.1321306001489995,,,,
15.413515,927,1079.0,0.3562686001489994,0.5535866001489994,1.0468816001489993,2.2307896001489995,,,,
15.414594,927,1079.0,0.4549276001489994,0.6522456001489993,1.0468816001489993,2.329448600148999,,,,
15.415673,927,1079.0,0.4549276001489994,0.6522456001489993,1.0468816001489993,2.428107600148999,,,,
15.416752,927,1079.0,0.4549276001489994,0.6522456001489993,1.0468816001489993,2.329448600148999,,,,
15.417831,927,1079.0,0.3562686001489994,0.5535866001489994,1.0468816001489993,2.2307896001489995,,,,
15.41891,927,1079.0,0.3562686001489994,0.4549276001489994,0.9482226001489994,2.0334716001489994,,,,
15.419989,927,1079.0,0.3562686001489994,0.4549276001489994,0.8495636001489993,1.9348126001489994,,,,
15.421068,927,1079.0,0.2576096001489994,0.4549276001489994,0.8495636001489993,1.8361536001489993,,,,
15.422147,927,1079.0,0.2576096001489994,0.4549276001489994,0.8495636001489993,1.7374946001489993,,,,
15.423226,927,1079.0,0.2576096001489994,0.3562686001489994,0.7509046001489994,1.6388356001489994,,,,
15.424305,927,1079.0,0.2576096001489994,0.3562686001489994,0.6522456001489993,1.5401766001489994,,,,
15.425384,927,1079.0,0.1589506001489994,0.2576096001489994,0.6522456001489993,1.5401766001489994,,,,
15.426463,927,1079.0,0.1589506001489994,0.3562686001489994,0.6522456001489993,1.5401766001489994,,,,
15.427542,927,1079.0,0.2576096001489994,0.3562686001489994,0.7509046001489994,1.6388356001489994,,,,
15.428621,927,1079.0,0.2576096001489994,0.3562686001489994,0.7509046001489994,1.7374946001489993,,,,
15.4297,927,1079.0,0.2576096001489994,0.3562686001489994,0.7509046001489994,1.8361536001489993,,,,
15.430779,927,1079.0,0.3562686001489994,0.3562686001489994,0.8495636001489993,1.8361536001489993,,,,
15.431858,927,1079.0,0.2576096001489994,0.4549276001489994,0.8495636001489993,1.8361536001489993,,,,
15.432937,927,1079.0,0.2576096001489994,0.4549276001489994,0.8495636001489993,1.8361536001489993,,,,
15.434016,927,1079.0,0.3562686001489994,0.5535866001489994,0.9482226001489994,2.0334716001489994,,,,
15.435095,927,1079.0,0.4549276001489994,0.5535866001489994,0.9482226001489994,2.0334716001489994,,,,
15.436174,927,1079.0,0.3562686001489994,0.5535866001489994,0.9482226001489994,1.9348126001489994,,,,
15.437253,927,1079.0,0.3562686001489994,0.4549276001489994,0.8495636001489993,1.8361536001489993,,,,
15.438332,927,1079.0,0.2576096001489994,0.4549276001489994,0.6522456001489993,1.6388356001489994,,,,
15.439411,927,1079.0,0.2576096001489994,0.3562686001489994,0.6522456001489993,1.5401766001489994,,,,
15.44049,927,1079.0,0.2576096001489994,0.3562686001489994,0.6522456001489993,1.4415176001489993,,,,
15.441569,927,1079.0,0.2576096001489994,0.3562686001489994,0.5535866001489994,1.3428586001489993,,,,
15.442648,927,1079.0,0.1589506001489994,0.2576096001489994,0.4549276001489994,1.1455406001489994,,,,
15.443727,927,1079.0,0.1589506001489994,0.1589506001489994,0.3562686001489994,1.0468816001489993,,,,
15.444806,927,1079.0,0.1589506001489994,0.1589506001489994,0.3562686001489994,1.0468816001489993,,,,
15.445885,927,1079.0,0.1589506001489994,0.1589506001489994,0.3562686001489994,1.0468816001489993,,,,
15.446964,927,1079.0,0.1589506001489994,0.1589506001489994,0.4549276001489994,1.1455406001489994,,,,
15.448043,927,1079.0,0.1589506001489994,0.2576096001489994,0.4549276001489994,1.1455406001489994,,,,
15.449122,927,1079.0,0.2576096001489994,0.2576096001489994,0.4549276001489994,1.2441996001489994,,,,
15.450201,927,1079.0,0.2576096001489994,0.2576096001489994,0.4549276001489994,1.2441996001489994,,,,
15.45128,927,1079.0,0.2576096001489994,0.2576096001489994,0.4549276001489994,1.2441996001489994,,,,
15.452359,927,1079.0,0.2576096001489994,0.2576096001489994,0.4549276001489994,1.2441996001489994,,,,
15.453438,927,1079.0,0.2576096001489994,0.3562686001489994,0.5535866001489994,1.3428586001489993,,,,
15.454517,927,1079.0,0.3562686001489994,0.3562686001489994,0.5535866001489994,1.4415176001489993,,,,
15.455596,927,1079.0,0.3562686001489994,0.3562686001489994,0.5535866001489994,1.3428586001489993,,,,
15.456675,927,1079.0,0.3562686001489994,0.2576096001489994,0.4549276001489994,1.2441996001489994,,,,
15.457754,927,1079.0,0.2576096001489994,0.2576096001489994,0.3562686001489994,1.0468816001489993,,,,
15.458833,927,1079.0,0.2576096001489994,0.2576096001489994,0.2576096001489994,0.9482226001489994,,,,
15.459912,927,1079.0,0.2576096001489994,0.1589506001489994,0.2576096001489994,0.8495636001489993,,,,
15.460991,927,1079.0,0.1589506001489994,0.060291600148999404,0.1589506001489994,0.7509046001489994,,,,
15.46207,927,1079.0,0.1589506001489994,0.060291600148999404,0.060291600148999404,0.5535866001489994,,,,
15.463149,927,1079.0,0.060291600148999404,0.060291600148999404,0.060291600148999404,0.4549276001489994,,,,
15.464228,927,1079.0,0.060291600148999404,0.060291600148999404,-0.03836739985100059,0.3562686001489994,,,,
15.465307,927,1079.0,0.060291600148999404,-0.03836739985100059,-0.03836739985100059,0.4549276001489994,,,,
15.466386,927,1079.0,0.060291600148999404,0.060291600148999404,0.060291600148999404,0.4549276001489994,,,,
15.467465,927,1079.0,0.060291600148999404,0.060291600148999404,0.060291600148999404,0.5535866001489994,,,,
15.468544,927,1079.0,0.1589506001489994,0.060291600148999404,0.060291600148999404,0.6522456001489993,,,,
15.469623,927,1079.0,0.1589506001489994,0.060291600148999404,0.1589506001489994,0.6522456001489993,,,,
15.470702,927,1079.0,0.2576096001489994,0.1589506001489994,0.060291600148999404,0.7509046001489994,,,,
15.471781,927,1079.0,0.1589506001489994,0.1589506001489994,0.1589506001489994,0.6522456001489993,,,,
15.47286,927,1079.0,0.2576096001489994,0.1589506001489994,0.1589506001489994,0.8495636001489993,,,,
15.473939,927,1079.0,0.3562686001489994,0.1589506001489994,0.2576096001489994,0.9482226001489994,,,,
15.475018,927,1079.0,0.3562686001489994,0.1589506001489994,0.2576096001489994,0.8495636001489993,,,,
15.476097,927,1079.0,0.3562686001489994,0.1589506001489994,0.1589506001489994,0.6522456001489993,,,,
15.477176,927,1079.0,0.2576096001489994,0.1589506001489994,0.060291600148999404,0.5535866001489994,,,,
15.478255,927,1079.0,0.2576096001489994,0.060291600148999404,-0.03836739985100059,0.4549276001489994,,,,
15.479334,927,1079.0,0.1589506001489994,0.060291600148999404,-0.1370263998510006,0.3562686001489994,,,,
15.480413,927,1079.0,0.1589506001489994,-0.03836739985100059,-0.1370263998510006,0.2576096001489994,,,,
15.481492,927,1079.0,0.1589506001489994,-0.03836739985100059,-0.2356853998510006,0.1589506001489994,,,,
15.482571,927,1079.0,0.060291600148999404,-0.03836739985100059,-0.2356853998510006,0.060291600148999404,,,,
15.48365,927,1079.0,0.060291600148999404,-0.1370263998510006,-0.33434439985100056,-0.03836739985100059,,,,
15.484729,927,1079.0,0.060291600148999404,-0.1370263998510006,-0.33434439985100056,-0.03836739985100059,,,,
15.485808,927,1079.0,0.060291600148999404,-0.03836739985100059,-0.2356853998510006,0.1589506001489994,,,,
15.486887,927,1079.0,0.1589506001489994,-0.1370263998510006,-0.1370263998510006,0.1589506001489994,,,,
15.487966,927,1079.0,0.1589506001489994,-0.03836739985100059,-0.1370263998510006,0.3562686001489994,,,,
15.489045,927,1079.0,0.1589506001489994,-0.03836739985100059,-0.1370263998510006,0.3562686001489994,,,,
15.490124,927,1079.0,0.1589506001489994,0.060291600148999404,-0.03836739985100059,0.3562686001489994,,,,
15.491203,927,1079.0,0.2576096001489994,0.060291600148999404,-0.03836739985100059,0.3562686001489994,,,,
15.492282,927,1079.0,0.2576096001489994,0.1589506001489994,-0.03836739985100059,0.5535866001489994,,,,
15.493361,927,1079.0,0.2576096001489994,0.1589506001489994,0.060291600148999404,0.6522456001489993,,,,
15.49444,927,1079.0,0.3562686001489994,0.1589506001489994,0.060291600148999404,0.7509046001489994,,,,
15.495519,927,1079.0,0.2576096001489994,0.060291600148999404,0.060291600148999404,0.6522456001489993,,,,
15.496598,927,1079.0,0.2576096001489994,0.060291600148999404,-0.03836739985100059,0.4549276001489994,,,,
15.497677,927,1079.0,0.2576096001489994,-0.03836739985100059,-0.1370263998510006,0.3562686001489994,,,,
15.498756,927,1079.0,0.1589506001489994,-0.03836739985100059,-0.1370263998510006,0.2576096001489994,,,,
15.499835,927,1079.0,0.1589506001489994,-0.03836739985100059,-0.1370263998510006,0.1589506001489994,,,,
15.500914,927,1079.0,0.060291600148999404,-0.03836739985100059,-0.2356853998510006,0.1589506001489994,,,,
15.501993,927,1079.0,0.060291600148999404,-0.1370263998510006,-0.2356853998510006,0.060291600148999404,,,,
15.503072,927,1079.0,0.060291600148999404,-0.1370263998510006,-0.33434439985100056,-0.03836739985100059,,,,
15.504151,927,1079.0,0.060291600148999404,-0.1370263998510006,-0.2356853998510006,-0.03836739985100059,,,,
15.50523,927,1079.0,0.060291600148999404,-0.1370263998510006,-0.2356853998510006,0.060291600148999404,,,,
15.506309,927,1079.0,0.1589506001489994,-0.03836739985100059,-0.1370263998510006,0.1589506001489994,,,,
15.507388,927,1079.0,0.1589506001489994,-0.03836739985100059,-0.1370263998510006,0.3562686001489994,,,,
15.508467,927,1079.0,0.1589506001489994,-0.03836739985100059,-0.03836739985100059,0.3562686001489994,,,,
15.509546,927,1079.0,0.1589506001489994,0.060291600148999404,0.060291600148999404,0.4549276001489994,,,,
15.510625,927,1079.0,0.2576096001489994,0.060291600148999404,0.060291600148999404,0.5535866001489994,,,,
15.511704,927,1079.0,0.2576096001489994,0.060291600148999404,0.1589506001489994,0.6522456001489993,,,,
15.512783,927,1079.0,0.3562686001489994,0.1589506001489994,0.2576096001489994,0.8495636001489993,,,,
15.513862,927,1079.0,0.2576096001489994,0.2576096001489994,0.2576096001489994,0.8495636001489993,,,,
15.514941,927,1079.0,0.3562686001489994,0.1589506001489994,0.1589506001489994,0.7509046001489994,,,,
15.51602,927,1079.0,0.2576096001489994,0.1589506001489994,0.1589506001489994,0.6522456001489993,,,,
15.517099,927,1079.0,0.2576096001489994,0.1589506001489994,0.060291600148999404,0.6522456001489993,,,,
15.518178,927,1079.0,0.1589506001489994,0.060291600148999404,0.060291600148999404,0.5535866001489994,,,,
15.519257,927,1079.0,0.1589506001489994,0.060291600148999404,0.060291600148999404,0.4549276001489994,,,,
15.520336,927,1079.0,0.1589506001489994,0.060291600148999404,-0.03836739985100059,0.4549276001489994,,,,
15.521415,927,1079.0,0.060291600148999404,0.060291600148999404,-0.03836739985100059,0.3562686001489994,,,,
15.522494,927,1079.0,0.060291600148999404,-0.03836739985100059,-0.03836739985100059,0.3562686001489994,,,,
15.523573,927,1079.0,0.1589506001489994,-0.03836739985100059,-0.1370263998510006,0.3562686001489994,,,,
15.524652,927,1079.0,0.1589506001489994,-0.03836739985100059,-0.03836739985100059,0.4549276001489994,,,,
15.525731,927,1079.0,0.1589506001489994,0.060291600148999404,0.060291600148999404,0.5535866001489994,,,,
15.52681,927,1079.0,0.1589506001489994,0.060291600148999404,0.060291600148999404,0.7509046001489994,,,,
15.527889,927,1079.0,0.1589506001489994,0.1589506001489994,0.2576096001489994,0.8495636001489993,,,,
15.528968,927,1079.0,0.2576096001489994,0.1589506001489994,0.2576096001489994,0.9482226001489994,,,,
15.530047,927,1079.0,0.2576096001489994,0.1589506001489994,0.2576096001489994,1.0468816001489993,,,,
15.531126,927,1079.0,0.2576096001489994,0.2576096001489994,0.3562686001489994,1.1455406001489994,,,,
15.532205,927,1079.0,0.3562686001489994,0.2576096001489994,0.4549276001489994,1.3428586001489993,,,,
15.533284,927,1079.0,0.3562686001489994,0.3562686001489994,0.5535866001489994,1.4415176001489993,,,,
15.534363,927,1079.0,0.3562686001489994,0.3562686001489994,0.5535866001489994,1.3428586001489993,,,,
15.535442,927,1079.0,0.2576096001489994,0.3562686001489994,0.4549276001489994,1.3428586001489993,,,,
15.536521,927,1079.0,0.2576096001489994,0.2576096001489994,0.4549276001489994,1.2441996001489994,,,,
15.5376,927,1079.0,0.2576096001489994,0.2576096001489994,0.3562686001489994,1.1455406001489994,,,,
15.538679,927,1079.0,0.2576096001489994,0.2576096001489994,0.3562686001489994,1.0468816001489993,,,,
15.539758,927,1079.0,0.1589506001489994,0.2576096001489994,0.3562686001489994,1.0468816001489993,,,,
15.540837,927,1079.0,0.1589506001489994,0.2576096001489994,0.2576096001489994,0.9482226001489994,,,,
15.541916,927,1079.0,0.1589506001489994,0.1589506001489994,0.2576096001489994,0.9482226001489994,,,,
15.542995,927,1079.0,0.060291600148999404,0.1589506001489994,0.2576096001489994,0.9482226001489994,,,,
15.544074,927,1079.0,0.1589506001489994,0.1589506001489994,0.3562686001489994,1.0468816001489993,,,,
15.545153,927,1079.0,0.1589506001489994,0.1589506001489994,0.4549276001489994,1.2441996001489994,,,,
15.546232,927,1079.0,0.1589506001489994,0.2576096001489994,0.4549276001489994,1.3428586001489993,,,,
15.547311,927,1079.0,0.2576096001489994,0.2576096001489994,0.5535866001489994,1.4415176001489993,,,,
15.54839,927,1079.0,0.2576096001489994,0.3562686001489994,0.6522456001489993,1.5401766001489994,,,,
15.549469,927,1079.0,0.2576096001489994,0.3562686001489994,0.7509046001489994,1.6388356001489994,,,,
15.550548,927,1079.0,0.2576096001489994,0.4549276001489994,0.7509046001489994,1.6388356001489994,,,,
15.551627,927,1079.0,0.3562686001489994,0.4549276001489994,0.8495636001489993,1.9348126001489994,,,,
15.552706,927,1079.0,0.3562686001489994,0.5535866001489994,0.9482226001489994,2.0334716001489994,,,,
15.553785,927,1079.0,0.4549276001489994,0.5535866001489994,0.9482226001489994,1.9348126001489994,,,,
15.554864,927,1079.0,0.3562686001489994,0.5535866001489994,0.8495636001489993,1.8361536001489993,,,,
15.555943,927,1079.0,0.3562686001489994,0.4549276001489994,0.7509046001489994,1.7374946001489993,,,,
15.557022,927,1079.0,0.2576096001489994,0.3562686001489994,0.7509046001489994,1.7374946001489993,,,,
15.558101,927,1079.0,0.2576096001489994,0.3562686001489994,0.7509046001489994,1.7374946001489993,,,,
15.55918,927,1079.0,0.2576096001489994,0.3562686001489994,0.7509046001489994,1.6388356001489994,,,,
15.560259,927,1079.0,0.2576096001489994,0.3562686001489994,0.6522456001489993,1.5401766001489994,,,,
15.561338,927,1079.0,0.1589506001489994,0.3562686001489994,0.5535866001489994,1.4415176001489993,,,,
15.562417,927,1079.0,0.1589506001489994,0.2576096001489994,0.5535866001489994,1.4415176001489993,,,,
15.563496,927,1079.0,0.1589506001489994,0.2576096001489994,0.6522456001489993,1.5401766001489994,,,,
15.564575,927,1079.0,0.1589506001489994,0.2576096001489994,0.6522456001489993,1.6388356001489994,,,,
15.565654,927,1079.0,0.2576096001489994,0.3562686001489994,0.7509046001489994,1.7374946001489993,,,,
15.566733,927,1079.0,0.2576096001489994,0.3562686001489994,0.8495636001489993,1.9348126001489994,,,,
15.567812,927,1079.0,0.3562686001489994,0.4549276001489994,0.9482226001489994,2.0334716001489994,,,,
15.568891,927,1079.0,0.2576096001489994,0.5535866001489994,0.9482226001489994,2.0334716001489994,,,,
15.56997,927,1079.0,0.3562686001489994,0.5535866001489994,1.0468816001489993,2.1321306001489995,,,,
15.571049,927,1079.0,0.4549276001489994,0.5535866001489994,1.0468816001489993,2.329448600148999,,,,
15.572128,927,1079.0,0.4549276001489994,0.6522456001489993,1.2441996001489994,2.428107600148999,,,,
15.573207,927,1079.0,0.4549276001489994,0.6522456001489993,1.1455406001489994,2.329448600148999,,,,
15.574286,927,1079.0,0.3562686001489994,0.6522456001489993,1.0468816001489993,2.2307896001489995,,,,
15.575365,927,1079.0,0.3562686001489994,0.5535866001489994,0.9482226001489994,2.1321306001489995,,,,
15.576444,927,1079.0,0.3562686001489994,0.4549276001489994,0.8495636001489993,2.0334716001489994,,,,
15.577523,927,1079.0,0.2576096001489994,0.4549276001489994,0.8495636001489993,2.0334716001489994,,,,
15.578602,927,1079.0,0.2576096001489994,0.4549276001489994,0.8495636001489993,1.9348126001489994,,,,
15.579681,927,1079.0,0.2576096001489994,0.4549276001489994,0.7509046001489994,1.7374946001489993,,,,
15.58076,927,1079.0,0.2576096001489994,0.3562686001489994,0.6522456001489993,1.7374946001489993,,,,
15.581839,927,1079.0,0.1589506001489994,0.2576096001489994,0.6522456001489993,1.6388356001489994,,,,
15.582918,927,1079.0,0.1589506001489994,0.3562686001489994,0.6522456001489993,1.6388356001489994,,,,
15.583997,927,1079.0,0.1589506001489994,0.3562686001489994,0.7509046001489994,1.8361536001489993,,,,
15.585076,927,1079.0,0.2576096001489994,0.3562686001489994,0.8495636001489993,1.8361536001489993,,,,
15.586155,927,1079.0,0.2576096001489994,0.4549276001489994,0.8495636001489993,1.9348126001489994,,,,
15.587234,927,1079.0,0.2576096001489994,0.4549276001489994,0.9482226001489994,2.0334716001489994,,,,
15.588313,927,1079.0,0.2576096001489994,0.5535866001489994,0.9482226001489994,2.0334716001489994,,,,
15.589392,927,1079.0,0.3562686001489994,0.4549276001489994,0.9482226001489994,2.0334716001489994,,,,
15.590471,927,1079.0,0.4549276001489994,0.5535866001489994,1.0468816001489993,2.2307896001489995,,,,
15.59155,927,1079.0,0.4549276001489994,0.6522456001489993,1.0468816001489993,2.329448600148999,,,,
15.592629,927,1079.0,0.4549276001489994,0.6522456001489993,1.0468816001489993,2.2307896001489995,,,,
15.593708,927,1079.0,0.4549276001489994,0.6522456001489993,0.9482226001489994,2.1321306001489995,,,,
15.594787,927,1079.0,0.3562686001489994,0.5535866001489994,0.9482226001489994,2.0334716001489994,,,,
15.595866,927,1079.0,0.3562686001489994,0.4549276001489994,0.8495636001489993,1.8361536001489993,,,,
15.596945,927,1079.0,0.2576096001489994,0.4549276001489994,0.8495636001489993,1.7374946001489993,,,,
15.598024,927,1079.0,0.2576096001489994,0.3562686001489994,0.6522456001489993,1.6388356001489994,,,,
15.599103,927,1079.0,0.2576096001489994,0.3562686001489994,0.6522456001489993,1.5401766001489994,,,,
15.600182,927,1079.0,0.1589506001489994,0.3562686001489994,0.5535866001489994,1.4415176001489993,,,,
15.601261,927,1079.0,0.1589506001489994,0.2576096001489994,0.5535866001489994,1.3428586001489993,,,,
15.60234,927,1079.0,0.1589506001489994,0.2576096001489994,0.5535866001489994,1.3428586001489993,,,,
15.603419,927,1079.0,0.1589506001489994,0.2576096001489994,0.5535866001489994,1.4415176001489993,,,,
15.604498,927,1079.0,0.1589506001489994,0.3562686001489994,0.6522456001489993,1.4415176001489993,,,,
15.605577,927,1079.0,0.2576096001489994,0.3562686001489994,0.6522456001489993,1.5401766001489994,,,,
15.606656,927,1079.0,0.2576096001489994,0.3562686001489994,0.6522456001489993,1.6388356001489994,,,,
15.607735,927,1079.0,0.2576096001489994,0.4549276001489994,0.6522456001489993,1.6388356001489994,,,,
15.608814,927,1079.0,0.3562686001489994,0.3562686001489994,0.6522456001489993,1.6388356001489994,,,,
15.609893,927,1079.0,0.3562686001489994,0.4549276001489994,0.7509046001489994,1.7374946001489993,,,,
15.610972,927,1079.0,0.3562686001489994,0.4549276001489994,0.7509046001489994,1.8361536001489993,,,,
15.612051,927,1079.0,0.4549276001489994,0.4549276001489994,0.7509046001489994,1.8361536001489993,,,,
15.61313,927,1079.0,0.3562686001489994,0.3562686001489994,0.7509046001489994,1.6388356001489994,,,,
15.614209,927,1079.0,0.3562686001489994,0.3562686001489994,0.6522456001489993,1.4415176001489993,,,,
15.615288,927,1079.0,0.2576096001489994,0.2576096001489994,0.5535866001489994,1.3428586001489993,,,,
15.616367,927,1079.0,0.2576096001489994,0.2576096001489994,0.4549276001489994,1.2441996001489994,,,,
15.617446,927,1079.0,0.2576096001489994,0.2576096001489994,0.3562686001489994,1.1455406001489994,,,,
15.618525,927,1079.0,0.1589506001489994,0.1589506001489994,0.3562686001489994,1.0468816001489993,,,,
15.619604,927,1079.0,0.1589506001489994,0.1589506001489994,0.2576096001489994,0.9482226001489994,,,,
15.620683,927,1079.0,0.1589506001489994,0.060291600148999404,0.1589506001489994,0.7509046001489994,,,,
15.621762,927,1079.0,0.060291600148999404,0.060291600148999404,0.1589506001489994,0.7509046001489994,,,,
15.622841,927,1079.0,0.1589506001489994,0.060291600148999404,0.1589506001489994,0.7509046001489994,,,,
15.62392,927,1079.0,0.1589506001489994,0.1589506001489994,0.2576096001489994,0.8495636001489993,,,,
15.624999,927,1079.0,0.1589506001489994,0.1589506001489994,0.2576096001489994,0.9482226001489994,,,,
15.626078,927,1079.0,0.2576096001489994,0.1589506001489994,0.2576096001489994,1.0468816001489993,,,,
15.627157,927,1079.0,0.2576096001489994,0.2576096001489994,0.3562686001489994,1.0468816001489993,,,,
15.628236,927,1079.0,0.2576096001489994,0.2576096001489994,0.2576096001489994,1.0468816001489993,,,,
15.629315,927,1079.0,0.2576096001489994,0.2576096001489994,0.3562686001489994,1.1455406001489994,,,,
15.630394,927,1079.0,0.3562686001489994,0.2576096001489994,0.4549276001489994,1.2441996001489994,,,,
15.631473,927,1079.0,0.3562686001489994,0.3562686001489994,0.4549276001489994,1.2441996001489994,,,,
15.632552,927,1079.0,0.3562686001489994,0.2576096001489994,0.3562686001489994,1.0468816001489993,,,,
15.633631,927,1079.0,0.2576096001489994,0.2576096001489994,0.2576096001489994,0.9482226001489994,,,,
15.63471,927,1079.0,0.2576096001489994,0.1589506001489994,0.2576096001489994,0.8495636001489993,,,,
15.635789,927,1079.0,0.2576096001489994,0.060291600148999404,0.1589506001489994,0.7509046001489994,,,,
15.636868,927,1079.0,0.1589506001489994,0.1589506001489994,0.060291600148999404,0.5535866001489994,,,,
15.637947,927,1079.0,0.1589506001489994,0.060291600148999404,0.060291600148999404,0.4549276001489994,,,,
15.639026,927,1079.0,0.060291600148999404,0.060291600148999404,-0.03836739985100059,0.3562686001489994,,,,
15.640105,927,1079.0,0.060291600148999404,-0.03836739985100059,-0.1370263998510006,0.1589506001489994,,,,
15.641184,927,1079.0,0.060291600148999404,-0.03836739985100059,-0.1370263998510006,0.1589506001489994,,,,
15.642263,927,1079.0,0.060291600148999404,-0.03836739985100059,-0.1370263998510006,0.2576096001489994,,,,
15.643342,927,1079.0,0.060291600148999404,-0.03836739985100059,-0.03836739985100059,0.2576096001489994,,,,
15.644421,927,1079.0,0.1589506001489994,-0.03836739985100059,-0.03836739985100059,0.3562686001489994,,,,
15.6455,927,1079.0,0.1589506001489994,0.060291600148999404,-0.03836739985100059,0.4549276001489994,,,,
15.646579,927,1079.0,0.2576096001489994,0.060291600148999404,-0.03836739985100059,0.5535866001489994,,,,
15.647658,927,1079.0,0.1589506001489994,0.060291600148999404,0.060291600148999404,0.5535866001489994,,,,
15.648737,927,1079.0,0.2576096001489994,0.060291600148999404,0.060291600148999404,0.6522456001489993,,,,
15.649816,927,1079.0,0.3562686001489994,0.1589506001489994,0.1589506001489994,0.7509046001489994,,,,
15.650895,927,1079.0,0.3562686001489994,0.1589506001489994,0.1589506001489994,0.7509046001489994,,,,
15.651974,927,1079.0,0.2576096001489994,0.1589506001489994,0.060291600148999404,0.6522456001489993,,,,
15.653053,927,1079.0,0.2576096001489994,0.060291600148999404,-0.03836739985100059,0.5535866001489994,,,,
15.654132,927,1079.0,0.2576096001489994,0.060291600148999404,-0.03836739985100059,0.4549276001489994,,,,
15.655211,927,1079.0,0.1589506001489994,-0.03836739985100059,-0.1370263998510006,0.3562686001489994,,,,
15.65629,927,1079.0,0.1589506001489994,-0.03836739985100059,-0.1370263998510006,0.2576096001489994,,,,
15.657369,927,1079.0,0.1589506001489994,-0.03836739985100059,-0.2356853998510006,0.1589506001489994,,,,
15.658448,927,1079.0,0.1589506001489994,-0.1370263998510006,-0.2356853998510006,0.060291600148999404,,,,
15.659527,927,1079.0,0.060291600148999404,-0.1370263998510006,-0.33434439985100056,-0.03836739985100059,,,,
15.660606,927,1079.0,-0.03836739985100059,-0.1370263998510006,-0.33434439985100056,-0.1370263998510006,,,,
15.661685,927,1079.0,0.060291600148999404,-0.1370263998510006,-0.2356853998510006,-0.03836739985100059,,,,
15.662764,927,1079.0,0.060291600148999404,-0.1370263998510006,-0.2356853998510006,0.060291600148999404,,,,
15.663843,927,1079.0,0.1589506001489994,-0.03836739985100059,-0.1370263998510006,0.2576096001489994,,,,
15.664922,927,1079.0,0.1589506001489994,-0.03836739985100059,-0.1370263998510006,0.2576096001489994,,,,
15.666001,927,1079.0,0.1589506001489994,-0.03836739985100059,-0.1370263998510006,0.3562686001489994,,,,
15.66708,927,1079.0,0.2576096001489994,0.060291600148999404,-0.03836739985100059,0.4549276001489994,,,,
15.668159,927,1079.0,0.2576096001489994,0.060291600148999404,-0.03836739985100059,0.4549276001489994,,,,
15.669238,927,1079.0,0.2576096001489994,0.060291600148999404,0.060291600148999404,0.5535866001489994,,,,
15.670317,927,1079.0,0.2576096001489994,0.1589506001489994,0.060291600148999404,0.6522456001489993,,,,
15.671396,927,1079.0,0.2576096001489994,0.1589506001489994,0.060291600148999404,0.6522456001489993,,,,
15.672475,927,1079.0,0.2576096001489994,0.060291600148999404,0.060291600148999404,0.5535866001489994,,,,
15.673554,927,1079.0,0.2576096001489994,0.060291600148999404,-0.03836739985100059,0.4549276001489994,,,,
15.674633,927,1079.0,0.2576096001489994,-0.03836739985100059,-0.03836739985100059,0.3562686001489994,,,,
15.675712,927,1079.0,0.1589506001489994,-0.03836739985100059,-0.03836739985100059,0.2576096001489994,,,,
15.676791,927,1079.0,0.1589506001489994,-0.03836739985100059,-0.1370263998510006,0.3562686001489994,,,,
15.67787,927,1079.0,0.1589506001489994,-0.03836739985100059,-0.1370263998510006,0.1589506001489994,,,,
15.678949,927,1079.0,0.060291600148999404,-0.1370263998510006,-0.2356853998510006,0.1589506001489994,,,,
15.680028,927,1079.0,0.060291600148999404,-0.1370263998510006,-0.2356853998510006,0.060291600148999404,,,,
15.681107,927,1079.0,0.060291600148999404,-0.1370263998510006,-0.2356853998510006,0.1589506001489994,,,,
15.682186,927,1079.0,0.060291600148999404,-0.03836739985100059,-0.1370263998510006,0.2576096001489994,,,,
15.683265,927,1079.0,0.1589506001489994,0.060291600148999404,-0.03836739985100059,0.3562686001489994,,,,
15.684344,927,1079.0,0.1589506001489994,0.060291600148999404,0.060291600148999404,0.5535866001489994,,,,
15.685423,927,1079.0,0.1589506001489994,0.060291600148999404,0.060291600148999404,0.5535866001489994,,,,
15.686502,927,1079.0,0.2576096001489994,0.060291600148999404,0.1589506001489994,0.6522456001489993,,,,
15.687581,927,1079.0,0.2576096001489994,0.1589506001489994,0.1589506001489994,0.7509046001489994,,,,
15.68866,927,1079.0,0.2576096001489994,0.1589506001489994,0.1589506001489994,0.8495636001489993,,,,
15.689739,927,1079.0,0.3562686001489994,0.2576096001489994,0.2576096001489994,1.0468816001489993,,,,
15.690818,927,1079.0,0.3562686001489994,0.2576096001489994,0.3562686001489994,1.0468816001489993,,,,
15.691897,927,1079.0,0.3562686001489994,0.2576096001489994,0.2576096001489994,0.9482226001489994,,,,
15.692976,927,1079.0,0.2576096001489994,0.1589506001489994,0.2576096001489994,0.8495636001489993,,,,
15.694055,927,1079.0,0.2576096001489994,0.1589506001489994,0.1589506001489994,0.7509046001489994,,,,
15.695134,927,1079.0,0.2576096001489994,0.1589506001489994,0.1589506001489994,0.7509046001489994,,,,
15.696213,927,1079.0,0.1589506001489994,0.1589506001489994,0.1589506001489994,0.7509046001489994,,,,
15.697292,927,1079.0,0.1589506001489994,0.060291600148999404,0.1589506001489994,0.6522456001489993,,,,
15.698371,927,1079.0,0.1589506001489994,0.060291600148999404,0.060291600148999404,0.6522456001489993,,,,
15.69945,927,1079.0,0.1589506001489994,-0.03836739985100059,0.060291600148999404,0.5535866001489994,,,,
15.700529,927,1079.0,0.060291600148999404,0.060291600148999404,0.1589506001489994,0.6522456001489993,,,,
15.701608,927,1079.0,0.1589506001489994,0.1589506001489994,0.1589506001489994,0.7509046001489994,,,,
15.702687,927,1079.0,0.1589506001489994,0.060291600148999404,0.2576096001489994,0.9482226001489994,,,,
15.703766,927,1079.0,0.1589506001489994,0.2576096001489994,0.3562686001489994,1.0468816001489993,,,,
15.704845,927,1079.0,0.2576096001489994,0.2576096001489994,0.3562686001489994,1.1455406001489994,,,,
15.705924,927,1079.0,0.2576096001489994,0.2576096001489994,0.4549276001489994,1.2441996001489994,,,,
15.707003,927,1079.0,0.2576096001489994,0.2576096001489994,0.4549276001489994,1.2441996001489994,,,,
15.708082,927,1079.0,0.3562686001489994,0.3562686001489994,0.5535866001489994,1.4415176001489993,,,,
15.709161,927,1079.0,0.3562686001489994,0.3562686001489994,0.7509046001489994,1.5401766001489994,,,,
15.71024,927,1079.0,0.3562686001489994,0.4549276001489994,0.6522456001489993,1.6388356001489994,,,,
15.711319,927,1079.0,0.3562686001489994,0.3562686001489994,0.6522456001489993,1.5401766001489994,,,,
15.712398,927,1079.0,0.3562686001489994,0.3562686001489994,0.5535866001489994,1.4415176001489993,,,,
15.713477,927,1079.0,0.2576096001489994,0.3562686001489994,0.5535866001489994,1.4415176001489993,,,,
15.714556,927,1079.0,0.2576096001489994,0.2576096001489994,0.5535866001489994,1.3428586001489993,,,,
15.715635,927,1079.0,0.2576096001489994,0.2576096001489994,0.5535866001489994,1.3428586001489993,,,,
15.716714,927,1079.0,0.2576096001489994,0.2576096001489994,0.4549276001489994,1.3428586001489993,,,,
15.717793,927,1079.0,0.1589506001489994,0.2576096001489994,0.4549276001489994,1.2441996001489994,,,,
15.718872,927,1079.0,0.1589506001489994,0.1589506001489994,0.4549276001489994,1.1455406001489994,,,,
15.719951,927,1079.0,0.1589506001489994,0.1589506001489994,0.3562686001489994,1.2441996001489994,,,,
15.72103,927,1079.0,0.1589506001489994,0.2576096001489994,0.4549276001489994,1.3428586001489993,,,,
15.722109,927,1079.0,0.2576096001489994,0.2576096001489994,0.5535866001489994,1.4415176001489993,,,,
15.723188,927,1079.0,0.2576096001489994,0.3562686001489994,0.6522456001489993,1.6388356001489994,,,,
15.724267,927,1079.0,0.3562686001489994,0.3562686001489994,0.7509046001489994,1.7374946001489993,,,,
15.725346,927,1079.0,0.3562686001489994,0.3562686001489994,0.7509046001489994,1.8361536001489993,,,,
15.726425,927,1079.0,0.2576096001489994,0.4549276001489994,0.8495636001489993,1.8361536001489993,,,,
15.727504,927,1079.0,0.3562686001489994,0.4549276001489994,0.8495636001489993,2.0334716001489994,,,,
15.728583,927,1079.0,0.4549276001489994,0.5535866001489994,0.9482226001489994,2.1321306001489995,,,,
15.729662,927,1079.0,0.4549276001489994,0.5535866001489994,1.0468816001489993,2.2307896001489995,,,,
15.730741,927,1079.0,0.4549276001489994,0.5535866001489994,0.9482226001489994,2.1321306001489995,,,,
15.73182,927,1079.0,0.3562686001489994,0.5535866001489994,0.9482226001489994,2.0334716001489994,,,,
15.732899,927,1079.0,0.3562686001489994,0.5535866001489994,0.8495636001489993,1.9348126001489994,,,,
15.733978,927,1079.0,0.3562686001489994,0.4549276001489994,0.8495636001489993,1.8361536001489993,,,,
15.735057,927,1079.0,0.2576096001489994,0.4549276001489994,0.8495636001489993,1.7374946001489993,,,,
15.736136,927,1079.0,0.2576096001489994,0.4549276001489994,0.7509046001489994,1.7374946001489993,,,,
15.737215,927,1079.0,0.2576096001489994,0.3562686001489994,0.7509046001489994,1.6388356001489994,,,,
15.738294,927,1079.0,0.1589506001489994,0.3562686001489994,0.6522456001489993,1.5401766001489994,,,,
15.739373,927,1079.0,0.1589506001489994,0.2576096001489994,0.6522456001489993,1.6388356001489994,,,,
15.740452,927,1079.0,0.1589506001489994,0.3562686001489994,0.7509046001489994,1.6388356001489994,,,,
15.741531,927,1079.0,0.2576096001489994,0.3562686001489994,0.8495636001489993,1.7374946001489993,,,,
15.74261,927,1079.0,0.2576096001489994,0.4549276001489994,0.8495636001489993,1.9348126001489994,,,,
15.743689,927,1079.0,0.2576096001489994,0.4549276001489994,0.8495636001489993,2.0334716001489994,,,,
15.744768,927,1079.0,0.2576096001489994,0.5535866001489994,0.9482226001489994,2.1321306001489995,,,,
15.745847,927,1079.0,0.2576096001489994,0.5535866001489994,0.9482226001489994,2.1321306001489995,,,,
15.746926,927,1079.0,0.3562686001489994,0.5535866001489994,1.0468816001489993,2.329448600148999,,,,
15.748005,927,1079.0,0.3562686001489994,0.6522456001489993,1.0468816001489993,2.329448600148999,,,,
15.749084,927,1079.0,0.4549276001489994,0.6522456001489993,1.1455406001489994,2.428107600148999,,,,
15.750163,927,1079.0,0.3562686001489994,0.6522456001489993,1.0468816001489993,2.329448600148999,,,,
15.751242,927,1079.0,0.3562686001489994,0.5535866001489994,1.0468816001489993,2.2307896001489995,,,,
15.752321,927,1079.0,0.3562686001489994,0.5535866001489994,0.9482226001489994,2.0334716001489994,,,,
15.7534,927,1079.0,0.3562686001489994,0.4549276001489994,0.8495636001489993,1.9348126001489994,,,,
15.754479,927,1079.0,0.2576096001489994,0.4549276001489994,0.8495636001489993,1.9348126001489994,,,,
15.755558,927,1079.0,0.2576096001489994,0.4549276001489994,0.8495636001489993,1.7374946001489993,,,,
15.756637,927,1079.0,0.1589506001489994,0.3562686001489994,0.7509046001489994,1.7374946001489993,,,,
15.757716,927,1079.0,0.2576096001489994,0.3562686001489994,0.6522456001489993,1.6388356001489994,,,,
15.758795,927,1079.0,0.1589506001489994,0.3562686001489994,0.6522456001489993,1.5401766001489994,,,,
15.759874,927,1079.0,0.1589506001489994,0.3562686001489994,0.6522456001489993,1.6388356001489994,,,,
15.760953,927,1079.0,0.2576096001489994,0.3562686001489994,0.7509046001489994,1.7374946001489993,,,,
15.762032,927,1079.0,0.2576096001489994,0.4549276001489994,0.7509046001489994,1.7374946001489993,,,,
15.763111,927,1079.0,0.2576096001489994,0.4549276001489994,0.8495636001489993,1.8361536001489993,,,,
15.76419,927,1079.0,0.3562686001489994,0.4549276001489994,0.8495636001489993,1.9348126001489994,,,,
15.765269,927,1079.0,0.3562686001489994,0.4549276001489994,0.9482226001489994,1.9348126001489994,,,,
15.766348,927,1079.0,0.3562686001489994,0.5535866001489994,0.8495636001489993,2.0334716001489994,,,,
15.767427,927,1079.0,0.3562686001489994,0.5535866001489994,0.9482226001489994,2.1321306001489995,,,,
15.768506,927,1079.0,0.4549276001489994,0.5535866001489994,1.0468816001489993,2.1321306001489995,,,,
15.769585,927,1079.0,0.4549276001489994,0.5535866001489994,0.9482226001489994,2.1321306001489995,,,,
15.770664,927,1079.0,0.3562686001489994,0.5535866001489994,0.8495636001489993,1.9348126001489994,,,,
15.771743,927,1079.0,0.3562686001489994,0.4549276001489994,0.7509046001489994,1.7374946001489993,,,,
15.772822,927,1079.0,0.2576096001489994,0.4549276001489994,0.6522456001489993,1.6388356001489994,,,,
15.773901,927,1079.0,0.2576096001489994,0.3562686001489994,0.6522456001489993,1.5401766001489994,,,,
15.77498,927,1079.0,0.2576096001489994,0.3562686001489994,0.5535866001489994,1.4415176001489993,,,,
15.776059,927,1079.0,0.1589506001489994,0.2576096001489994,0.5535866001489994,1.2441996001489994,,,,
15.777138,927,1079.0,0.1589506001489994,0.2576096001489994,0.4549276001489994,1.1455406001489994,,,,
15.778217,927,1079.0,0.1589506001489994,0.1589506001489994,0.3562686001489994,1.1455406001489994,,,,
15.779296,927,1079.0,0.1589506001489994,0.1589506001489994,0.4549276001489994,1.1455406001489994,,,,
15.780375,927,1079.0,0.1589506001489994,0.2576096001489994,0.4549276001489994,1.2441996001489994,,,,
15.781454,927,1079.0,0.1589506001489994,0.2576096001489994,0.4549276001489994,1.2441996001489994,,,,
15.782533,927,1079.0,0.2576096001489994,0.2576096001489994,0.5535866001489994,1.3428586001489993,,,,
15.783612,927,1079.0,0.2576096001489994,0.3562686001489994,0.5535866001489994,1.3428586001489993,,,,
15.784691,927,1079.0,0.2576096001489994,0.3562686001489994,0.5535866001489994,1.3428586001489993,,,,
15.78577,927,1079.0,0.2576096001489994,0.3562686001489994,0.5535866001489994,1.4415176001489993,,,,
15.786849,927,1079.0,0.3562686001489994,0.4549276001489994,0.6522456001489993,1.5401766001489994,,,,
15.787928,927,1079.0,0.4549276001489994,0.4549276001489994,0.6522456001489993,1.6388356001489994,,,,
15.789007,927,1079.0,0.3562686001489994,0.4549276001489994,0.6522456001489993,1.4415176001489993,,,,
15.790086,927,1079.0,0.3562686001489994,0.3562686001489994,0.5535866001489994,1.3428586001489993,,,,
15.791165,927,1079.0,0.2576096001489994,0.2576096001489994,0.4549276001489994,1.2441996001489994,,,,
15.792244,927,1079.0,0.2576096001489994,0.2576096001489994,0.3562686001489994,1.0468816001489993,,,,
15.793323,927,1079.0,0.2576096001489994,0.2576096001489994,0.2576096001489994,0.9482226001489994,,,,
15.794402,927,1079.0,0.2576096001489994,0.1589506001489994,0.2576096001489994,0.8495636001489993,,,,
15.795481,927,1079.0,0.1589506001489994,0.060291600148999404,0.1589506001489994,0.6522456001489993,,,,
15.79656,927,1079.0,0.1589506001489994,0.060291600148999404,0.1589506001489994,0.6522456001489993,,,,
15.797639,927,1079.0,0.060291600148999404,0.060291600148999404,0.060291600148999404,0.4549276001489994,,,,
15.798718,927,1079.0,0.060291600148999404,0.060291600148999404,0.060291600148999404,0.4549276001489994,,,,
15.799797,927,1079.0,0.060291600148999404,0.060291600148999404,0.060291600148999404,0.6522456001489993,,,,
15.800876,927,1079.0,0.1589506001489994,0.060291600148999404,0.060291600148999404,0.6522456001489993,,,,
15.801955,927,1079.0,0.1589506001489994,0.060291600148999404,0.1589506001489994,0.7509046001489994,,,,
15.803034,927,1079.0,0.2576096001489994,0.1589506001489994,0.1589506001489994,0.7509046001489994,,,,
15.804113,927,1079.0,0.2576096001489994,0.1589506001489994,0.1589506001489994,0.8495636001489993,,,,
15.805192,927,1079.0,0.2576096001489994,0.1589506001489994,0.1589506001489994,0.8495636001489993,,,,
15.806271,927,1079.0,0.2576096001489994,0.1589506001489994,0.2576096001489994,0.9482226001489994,,,,
15.80735,927,1079.0,0.2576096001489994,0.2576096001489994,0.2576096001489994,1.0468816001489993,,,,
15.808429,927,1079.0,0.2576096001489994,0.2576096001489994,0.2576096001489994,0.9482226001489994,,,,
15.809508,927,1079.0,0.2576096001489994,0.1589506001489994,0.1589506001489994,0.8495636001489993,,,,
15.810587,927,1079.0,0.2576096001489994,0.1589506001489994,0.060291600148999404,0.7509046001489994,,,,
15.811666,927,1079.0,0.1589506001489994,0.1589506001489994,-0.03836739985100059,0.5535866001489994,,,,
15.812745,927,1079.0,0.1589506001489994,0.060291600148999404,-0.03836739985100059,0.4549276001489994,,,,
15.813824,927,1079.0,0.1589506001489994,0.060291600148999404,-0.1370263998510006,0.3562686001489994,,,,
15.814903,927,1079.0,0.1589506001489994,-0.03836739985100059,-0.1370263998510006,0.2576096001489994,,,,
15.815982,927,1079.0,0.060291600148999404,-0.03836739985100059,-0.2356853998510006,0.1589506001489994,,,,
15.817061,927,1079.0,0.060291600148999404,-0.1370263998510006,-0.33434439985100056,0.060291600148999404,,,,
15.81814,927,1079.0,-0.03836739985100059,-0.1370263998510006,-0.2356853998510006,0.060291600148999404,,,,
15.819219,927,1079.0,0.060291600148999404,-0.1370263998510006,-0.2356853998510006,0.1589506001489994,,,,
15.820298,927,1079.0,0.060291600148999404,-0.1370263998510006,-0.1370263998510006,0.2576096001489994,,,,
15.821377,927,1079.0,0.1589506001489994,-0.03836739985100059,-0.1370263998510006,0.3562686001489994,,,,
15.822456,927,1079.0,0.1589506001489994,-0.03836739985100059,-0.03836739985100059,0.4549276001489994,,,,
15.823535,927,1079.0,0.1589506001489994,-0.03836739985100059,-0.03836739985100059,0.4549276001489994,,,,
15.824614,927,1079.0,0.1589506001489994,0.060291600148999404,-0.03836739985100059,0.4549276001489994,,,,
15.825693,927,1079.0,0.2576096001489994,0.060291600148999404,0.060291600148999404,0.5535866001489994,,,,
15.826772,927,1079.0,0.2576096001489994,0.1589506001489994,0.060291600148999404,0.6522456001489993,,,,
15.827851,927,1079.0,0.3562686001489994,0.1589506001489994,0.060291600148999404,0.7509046001489994,,,,
15.82893,927,1079.0,0.2576096001489994,0.060291600148999404,-0.03836739985100059,0.5535866001489994,,,,
15.830009,927,1079.0,0.2576096001489994,0.060291600148999404,-0.03836739985100059,0.4549276001489994,,,,
15.831088,927,1079.0,0.2576096001489994,0.060291600148999404,-0.03836739985100059,0.3562686001489994,,,,
15.832167,927,1079.0,0.1589506001489994,-0.03836739985100059,-0.1370263998510006,0.2576096001489994,,,,
15.833246,927,1079.0,0.1589506001489994,-0.03836739985100059,-0.1370263998510006,0.1589506001489994,,,,
15.834325,927,1079.0,0.1589506001489994,-0.1370263998510006,-0.2356853998510006,0.060291600148999404,,,,
15.835404,927,1079.0,0.060291600148999404,-0.1370263998510006,-0.2356853998510006,0.060291600148999404,,,,
15.836483,927,1079.0,0.060291600148999404,-0.1370263998510006,-0.33434439985100056,-0.1370263998510006,,,,
15.837562,927,1079.0,0.060291600148999404,-0.1370263998510006,-0.2356853998510006,-0.03836739985100059,,,,
15.838641,927,1079.0,0.060291600148999404,-0.1370263998510006,-0.33434439985100056,0.060291600148999404,,,,
15.83972,927,1079.0,0.060291600148999404,-0.1370263998510006,-0.2356853998510006,0.1589506001489994,,,,
15.840799,927,1079.0,0.1589506001489994,-0.03836739985100059,-0.1370263998510006,0.2576096001489994,,,,
15.841878,927,1079.0,0.1589506001489994,-0.03836739985100059,-0.1370263998510006,0.3562686001489994,,,,
15.842957,927,1079.0,0.1589506001489994,0.060291600148999404,-0.1370263998510006,0.3562686001489994,,,,
15.844036,927,1079.0,0.2576096001489994,0.060291600148999404,-0.03836739985100059,0.5535866001489994,,,,
15.845115,927,1079.0,0.2576096001489994,0.060291600148999404,-0.03836739985100059,0.5535866001489994,,,,
15.846194,927,1079.0,0.3562686001489994,0.060291600148999404,0.1589506001489994,0.7509046001489994,,,,
15.847273,927,1079.0,0.3562686001489994,0.1589506001489994,0.1589506001489994,0.7509046001489994,,,,
15.848352,927,1079.0,0.3562686001489994,0.1589506001489994,0.060291600148999404,0.7509046001489994,,,,
15.849431,927,1079.0,0.2576096001489994,0.1589506001489994,0.060291600148999404,0.6522456001489993,,,,
15.85051,927,1079.0,0.2576096001489994,0.060291600148999404,0.060291600148999404,0.5535866001489994,,,,
15.851589,927,1079.0,0.1589506001489994,0.060291600148999404,0.060291600148999404,0.4549276001489994,,,,
15.852668,927,1079.0,0.1589506001489994,-0.03836739985100059,-0.03836739985100059,0.4549276001489994,,,,
15.853747,927,1079.0,0.1589506001489994,-0.03836739985100059,-0.03836739985100059,0.3562686001489994,,,,
15.854826,927,1079.0,0.060291600148999404,-0.03836739985100059,-0.03836739985100059,0.2576096001489994,,,,
15.855905,927,1079.0,0.060291600148999404,-0.03836739985100059,-0.1370263998510006,0.2576096001489994,,,,
15.856984,927,1079.0,0.060291600148999404,-0.03836739985100059,-0.1370263998510006,0.2576096001489994,,,,
15.858063,927,1079.0,0.060291600148999404,-0.03836739985100059,-0.03836739985100059,0.4549276001489994,,,,
15.859142,927,1079.0,0.060291600148999404,0.060291600148999404,-0.03836739985100059,0.4549276001489994,,,,
15.860221,927,1079.0,0.1589506001489994,0.060291600148999404,0.060291600148999404,0.6522456001489993,,,,
15.8613,927,1079.0,0.1589506001489994,0.1589506001489994,0.1589506001489994,0.7509046001489994,,,,
15.862379,927,1079.0,0.2576096001489994,0.1589506001489994,0.1589506001489994,0.8495636001489993,,,,
15.863458,927,1079.0,0.2576096001489994,0.1589506001489994,0.2576096001489994,0.8495636001489993,,,,
15.864537,927,1079.0,0.2576096001489994,0.1589506001489994,0.2576096001489994,1.0468816001489993,,,,
15.865616,927,1079.0,0.2576096001489994,0.2576096001489994,0.4549276001489994,1.1455406001489994,,,,
15.866695,927,1079.0,0.4549276001489994,0.2576096001489994,0.4549276001489994,1.2441996001489994,,,,
15.867774,927,1079.0,0.3562686001489994,0.2576096001489994,0.4549276001489994,1.2441996001489994,,,,
15.868853,927,1079.0,0.2576096001489994,0.2576096001489994,0.3562686001489994,1.1455406001489994,,,,
15.869932,927,1079.0,0.2576096001489994,0.2576096001489994,0.3562686001489994,1.0468816001489993,,,,
15.871011,927,1079.0,0.2576096001489994,0.2576096001489994,0.3562686001489994,0.9482226001489994,,,,
15.87209,927,1079.0,0.2576096001489994,0.1589506001489994,0.2576096001489994,0.9482226001489994,,,,
15.873169,927,1079.0,0.1589506001489994,0.1589506001489994,0.2576096001489994,0.9482226001489994,,,,
15.874248,927,1079.0,0.1589506001489994,0.1589506001489994,0.2576096001489994,0.8495636001489993,,,,
15.875327,927,1079.0,0.1589506001489994,0.1589506001489994,0.2576096001489994,0.8495636001489993,,,,
15.876406,927,1079.0,0.060291600148999404,0.060291600148999404,0.2576096001489994,0.8495636001489993,,,,
15.877485,927,1079.0,0.060291600148999404,0.060291600148999404,0.2576096001489994,0.9482226001489994,,,,
15.878564,927,1079.0,0.1589506001489994,0.1589506001489994,0.3562686001489994,1.0468816001489993,,,,
15.879643,927,1079.0,0.1589506001489994,0.2576096001489994,0.4549276001489994,1.1455406001489994,,,,
15.880722,927,1079.0,0.2576096001489994,0.2576096001489994,0.4549276001489994,1.2441996001489994,,,,
15.881801,927,1079.0,0.2576096001489994,0.2576096001489994,0.5535866001489994,1.4415176001489993,,,,
15.88288,927,1079.0,0.2576096001489994,0.3562686001489994,0.6522456001489993,1.4415176001489993,,,,
15.883959,927,1079.0,0.2576096001489994,0.3562686001489994,0.6522456001489993,1.5401766001489994,,,,
15.885038,927,1079.0,0.3562686001489994,0.4549276001489994,0.7509046001489994,1.7374946001489993,,,,
15.886117,927,1079.0,0.3562686001489994,0.4549276001489994,0.8495636001489993,1.8361536001489993,,,,
15.887196,927,1079.0,0.4549276001489994,0.4549276001489994,0.7509046001489994,1.8361536001489993,,,,
15.888275,927,1079.0,0.3562686001489994,0.4549276001489994,0.7509046001489994,1.7374946001489993,,,,
15.889354,927,1079.0,0.3562686001489994,0.4549276001489994,0.7509046001489994,1.6388356001489994,,,,
15.890433,927,1079.0,0.2576096001489994,0.4549276001489994,0.6522456001489993,1.5401766001489994,,,,
15.891512,927,1079.0,0.2576096001489994,0.3562686001489994,0.6522456001489993,1.5401766001489994,,,,
15.892591,927,1079.0,0.2576096001489994,0.3562686001489994,0.6522456001489993,1.5401766001489994,,,,
15.89367,927,1079.0,0.2576096001489994,0.2576096001489994,0.5535866001489994,1.4415176001489993,,,,
15.894749,927,1079.0,0.2576096001489994,0.2576096001489994,0.5535866001489994,1.4415176001489993,,,,
15.895828,927,1079.0,0.1589506001489994,0.2576096001489994,0.5535866001489994,1.3428586001489993,,,,
15.896907,927,1079.0,0.1589506001489994,0.3562686001489994,0.5535866001489994,1.4415176001489993,,,,
15.897986,927,1079.0,0.1589506001489994,0.3562686001489994,0.6522456001489993,1.6388356001489994,,,,
15.899065,927,1079.0,0.2576096001489994,0.3562686001489994,0.7509046001489994,1.6388356001489994,,,,
15.900144,927,1079.0,0.2576096001489994,0.4549276001489994,0.8495636001489993,1.8361536001489993,,,,
15.901223,927,1079.0,0.2576096001489994,0.4549276001489994,0.8495636001489993,1.9348126001489994,,,,
15.902302,927,1079.0,0.3562686001489994,0.4549276001489994,0.8495636001489993,2.0334716001489994,,,,
15.903381,927,1079.0,0.3562686001489994,0.4549276001489994,0.9482226001489994,2.0334716001489994,,,,
15.90446,927,1079.0,0.3562686001489994,0.5535866001489994,1.0468816001489993,2.2307896001489995,,,,
15.905539,927,1079.0,0.4549276001489994,0.6522456001489993,1.0468816001489993,2.329448600148999,,,,
15.906618,927,1079.0,0.3562686001489994,0.6522456001489993,1.0468816001489993,2.2307896001489995,,,,
15.907697,927,1079.0,0.3562686001489994,0.5535866001489994,1.0468816001489993,2.2307896001489995,,,,
15.908776,927,1079.0,0.3562686001489994,0.5535866001489994,0.8495636001489993,2.1321306001489995,,,,
15.909855,927,1079.0,0.3562686001489994,0.5535866001489994,0.9482226001489994,2.0334716001489994,,,,
15.910934,927,1079.0,0.3562686001489994,0.4549276001489994,0.8495636001489993,2.0334716001489994,,,,
15.912013,927,1079.0,0.2576096001489994,0.4549276001489994,0.8495636001489993,1.9348126001489994,,,,
15.913092,927,1079.0,0.2576096001489994,0.4549276001489994,0.8495636001489993,1.7374946001489993,,,,
15.914171,927,1079.0,0.2576096001489994,0.3562686001489994,0.7509046001489994,1.6388356001489994,,,,
15.91525,927,1079.0,0.1589506001489994,0.3562686001489994,0.6522456001489993,1.5401766001489994,,,,
15.916329,927,1079.0,0.1589506001489994,0.3562686001489994,0.6522456001489993,1.6388356001489994,,,,
15.917408,927,1079.0,0.1589506001489994,0.3562686001489994,0.7509046001489994,1.7374946001489993,,,,
15.918487,927,1079.0,0.2576096001489994,0.4549276001489994,0.8495636001489993,1.8361536001489993,,,,
15.919566,927,1079.0,0.2576096001489994,0.4549276001489994,0.8495636001489993,1.9348126001489994,,,,
15.920645,927,1079.0,0.3562686001489994,0.4549276001489994,0.8495636001489993,2.0334716001489994,,,,
15.921724,927,1079.0,0.3562686001489994,0.5535866001489994,0.9482226001489994,2.0334716001489994,,,,
15.922803,927,1079.0,0.3562686001489994,0.4549276001489994,0.9482226001489994,2.1321306001489995,,,,
15.923882,927,1079.0,0.3562686001489994,0.5535866001489994,1.0468816001489993,2.329448600148999,,,,
15.924961,927,1079.0,0.4549276001489994,0.6522456001489993,1.1455406001489994,2.329448600148999,,,,
15.92604,927,1079.0,0.4549276001489994,0.6522456001489993,1.0468816001489993,2.329448600148999,,,,
15.927119,927,1079.0,0.3562686001489994,0.6522456001489993,1.0468816001489993,2.2307896001489995,,,,
15.928198,927,1079.0,0.4549276001489994,0.5535866001489994,0.9482226001489994,2.1321306001489995,,,,
15.929277,927,1079.0,0.3562686001489994,0.4549276001489994,0.8495636001489993,2.0334716001489994,,,,
15.930356,927,1079.0,0.3562686001489994,0.4549276001489994,0.8495636001489993,1.8361536001489993,,,,
15.931435,927,1079.0,0.2576096001489994,0.4549276001489994,0.7509046001489994,1.7374946001489993,,,,
15.932514,927,1079.0,0.2576096001489994,0.3562686001489994,0.7509046001489994,1.6388356001489994,,,,
15.933593,927,1079.0,0.1589506001489994,0.3562686001489994,0.6522456001489993,1.5401766001489994,,,,
15.934672,927,1079.0,0.1589506001489994,0.2576096001489994,0.5535866001489994,1.4415176001489993,,,,
15.935751,927,1079.0,0.1589506001489994,0.2576096001489994,0.6522456001489993,1.4415176001489993,,,,
15.93683,927,1079.0,0.1589506001489994,0.2576096001489994,0.6522456001489993,1.4415176001489993,,,,
15.937909,927,1079.0,0.1589506001489994,0.3562686001489994,0.6522456001489993,1.5401766001489994,,,,
15.938988,927,1079.0,0.1589506001489994,0.3562686001489994,0.7509046001489994,1.6388356001489994,,,,
15.940067,927,1079.0,0.2576096001489994,0.4549276001489994,0.7509046001489994,1.7374946001489993,,,,
15.941146,927,1079.0,0.2576096001489994,0.3562686001489994,0.7509046001489994,1.7374946001489993,,,,
15.942225,927,1079.0,0.3562686001489994,0.4549276001489994,0.7509046001489994,1.8361536001489993,,,,
15.943304,927,1079.0,0.3562686001489994,0.4549276001489994,0.8495636001489993,1.8361536001489993,,,,
15.944383,927,1079.0,0.4549276001489994,0.5535866001489994,0.8495636001489993,1.9348126001489994,,,,
15.945462,927,1079.0,0.4549276001489994,0.5535866001489994,0.8495636001489993,1.9348126001489994,,,,
15.946541,927,1079.0,0.3562686001489994,0.4549276001489994,0.8495636001489993,1.8361536001489993,,,,
15.94762,927,1079.0,0.3562686001489994,0.4549276001489994,0.7509046001489994,1.6388356001489994,,,,
15.948699,927,1079.0,0.3562686001489994,0.3562686001489994,0.6522456001489993,1.5401766001489994,,,,
15.949778,927,1079.0,0.2576096001489994,0.3562686001489994,0.5535866001489994,1.4415176001489993,,,,
15.950857,927,1079.0,0.2576096001489994,0.2576096001489994,0.4549276001489994,1.3428586001489993,,,,
15.951936,927,1079.0,0.2576096001489994,0.2576096001489994,0.4549276001489994,1.2441996001489994,,,,
15.953015,927,1079.0,0.1589506001489994,0.1589506001489994,0.3562686001489994,1.0468816001489993,,,,
15.954094,927,1079.0,0.1589506001489994,0.1589506001489994,0.2576096001489994,0.9482226001489994,,,,
15.955173,927,1079.0,0.060291600148999404,0.1589506001489994,0.2576096001489994,0.8495636001489993,,,,
15.956252,927,1079.0,0.1589506001489994,0.1589506001489994,0.2576096001489994,0.9482226001489994,,,,
15.957331,927,1079.0,0.2576096001489994,0.1589506001489994,0.3562686001489994,1.0468816001489993,,,,
15.95841,927,1079.0,0.1589506001489994,0.2576096001489994,0.3562686001489994,1.0468816001489993,,,,
15.959489,927,1079.0,0.1589506001489994,0.2576096001489994,0.3562686001489994,1.1455406001489994,,,,
15.960568,927,1079.0,0.2576096001489994,0.2576096001489994,0.4549276001489994,1.1455406001489994,,,,
15.961647,927,1079.0,0.2576096001489994,0.2576096001489994,0.4549276001489994,1.1455406001489994,,,,
15.962726,927,1079.0,0.2576096001489994,0.2576096001489994,0.3562686001489994,1.2441996001489994,,,,
15.963805,927,1079.0,0.3562686001489994,0.3562686001489994,0.5535866001489994,1.3428586001489993,,,,
15.964884,927,1079.0,0.3562686001489994,0.3562686001489994,0.4549276001489994,1.3428586001489993,,,,
15.965963,927,1079.0,0.3562686001489994,0.2576096001489994,0.4549276001489994,1.2441996001489994,,,,
15.967042,927,1079.0,0.2576096001489994,0.2576096001489994,0.3562686001489994,1.0468816001489993,,,,
15.968121,927,1079.0,0.2576096001489994,0.1589506001489994,0.2576096001489994,0.9482226001489994,,,,
15.9692,927,1079.0,0.1589506001489994,0.1589506001489994,0.3562686001489994,0.8495636001489993,,,,
15.970279,927,1079.0,0.1589506001489994,0.060291600148999404,0.1589506001489994,0.7509046001489994,,,,
15.971358,927,1079.0,0.1589506001489994,0.060291600148999404,0.060291600148999404,0.6522456001489993,,,,
15.972437,927,1079.0,0.060291600148999404,0.060291600148999404,-0.03836739985100059,0.4549276001489994,,,,
15.973516,927,1079.0,0.060291600148999404,-0.03836739985100059,-0.1370263998510006,0.3562686001489994,,,,
15.974595,927,1079.0,0.060291600148999404,-0.03836739985100059,-0.1370263998510006,0.3562686001489994,,,,
15.975674,927,1079.0,0.060291600148999404,-0.03836739985100059,-0.1370263998510006,0.3562686001489994,,,,
15.976753,927,1079.0,0.060291600148999404,-0.03836739985100059,-0.03836739985100059,0.4549276001489994,,,,
15.977832,927,1079.0,0.1589506001489994,0.060291600148999404,0.060291600148999404,0.5535866001489994,,,,
15.978911,927,1079.0,0.1589506001489994,0.060291600148999404,0.060291600148999404,0.5535866001489994,,,,
15.97999,927,1079.0,0.1589506001489994,0.060291600148999404,0.060291600148999404,0.5535866001489994,,,,
15.981069,927,1079.0,0.2576096001489994,0.060291600148999404,0.060291600148999404,0.6522456001489993,,,,
15.982148,927,1079.0,0.2576096001489994,0.060291600148999404,0.060291600148999404,0.6522456001489993,,,,
15.983227,927,1079.0,0.2576096001489994,0.1589506001489994,0.1589506001489994,0.7509046001489994,,,,
15.984306,927,1079.0,0.3562686001489994,0.1589506001489994,0.1589506001489994,0.8495636001489993,,,,
15.985385,927,1079.0,0.2576096001489994,0.1589506001489994,0.1589506001489994,0.7509046001489994,,,,
15.986464,927,1079.0,0.2576096001489994,0.1589506001489994,0.060291600148999404,0.6522456001489993,,,,
15.987543,927,1079.0,0.2576096001489994,0.060291600148999404,-0.03836739985100059,0.4549276001489994,,,,
15.988622,927,1079.0,0.1589506001489994,0.060291600148999404,-0.03836739985100059,0.3562686001489994,,,,
15.989701,927,1079.0,0.1589506001489994,-0.03836739985100059,-0.1370263998510006,0.2576096001489994,,,,
15.99078,927,1079.0,0.1589506001489994,-0.03836739985100059,-0.1370263998510006,0.2576096001489994,,,,
15.991859,927,1079.0,0.060291600148999404,-0.03836739985100059,-0.2356853998510006,0.060291600148999404,,,,
15.992938,927,1079.0,0.060291600148999404,-0.03836739985100059,-0.2356853998510006,-0.03836739985100059,,,,
15.994017,927,1079.0,0.060291600148999404,-0.1370263998510006,-0.2356853998510006,-0.03836739985100059,,,,
15.995096,927,1079.0,0.060291600148999404,-0.1370263998510006,-0.2356853998510006,-0.03836739985100059,,,,
15.996175,927,1079.0,0.060291600148999404,-0.1370263998510006,-0.2356853998510006,0.060291600148999404,,,,
15.997254,927,1079.0,0.060291600148999404,-0.03836739985100059,-0.2356853998510006,0.1589506001489994,,,,
15.998333,927,1079.0,0.1589506001489994,-0.03836739985100059,-0.1370263998510006,0.2576096001489994,,,,
15.999412,927,1079.0,0.1589506001489994,-0.03836739985100059,-0.1370263998510006,0.2576096001489994,,,,
16.000491,927,1079.0,0.1589506001489994,0.060291600148999404,-0.03836739985100059,0.4549276001489994,,,,
16.00157,927,1079.0,0.1589506001489994,0.060291600148999404,-0.03836739985100059,0.4549276001489994,,,,
16.002649,927,1079.0,0.2576096001489994,0.060291600148999404,0.060291600148999404,0.6522456001489993,,,,
16.003728,927,1079.0,0.2576096001489994,0.1589506001489994,0.060291600148999404,0.6522456001489993,,,,
16.004807,927,1079.0,0.2576096001489994,0.1589506001489994,-0.03836739985100059,0.6522456001489993,,,,
16.005886,927,1079.0,0.2576096001489994,0.060291600148999404,-0.03836739985100059,0.5535866001489994,,,,
16.006965,927,1079.0,0.2576096001489994,0.060291600148999404,-0.1370263998510006,0.3562686001489994,,,,
16.008044,927,1079.0,0.1589506001489994,-0.03836739985100059,-0.1370263998510006,0.3562686001489994,,,,
16.009123,927,1079.0,0.1589506001489994,-0.03836739985100059,-0.1370263998510006,0.2576096001489994,,,,
16.010202,927,1079.0,0.1589506001489994,-0.03836739985100059,-0.2356853998510006,0.2576096001489994,,,,
16.011281,927,1079.0,0.060291600148999404,-0.1370263998510006,-0.2356853998510006,0.1589506001489994,,,,
16.01236,927,1079.0,0.060291600148999404,-0.1370263998510006,-0.2356853998510006,0.060291600148999404,,,,
16.013439,927,1079.0,0.060291600148999404,-0.1370263998510006,-0.2356853998510006,-0.03836739985100059,,,,
16.014518,927,1079.0,0.060291600148999404,-0.1370263998510006,-0.2356853998510006,0.060291600148999404,,,,
16.015597,927,1079.0,0.060291600148999404,-0.1370263998510006,-0.2356853998510006,0.1589506001489994,,,,
16.016676,927,1079.0,0.060291600148999404,-0.03836739985100059,-0.1370263998510006,0.3562686001489994,,,,
16.017755,927,1079.0,0.1589506001489994,-0.03836739985100059,-0.03836739985100059,0.4549276001489994,,,,
16.018834,927,1079.0,0.1589506001489994,0.060291600148999404,-0.03836739985100059,0.4549276001489994,,,,
16.019913,927,1079.0,0.1589506001489994,0.060291600148999404,0.060291600148999404,0.6522456001489993,,,,
16.020992,927,1079.0,0.1589506001489994,0.060291600148999404,0.060291600148999404,0.6522456001489993,,,,
16.022071,927,1079.0,0.2576096001489994,0.1589506001489994,0.1589506001489994,0.7509046001489994,,,,
16.02315,927,1079.0,0.2576096001489994,0.1589506001489994,0.2576096001489994,0.9482226001489994,,,,
16.024229,927,1079.0,0.2576096001489994,0.2576096001489994,0.2576096001489994,0.8495636001489993,,,,
16.025308,927,1079.0,0.2576096001489994,0.1589506001489994,0.1589506001489994,0.8495636001489993,,,,
16.026387,927,1079.0,0.2576096001489994,0.1589506001489994,0.1589506001489994,0.7509046001489994,,,,
16.027466,927,1079.0,0.2576096001489994,0.1589506001489994,0.060291600148999404,0.6522456001489993,,,,
16.028545,927,1079.0,0.2576096001489994,0.060291600148999404,0.060291600148999404,0.6522456001489993,,,,
16.029624,927,1079.0,0.1589506001489994,0.060291600148999404,0.060291600148999404,0.5535866001489994,,,,
16.030703,927,1079.0,0.1589506001489994,0.060291600148999404,0.060291600148999404,0.5535866001489994,,,,
16.031782,927,1079.0,0.060291600148999404,0.060291600148999404,-0.03836739985100059,0.4549276001489994,,,,
16.032861,927,1079.0,0.060291600148999404,-0.03836739985100059,-0.03836739985100059,0.3562686001489994,,,,
16.03394,927,1079.0,0.060291600148999404,0.060291600148999404,-0.03836739985100059,0.4549276001489994,,,,
16.035019,927,1079.0,0.060291600148999404,0.060291600148999404,0.060291600148999404,0.6522456001489993,,,,
16.036098,927,1079.0,0.060291600148999404,0.1589506001489994,0.1589506001489994,0.7509046001489994,,,,
16.037177,927,1079.0,0.1589506001489994,0.1589506001489994,0.2576096001489994,0.8495636001489993,,,,
16.038256,927,1079.0,0.1589506001489994,0.1589506001489994,0.2576096001489994,1.0468816001489993,,,,
16.039335,927,1079.0,0.2576096001489994,0.2576096001489994,0.3562686001489994,1.1455406001489994,,,,
16.040414,927,1079.0,0.2576096001489994,0.2576096001489994,0.3562686001489994,1.1455406001489994,,,,
16.041493,927,1079.0,0.2576096001489994,0.2576096001489994,0.4549276001489994,1.3428586001489993,,,,
16.042572,927,1079.0,0.3562686001489994,0.4549276001489994,0.5535866001489994,1.4415176001489993,,,,
16.043651,927,1079.0,0.3562686001489994,0.3562686001489994,0.5535866001489994,1.5401766001489994,,,,
16.04473,927,1079.0,0.2576096001489994,0.3562686001489994,0.5535866001489994,1.4415176001489993,,,,
16.045809,927,1079.0,0.2576096001489994,0.3562686001489994,0.4549276001489994,1.3428586001489993,,,,
16.046888,927,1079.0,0.2576096001489994,0.2576096001489994,0.4549276001489994,1.3428586001489993,,,,
16.047967,927,1079.0,0.2576096001489994,0.2576096001489994,0.4549276001489994,1.2441996001489994,,,,
16.049046,927,1079.0,0.2576096001489994,0.2576096001489994,0.4549276001489994,1.2441996001489994,,,,
16.050125,927,1079.0,0.1589506001489994,0.2576096001489994,0.3562686001489994,1.1455406001489994,,,,
16.051204,927,1079.0,0.1589506001489994,0.1589506001489994,0.3562686001489994,1.0468816001489993,,,,
16.052283,927,1079.0,0.1589506001489994,0.1589506001489994,0.3562686001489994,0.9482226001489994,,,,
16.053362,927,1079.0,0.060291600148999404,0.1589506001489994,0.3562686001489994,1.0468816001489993,,,,
16.054441,927,1079.0,0.1589506001489994,0.1589506001489994,0.4549276001489994,1.2441996001489994,,,,
16.05552,927,1079.0,0.1589506001489994,0.2576096001489994,0.4549276001489994,1.2441996001489994,,,,
16.056599,927,1079.0,0.1589506001489994,0.3562686001489994,0.6522456001489993,1.4415176001489993,,,,
16.057678,927,1079.0,0.2576096001489994,0.3562686001489994,0.6522456001489993,1.5401766001489994,,,,
16.058757,927,1079.0,0.2576096001489994,0.3562686001489994,0.7509046001489994,1.6388356001489994,,,,
16.059836,927,1079.0,0.2576096001489994,0.3562686001489994,0.7509046001489994,1.7374946001489993,,,,
16.060915,927,1079.0,0.3562686001489994,0.4549276001489994,0.8495636001489993,1.8361536001489993,,,,
16.061994,927,1079.0,0.3562686001489994,0.5535866001489994,0.9482226001489994,2.0334716001489994,,,,
16.063073,927,1079.0,0.4549276001489994,0.5535866001489994,0.9482226001489994,2.0334716001489994,,,,
16.064152,927,1079.0,0.4549276001489994,0.5535866001489994,0.8495636001489993,2.0334716001489994,,,,
16.065231,927,1079.0,0.3562686001489994,0.4549276001489994,0.8495636001489993,1.9348126001489994,,,,
16.06631,927,1079.0,0.2576096001489994,0.4549276001489994,0.8495636001489993,1.8361536001489993,,,,
16.067389,927,1079.0,0.2576096001489994,0.3562686001489994,0.7509046001489994,1.7374946001489993,,,,
16.068468,927,1079.0,0.2576096001489994,0.4549276001489994,0.7509046001489994,1.7374946001489993,,,,
16.069547,927,1079.0,0.2576096001489994,0.3562686001489994,0.7509046001489994,1.6388356001489994,,,,
16.070626,927,1079.0,0.1589506001489994,0.3562686001489994,0.6522456001489993,1.5401766001489994,,,,
16.071705,927,1079.0,0.1589506001489994,0.3562686001489994,0.6522456001489993,1.5401766001489994,,,,
16.072784,927,1079.0,0.1589506001489994,0.2576096001489994,0.6522456001489993,1.5401766001489994,,,,
16.073863,927,1079.0,0.1589506001489994,0.3562686001489994,0.7509046001489994,1.5401766001489994,,,,
16.074942,927,1079.0,0.1589506001489994,0.3562686001489994,0.7509046001489994,1.7374946001489993,,,,
16.076021,927,1079.0,0.2576096001489994,0.4549276001489994,0.8495636001489993,1.8361536001489993,,,,
16.0771,927,1079.0,0.2576096001489994,0.4549276001489994,0.8495636001489993,1.9348126001489994,,,,
16.078179,927,1079.0,0.3562686001489994,0.4549276001489994,0.8495636001489993,2.0334716001489994,,,,
16.079258,927,1079.0,0.3562686001489994,0.4549276001489994,0.9482226001489994,2.1321306001489995,,,,
16.080337,927,1079.0,0.3562686001489994,0.5535866001489994,1.0468816001489993,2.1321306001489995,,,,
16.081416,927,1079.0,0.3562686001489994,0.6522456001489993,1.0468816001489993,2.329448600148999,,,,
16.082495,927,1079.0,0.4549276001489994,0.6522456001489993,1.1455406001489994,2.329448600148999,,,,
16.083574,927,1079.0,0.4549276001489994,0.6522456001489993,1.0468816001489993,2.329448600148999,,,,
16.084653,927,1079.0,0.4549276001489994,0.5535866001489994,1.0468816001489993,2.2307896001489995,,,,
16.085732,927,1079.0,0.3562686001489994,0.5535866001489994,0.9482226001489994,2.0334716001489994,,,,
16.086811,927,1079.0,0.3562686001489994,0.4549276001489994,0.9482226001489994,2.0334716001489994,,,,
16.08789,927,1079.0,0.2576096001489994,0.4549276001489994,0.8495636001489993,1.9348126001489994,,,,
16.088969,927,1079.0,0.2576096001489994,0.4549276001489994,0.8495636001489993,1.8361536001489993,,,,
16.090048,927,1079.0,0.2576096001489994,0.3562686001489994,0.7509046001489994,1.7374946001489993,,,,
16.091127,927,1079.0,0.2576096001489994,0.3562686001489994,0.6522456001489993,1.6388356001489994,,,,
16.092206,927,1079.0,0.1589506001489994,0.3562686001489994,0.6522456001489993,1.6388356001489994,,,,
16.093285,927,1079.0,0.1589506001489994,0.3562686001489994,0.6522456001489993,1.6388356001489994,,,,
16.094364,927,1079.0,0.2576096001489994,0.3562686001489994,0.7509046001489994,1.7374946001489993,,,,
16.095443,927,1079.0,0.2576096001489994,0.4549276001489994,0.8495636001489993,1.8361536001489993,,,,
16.096522,927,1079.0,0.2576096001489994,0.4549276001489994,0.8495636001489993,1.8361536001489993,,,,
16.097601,927,1079.0,0.3562686001489994,0.4549276001489994,0.8495636001489993,1.9348126001489994,,,,
16.09868,927,1079.0,0.3562686001489994,0.5535866001489994,0.8495636001489993,2.0334716001489994,,,,
16.099759,927,1079.0,0.3562686001489994,0.5535866001489994,0.9482226001489994,2.0334716001489994,,,,
16.100838,927,1079.0,0.4549276001489994,0.5535866001489994,1.0468816001489993,2.2307896001489995,,,,
16.101917,927,1079.0,0.4549276001489994,0.6522456001489993,1.0468816001489993,2.2307896001489995,,,,
16.102996,927,1079.0,0.4549276001489994,0.5535866001489994,1.0468816001489993,2.1321306001489995,,,,
16.104075,927,1079.0,0.3562686001489994,0.5535866001489994,0.9482226001489994,2.0334716001489994,,,,
16.105154,927,1079.0,0.3562686001489994,0.4549276001489994,0.8495636001489993,1.9348126001489994,,,,
16.106233,927,1079.0,0.2576096001489994,0.4549276001489994,0.7509046001489994,1.7374946001489993,,,,
16.107312,927,1079.0,0.2576096001489994,0.3562686001489994,0.7509046001489994,1.6388356001489994,,,,
16.108391,927,1079.0,0.2576096001489994,0.3562686001489994,0.6522456001489993,1.5401766001489994,,,,
16.10947,927,1079.0,0.1589506001489994,0.2576096001489994,0.6522456001489993,1.4415176001489993,,,,
16.110549,927,1079.0,0.1589506001489994,0.2576096001489994,0.5535866001489994,1.3428586001489993,,,,
16.111628,927,1079.0,0.1589506001489994,0.1589506001489994,0.4549276001489994,1.2441996001489994,,,,
16.112707,927,1079.0,0.060291600148999404,0.2576096001489994,0.5535866001489994,1.2441996001489994,,,,
16.113786,927,1079.0,0.1589506001489994,0.2576096001489994,0.5535866001489994,1.3428586001489993,,,,
16.114865,927,1079.0,0.1589506001489994,0.2576096001489994,0.6522456001489993,1.4415176001489993,,,,
16.115944,927,1079.0,0.2576096001489994,0.2576096001489994,0.6522456001489993,1.5401766001489994,,,,
16.117023,927,1079.0,0.2576096001489994,0.3562686001489994,0.5535866001489994,1.5401766001489994,,,,
16.118102,927,1079.0,0.2576096001489994,0.3562686001489994,0.6522456001489993,1.5401766001489994,,,,
16.119181,927,1079.0,0.2576096001489994,0.3562686001489994,0.6522456001489993,1.5401766001489994,,,,
16.12026,927,1079.0,0.2576096001489994,0.4549276001489994,0.7509046001489994,1.6388356001489994,,,,
16.121339,927,1079.0,0.3562686001489994,0.4549276001489994,0.7509046001489994,1.7374946001489993,,,,
16.122418,927,1079.0,0.3562686001489994,0.4549276001489994,0.6522456001489993,1.6388356001489994,,,,
16.123497,927,1079.0,0.3562686001489994,0.3562686001489994,0.6522456001489993,1.5401766001489994,,,,
16.124576,927,1079.0,0.2576096001489994,0.3562686001489994,0.5535866001489994,1.3428586001489993,,,,
16.125655,927,1079.0,0.2576096001489994,0.2576096001489994,0.4549276001489994,1.2441996001489994,,,,
16.126734,927,1079.0,0.2576096001489994,0.2576096001489994,0.4549276001489994,1.1455406001489994,,,,
16.127813,927,1079.0,0.1589506001489994,0.1589506001489994,0.3562686001489994,1.0468816001489993,,,,
16.128892,927,1079.0,0.1589506001489994,0.1589506001489994,0.2576096001489994,0.9482226001489994,,,,
16.129971,927,1079.0,0.1589506001489994,0.1589506001489994,0.1589506001489994,0.7509046001489994,,,,
16.13105,927,1079.0,0.060291600148999404,0.060291600148999404,0.1589506001489994,0.6522456001489993,,,,
16.132129,927,1079.0,0.060291600148999404,0.060291600148999404,0.1589506001489994,0.6522456001489993,,,,
16.133208,927,1079.0,0.1589506001489994,0.060291600148999404,0.1589506001489994,0.7509046001489994,,,,
16.134287,927,1079.0,0.1589506001489994,0.1589506001489994,0.2576096001489994,0.8495636001489993,,,,
16.135366,927,1079.0,0.1589506001489994,0.1589506001489994,0.2576096001489994,0.8495636001489993,,,,
16.136445,927,1079.0,0.1589506001489994,0.1589506001489994,0.2576096001489994,0.9482226001489994,,,,
16.137524,927,1079.0,0.2576096001489994,0.1589506001489994,0.2576096001489994,0.9482226001489994,,,,
16.138603,927,1079.0,0.2576096001489994,0.1589506001489994,0.2576096001489994,0.9482226001489994,,,,
16.139682,927,1079.0,0.2576096001489994,0.2576096001489994,0.2576096001489994,1.0468816001489993,,,,
16.140761,927,1079.0,0.2576096001489994,0.2576096001489994,0.3562686001489994,1.2441996001489994,,,,
16.14184,927,1079.0,0.3562686001489994,0.2576096001489994,0.3562686001489994,1.1455406001489994,,,,
16.142919,927,1079.0,0.2576096001489994,0.2576096001489994,0.2576096001489994,0.9482226001489994,,,,
16.143998,927,1079.0,0.2576096001489994,0.1589506001489994,0.1589506001489994,0.7509046001489994,,,,
16.145077,927,1079.0,0.2576096001489994,0.060291600148999404,0.1589506001489994,0.6522456001489993,,,,
16.146156,927,1079.0,0.2576096001489994,0.060291600148999404,0.060291600148999404,0.5535866001489994,,,,
16.147235,927,1079.0,0.1589506001489994,0.060291600148999404,-0.03836739985100059,0.5535866001489994,,,,
16.148314,927,1079.0,0.1589506001489994,0.060291600148999404,-0.03836739985100059,0.3562686001489994,,,,
16.149393,927,1079.0,0.060291600148999404,-0.03836739985100059,-0.1370263998510006,0.2576096001489994,,,,
16.150472,927,1079.0,0.060291600148999404,-0.03836739985100059,-0.2356853998510006,0.1589506001489994,,,,
16.151551,927,1079.0,0.060291600148999404,-0.1370263998510006,-0.2356853998510006,0.1589506001489994,,,,
16.15263,927,1079.0,0.060291600148999404,-0.1370263998510006,-0.1370263998510006,0.2576096001489994,,,,
16.153709,927,1079.0,0.060291600148999404,-0.03836739985100059,-0.1370263998510006,0.2576096001489994,,,,
16.154788,927,1079.0,0.1589506001489994,-0.03836739985100059,-0.03836739985100059,0.3562686001489994,,,,
16.155867,927,1079.0,0.1589506001489994,-0.03836739985100059,-0.03836739985100059,0.4549276001489994,,,,
16.156946,927,1079.0,0.1589506001489994,0.060291600148999404,-0.03836739985100059,0.4549276001489994,,,,
16.158025,927,1079.0,0.2576096001489994,0.060291600148999404,0.060291600148999404,0.4549276001489994,,,,
16.159104,927,1079.0,0.2576096001489994,0.060291600148999404,0.060291600148999404,0.5535866001489994,,,,
16.160183,927,1079.0,0.2576096001489994,0.1589506001489994,0.1589506001489994,0.7509046001489994,,,,
16.161262,927,1079.0,0.3562686001489994,0.1589506001489994,0.1589506001489994,0.7509046001489994,,,,
16.162341,927,1079.0,0.2576096001489994,0.1589506001489994,0.060291600148999404,0.5535866001489994,,,,
16.16342,927,1079.0,0.2576096001489994,0.060291600148999404,-0.03836739985100059,0.4549276001489994,,,,
16.164499,927,1079.0,0.2576096001489994,-0.03836739985100059,-0.03836739985100059,0.3562686001489994,,,,
16.165578,927,1079.0,0.1589506001489994,-0.03836739985100059,-0.1370263998510006,0.2576096001489994,,,,
16.166657,927,1079.0,0.1589506001489994,-0.03836739985100059,-0.2356853998510006,0.2576096001489994,,,,
16.167736,927,1079.0,0.1589506001489994,-0.03836739985100059,-0.2356853998510006,0.1589506001489994,,,,
16.168815,927,1079.0,0.060291600148999404,-0.1370263998510006,-0.2356853998510006,0.060291600148999404,,,,
16.169894,927,1079.0,0.060291600148999404,-0.1370263998510006,-0.33434439985100056,-0.03836739985100059,,,,
16.170973,927,1079.0,0.060291600148999404,-0.1370263998510006,-0.33434439985100056,-0.03836739985100059,,,,
16.172052,927,1079.0,0.060291600148999404,-0.1370263998510006,-0.2356853998510006,0.060291600148999404,,,,
16.173131,927,1079.0,0.060291600148999404,-0.1370263998510006,-0.2356853998510006,0.1589506001489994,,,,
16.17421,927,1079.0,0.1589506001489994,-0.03836739985100059,-0.1370263998510006,0.2576096001489994,,,,
16.175289,927,1079.0,0.060291600148999404,-0.03836739985100059,-0.1370263998510006,0.3562686001489994,,,,
16.176368,927,1079.0,0.1589506001489994,-0.03836739985100059,-0.03836739985100059,0.4549276001489994,,,,
16.177447,927,1079.0,0.1589506001489994,0.060291600148999404,-0.03836739985100059,0.4549276001489994,,,,
16.178526,927,1079.0,0.2576096001489994,0.060291600148999404,0.060291600148999404,0.5535866001489994,,,,
16.179605,927,1079.0,0.2576096001489994,0.1589506001489994,0.1589506001489994,0.6522456001489993,,,,
16.180684,927,1079.0,0.2576096001489994,0.1589506001489994,0.1589506001489994,0.7509046001489994,,,,
16.181763,927,1079.0,0.2576096001489994,0.1589506001489994,0.1589506001489994,0.6522456001489993,,,,
16.182842,927,1079.0,0.2576096001489994,0.060291600148999404,0.060291600148999404,0.5535866001489994,,,,
16.183921,927,1079.0,0.1589506001489994,0.060291600148999404,0.060291600148999404,0.4549276001489994,,,,
